1.500000000000000031e-03
8.000000000000000383e-04
1.000000000000000021e-03
1.700000000000000122e-03
2.340000000000000066e-02
4.000000000000000192e-04
5.000000000000000104e-04
1.000000000000000021e-03
1.280000000000000061e-02
4.000000000000000192e-04
1.158000000000000002e-01
6.100000000000000387e-03
9.499999999999999764e-03
9.000000000000000838e-04
1.990000000000000102e-02
2.500000000000000052e-03
1.060000000000000005e-02
2.000000000000000096e-04
1.149999999999999981e-02
9.000000000000000838e-04
1.500000000000000031e-03
1.000000000000000048e-04
4.899999999999999842e-03
6.800000000000000488e-03
1.839999999999999969e-02
3.000000000000000279e-04
3.299999999999999982e-03
1.000000000000000048e-04
4.599999999999999922e-03
6.999999999999999929e-04
2.100000000000000304e-03
5.200000000000000629e-03
1.000000000000000021e-03
3.000000000000000279e-04
1.590000000000000094e-02
1.100000000000000066e-03
2.009999999999999981e-02
1.000000000000000048e-04
8.800000000000000530e-03
5.200000000000000629e-03
2.100000000000000130e-02
1.800000000000000168e-03
2.100000000000000130e-02
8.000000000000000383e-04
1.110000000000000049e-02
2.000000000000000096e-04
4.000000000000000083e-03
2.000000000000000096e-04
5.750000000000000250e-02
3.000000000000000062e-03
6.999999999999999929e-04
5.899999999999999863e-03
4.000000000000000192e-04
1.700000000000000122e-03
2.000000000000000042e-03
5.400000000000000286e-03
1.399999999999999986e-03
1.800000000000000168e-03
5.400000000000000286e-03
1.700000000000000122e-03
1.740000000000000227e-02
3.100000000000000325e-03
3.899999999999999994e-02
2.700000000000000143e-03
1.899999999999999996e-03
7.000000000000000146e-03
6.000000000000000559e-04
8.800000000000000530e-03
5.400000000000000286e-03
3.000000000000000279e-04
1.519999999999999997e-02
6.999999999999999929e-04
9.000000000000000838e-04
4.000000000000000192e-04
1.100000000000000110e-02
6.100000000000000387e-03
2.250000000000000264e-02
2.900000000000000234e-03
2.290000000000000022e-02
3.000000000000000279e-04
3.700000000000000164e-03
3.000000000000000279e-04
5.100000000000000366e-03
5.000000000000000104e-04
2.299999999999999961e-03
1.200000000000000112e-03
1.089999999999999997e-02
2.000000000000000042e-03
3.299999999999999982e-03
5.300000000000000024e-03
4.690000000000000419e-02
6.000000000000000559e-04
5.380000000000000060e-02
3.000000000000000279e-04
1.600000000000000033e-02
2.000000000000000042e-03
1.500000000000000031e-03
4.100000000000000346e-03
5.130000000000000532e-02
3.200000000000000153e-03
4.899999999999999842e-03
8.000000000000000383e-04
5.000000000000000104e-04
1.000000000000000048e-04
1.500000000000000031e-03
4.300000000000000003e-03
6.700000000000000226e-03
2.600000000000000314e-03
3.490000000000000047e-02
5.000000000000000104e-04
1.830000000000000029e-02
3.299999999999999982e-03
9.000000000000000838e-04
3.000000000000000279e-04
3.060000000000000220e-02
1.000000000000000021e-03
1.450000000000000074e-02
8.000000000000000383e-04
9.400000000000000369e-03
2.000000000000000096e-04
6.900000000000000751e-03
1.000000000000000021e-03
5.500000000000000548e-03
4.000000000000000192e-04
3.900000000000000255e-03
1.300000000000000157e-03
1.600000000000000077e-03
8.000000000000000383e-04
1.600000000000000077e-03
2.200000000000000133e-03
3.799999999999999906e-02
5.000000000000000104e-04
1.270000000000000122e-02
4.000000000000000192e-04
8.039999999999999925e-02
1.800000000000000168e-03
3.690000000000000224e-02
8.000000000000000383e-04
2.500000000000000052e-03
5.000000000000000104e-04
2.799999999999999972e-03
2.000000000000000096e-04
1.250000000000000069e-02
5.000000000000000104e-04
1.250000000000000069e-02
1.399999999999999986e-03
5.899999999999999863e-03
1.200000000000000112e-03
8.000000000000000383e-04
6.999999999999999929e-04
4.800000000000000447e-03
1.000000000000000048e-04
1.800000000000000168e-03
3.200000000000000153e-03
4.000000000000000192e-04
3.000000000000000279e-04
2.850000000000000103e-02
2.000000000000000096e-04
3.389999999999999958e-02
8.000000000000000383e-04
1.980000000000000163e-02
3.000000000000000279e-04
3.470000000000000168e-02
2.000000000000000096e-04
4.700000000000000011e-02
7.300000000000000065e-03
1.000000000000000048e-04
1.399999999999999986e-03
4.400000000000000265e-03
1.700000000000000122e-03
4.000000000000000192e-04
1.899999999999999996e-03
1.680000000000000243e-02
3.000000000000000279e-04
2.590000000000000288e-02
2.000000000000000096e-04
1.710000000000000062e-02
2.600000000000000314e-03
1.000000000000000021e-03
7.000000000000000146e-03
6.999999999999999929e-04
1.000000000000000048e-04
3.720000000000000390e-02
2.000000000000000096e-04
3.924000000000000266e-01
1.000000000000000048e-04
5.200000000000000629e-03
2.000000000000000096e-04
5.860000000000000625e-02
1.500000000000000031e-03
1.570000000000000215e-02
4.400000000000000265e-03
3.000000000000000279e-04
7.400000000000000328e-03
2.700000000000000143e-03
1.300000000000000157e-03
3.100000000000000325e-03
2.200000000000000133e-03
1.660000000000000017e-02
8.000000000000000383e-04
1.700000000000000122e-02
4.000000000000000192e-04
6.460000000000000464e-02
1.399999999999999986e-03
1.680000000000000243e-02
4.000000000000000192e-04
7.800000000000000509e-03
1.200000000000000112e-03
6.100000000000000387e-03
3.200000000000000153e-03
1.060000000000000005e-02
5.000000000000000104e-04
4.100000000000000346e-03
1.200000000000000112e-03
7.500000000000000590e-03
3.000000000000000279e-04
1.000000000000000021e-03
1.000000000000000048e-04
1.880000000000000074e-02
4.000000000000000192e-04
3.660000000000000059e-02
3.000000000000000279e-04
5.000000000000000104e-03
1.000000000000000021e-03
3.509999999999999926e-02
9.400000000000000369e-03
6.800000000000000488e-03
6.999999999999999929e-04
1.949999999999999997e-02
3.200000000000000153e-03
1.000000000000000021e-02
1.399999999999999986e-03
1.030000000000000013e-02
6.000000000000000559e-04
1.190000000000000085e-02
1.000000000000000021e-03
1.000000000000000021e-03
6.000000000000000559e-04
2.260000000000000203e-02
2.000000000000000096e-04
6.900000000000000751e-03
3.299999999999999982e-03
1.100000000000000066e-03
8.000000000000000167e-03
3.100000000000000325e-03
1.600000000000000077e-03
7.540000000000000868e-02
9.000000000000000838e-04
9.000000000000000838e-04
1.800000000000000168e-03
2.340000000000000066e-02
4.000000000000000192e-04
5.000000000000000104e-04
1.000000000000000021e-03
1.270000000000000122e-02
5.000000000000000104e-04
1.158000000000000002e-01
6.100000000000000387e-03
9.499999999999999764e-03
9.000000000000000838e-04
1.990000000000000102e-02
2.500000000000000052e-03
1.050000000000000065e-02
3.000000000000000279e-04
1.149999999999999981e-02
9.000000000000000838e-04
1.399999999999999986e-03
2.000000000000000096e-04
4.899999999999999842e-03
6.700000000000000226e-03
1.850000000000000255e-02
3.000000000000000279e-04
3.299999999999999982e-03
1.000000000000000048e-04
4.599999999999999922e-03
6.999999999999999929e-04
2.100000000000000304e-03
5.200000000000000629e-03
1.000000000000000021e-03
3.000000000000000279e-04
1.590000000000000094e-02
1.100000000000000066e-03
2.009999999999999981e-02
1.000000000000000048e-04
8.800000000000000530e-03
5.200000000000000629e-03
2.100000000000000130e-02
1.800000000000000168e-03
2.100000000000000130e-02
8.000000000000000383e-04
1.110000000000000049e-02
2.000000000000000096e-04
4.000000000000000083e-03
2.000000000000000096e-04
5.750000000000000250e-02
3.000000000000000062e-03
6.999999999999999929e-04
5.899999999999999863e-03
4.000000000000000192e-04
1.700000000000000122e-03
2.000000000000000042e-03
5.400000000000000286e-03
1.399999999999999986e-03
1.800000000000000168e-03
5.400000000000000286e-03
1.700000000000000122e-03
1.729999999999999941e-02
3.200000000000000153e-03
3.899999999999999994e-02
2.700000000000000143e-03
1.899999999999999996e-03
7.000000000000000146e-03
6.000000000000000559e-04
8.800000000000000530e-03
5.400000000000000286e-03
3.000000000000000279e-04
1.519999999999999997e-02
6.999999999999999929e-04
9.000000000000000838e-04
4.000000000000000192e-04
1.089999999999999997e-02
6.200000000000000649e-03
2.250000000000000264e-02
2.900000000000000234e-03
2.290000000000000022e-02
3.000000000000000279e-04
3.700000000000000164e-03
3.000000000000000279e-04
5.000000000000000104e-03
6.000000000000000559e-04
2.299999999999999961e-03
1.200000000000000112e-03
1.089999999999999997e-02
2.000000000000000042e-03
3.299999999999999982e-03
5.300000000000000024e-03
4.690000000000000419e-02
6.000000000000000559e-04
5.380000000000000060e-02
2.000000000000000096e-04
1.609999999999999973e-02
2.000000000000000042e-03
1.500000000000000031e-03
4.100000000000000346e-03
5.130000000000000532e-02
3.200000000000000153e-03
4.800000000000000447e-03
9.000000000000000838e-04
5.000000000000000104e-04
1.000000000000000048e-04
1.500000000000000031e-03
4.300000000000000003e-03
6.700000000000000226e-03
2.600000000000000314e-03
3.490000000000000047e-02
5.000000000000000104e-04
1.830000000000000029e-02
3.299999999999999982e-03
9.000000000000000838e-04
3.000000000000000279e-04
3.060000000000000220e-02
9.000000000000000838e-04
1.460000000000000013e-02
8.000000000000000383e-04
9.300000000000000974e-03
3.000000000000000279e-04
6.900000000000000751e-03
1.000000000000000021e-03
5.500000000000000548e-03
4.000000000000000192e-04
3.900000000000000255e-03
1.300000000000000157e-03
1.600000000000000077e-03
8.000000000000000383e-04
1.600000000000000077e-03
2.200000000000000133e-03
3.799999999999999906e-02
5.000000000000000104e-04
1.270000000000000122e-02
3.000000000000000279e-04
8.050000000000000211e-02
1.800000000000000168e-03
3.690000000000000224e-02
6.999999999999999929e-04
2.600000000000000314e-03
5.000000000000000104e-04
2.799999999999999972e-03
2.000000000000000096e-04
1.240000000000000130e-02
6.000000000000000559e-04
1.250000000000000069e-02
1.399999999999999986e-03
5.899999999999999863e-03
1.200000000000000112e-03
8.000000000000000383e-04
6.999999999999999929e-04
4.800000000000000447e-03
1.000000000000000048e-04
1.800000000000000168e-03
3.200000000000000153e-03
4.000000000000000192e-04
3.000000000000000279e-04
2.850000000000000103e-02
2.000000000000000096e-04
3.389999999999999958e-02
8.000000000000000383e-04
1.980000000000000163e-02
2.000000000000000096e-04
3.480000000000000454e-02
2.000000000000000096e-04
4.700000000000000011e-02
7.200000000000000670e-03
1.000000000000000048e-04
1.500000000000000031e-03
4.400000000000000265e-03
1.700000000000000122e-03
4.000000000000000192e-04
1.899999999999999996e-03
1.680000000000000243e-02
3.000000000000000279e-04
2.590000000000000288e-02
2.000000000000000096e-04
1.710000000000000062e-02
2.600000000000000314e-03
1.000000000000000021e-03
7.000000000000000146e-03
6.999999999999999929e-04
1.000000000000000048e-04
3.720000000000000390e-02
2.000000000000000096e-04
3.923000000000000376e-01
2.000000000000000096e-04
5.200000000000000629e-03
2.000000000000000096e-04
5.860000000000000625e-02
1.500000000000000031e-03
1.570000000000000215e-02
4.400000000000000265e-03
3.000000000000000279e-04
7.400000000000000328e-03
2.700000000000000143e-03
1.300000000000000157e-03
3.100000000000000325e-03
2.100000000000000304e-03
1.660000000000000017e-02
9.000000000000000838e-04
1.700000000000000122e-02
4.000000000000000192e-04
6.460000000000000464e-02
1.399999999999999986e-03
1.680000000000000243e-02
4.000000000000000192e-04
7.800000000000000509e-03
1.200000000000000112e-03
6.100000000000000387e-03
3.200000000000000153e-03
1.060000000000000005e-02
5.000000000000000104e-04
4.100000000000000346e-03
1.200000000000000112e-03
7.500000000000000590e-03
3.000000000000000279e-04
1.000000000000000021e-03
1.000000000000000048e-04
1.870000000000000134e-02
5.000000000000000104e-04
3.660000000000000059e-02
3.000000000000000279e-04
5.000000000000000104e-03
1.000000000000000021e-03
3.509999999999999926e-02
9.400000000000000369e-03
6.800000000000000488e-03
6.999999999999999929e-04
1.949999999999999997e-02
3.200000000000000153e-03
1.000000000000000021e-02
1.399999999999999986e-03
1.030000000000000013e-02
5.000000000000000104e-04
1.200000000000000025e-02
1.000000000000000021e-03
1.000000000000000021e-03
6.000000000000000559e-04
2.260000000000000203e-02
2.000000000000000096e-04
6.900000000000000751e-03
3.299999999999999982e-03
1.100000000000000066e-03
8.000000000000000167e-03
3.100000000000000325e-03
1.600000000000000077e-03
7.540000000000000868e-02
9.000000000000000838e-04
9.000000000000000838e-04
1.800000000000000168e-03
2.330000000000000127e-02
5.000000000000000104e-04
5.000000000000000104e-04
1.000000000000000021e-03
1.270000000000000122e-02
5.000000000000000104e-04
1.158000000000000002e-01
6.100000000000000387e-03
9.499999999999999764e-03
9.000000000000000838e-04
1.990000000000000102e-02
2.500000000000000052e-03
1.050000000000000065e-02
3.000000000000000279e-04
1.149999999999999981e-02
9.000000000000000838e-04
1.399999999999999986e-03
2.000000000000000096e-04
4.899999999999999842e-03
6.700000000000000226e-03
1.850000000000000255e-02
2.000000000000000096e-04
3.400000000000000244e-03
1.000000000000000048e-04
4.599999999999999922e-03
6.999999999999999929e-04
2.100000000000000304e-03
5.200000000000000629e-03
1.000000000000000021e-03
3.000000000000000279e-04
1.590000000000000094e-02
1.100000000000000066e-03
2.000000000000000042e-02
2.000000000000000096e-04
8.700000000000001135e-03
5.200000000000000629e-03
2.110000000000000070e-02
1.800000000000000168e-03
2.100000000000000130e-02
8.000000000000000383e-04
1.110000000000000049e-02
2.000000000000000096e-04
4.000000000000000083e-03
2.000000000000000096e-04
5.739999999999999963e-02
3.100000000000000325e-03
6.999999999999999929e-04
5.899999999999999863e-03
3.000000000000000279e-04
1.800000000000000168e-03
2.000000000000000042e-03
5.400000000000000286e-03
1.399999999999999986e-03
1.800000000000000168e-03
5.400000000000000286e-03
1.700000000000000122e-03
1.729999999999999941e-02
3.100000000000000325e-03
3.910000000000000281e-02
2.700000000000000143e-03
1.899999999999999996e-03
7.000000000000000146e-03
6.000000000000000559e-04
8.800000000000000530e-03
5.400000000000000286e-03
3.000000000000000279e-04
1.519999999999999997e-02
6.999999999999999929e-04
9.000000000000000838e-04
4.000000000000000192e-04
1.089999999999999997e-02
6.200000000000000649e-03
2.250000000000000264e-02
2.900000000000000234e-03
2.290000000000000022e-02
2.000000000000000096e-04
3.799999999999999992e-03
3.000000000000000279e-04
5.000000000000000104e-03
6.000000000000000559e-04
2.299999999999999961e-03
1.200000000000000112e-03
1.089999999999999997e-02
2.000000000000000042e-03
3.299999999999999982e-03
5.300000000000000024e-03
4.680000000000000132e-02
6.999999999999999929e-04
5.380000000000000060e-02
2.000000000000000096e-04
1.609999999999999973e-02
2.000000000000000042e-03
1.500000000000000031e-03
4.100000000000000346e-03
5.130000000000000532e-02
3.200000000000000153e-03
4.800000000000000447e-03
9.000000000000000838e-04
5.000000000000000104e-04
1.000000000000000048e-04
1.500000000000000031e-03
4.300000000000000003e-03
6.700000000000000226e-03
2.600000000000000314e-03
3.490000000000000047e-02
5.000000000000000104e-04
1.830000000000000029e-02
3.299999999999999982e-03
9.000000000000000838e-04
3.000000000000000279e-04
3.060000000000000220e-02
9.000000000000000838e-04
1.460000000000000013e-02
8.000000000000000383e-04
9.300000000000000974e-03
3.000000000000000279e-04
6.900000000000000751e-03
1.000000000000000021e-03
5.500000000000000548e-03
3.000000000000000279e-04
4.000000000000000083e-03
1.300000000000000157e-03
1.600000000000000077e-03
8.000000000000000383e-04
1.600000000000000077e-03
2.200000000000000133e-03
3.799999999999999906e-02
4.000000000000000192e-04
1.280000000000000061e-02
3.000000000000000279e-04
8.050000000000000211e-02
1.800000000000000168e-03
3.690000000000000224e-02
6.999999999999999929e-04
2.600000000000000314e-03
4.000000000000000192e-04
2.900000000000000234e-03
2.000000000000000096e-04
1.240000000000000130e-02
6.000000000000000559e-04
1.250000000000000069e-02
1.300000000000000157e-03
6.000000000000000125e-03
1.200000000000000112e-03
8.000000000000000383e-04
6.999999999999999929e-04
4.800000000000000447e-03
1.000000000000000048e-04
1.800000000000000168e-03
3.200000000000000153e-03
4.000000000000000192e-04
3.000000000000000279e-04
2.850000000000000103e-02
2.000000000000000096e-04
3.380000000000000365e-02
9.000000000000000838e-04
1.980000000000000163e-02
2.000000000000000096e-04
3.480000000000000454e-02
2.000000000000000096e-04
4.690000000000000419e-02
7.300000000000000065e-03
1.000000000000000048e-04
1.500000000000000031e-03
4.400000000000000265e-03
1.600000000000000077e-03
5.000000000000000104e-04
1.899999999999999996e-03
1.669999999999999957e-02
4.000000000000000192e-04
2.590000000000000288e-02
1.000000000000000048e-04
1.720000000000000001e-02
2.600000000000000314e-03
1.000000000000000021e-03
7.000000000000000146e-03
6.000000000000000559e-04
2.000000000000000096e-04
3.720000000000000390e-02
2.000000000000000096e-04
3.923000000000000376e-01
2.000000000000000096e-04
5.200000000000000629e-03
2.000000000000000096e-04
5.860000000000000625e-02
1.500000000000000031e-03
1.570000000000000215e-02
4.400000000000000265e-03
3.000000000000000279e-04
7.400000000000000328e-03
2.700000000000000143e-03
1.300000000000000157e-03
3.100000000000000325e-03
2.100000000000000304e-03
1.660000000000000017e-02
9.000000000000000838e-04
1.700000000000000122e-02
4.000000000000000192e-04
6.460000000000000464e-02
1.399999999999999986e-03
1.680000000000000243e-02
4.000000000000000192e-04
7.800000000000000509e-03
1.200000000000000112e-03
6.100000000000000387e-03
3.200000000000000153e-03
1.060000000000000005e-02
5.000000000000000104e-04
4.100000000000000346e-03
1.200000000000000112e-03
7.500000000000000590e-03
3.000000000000000279e-04
1.980000000000000163e-02
4.000000000000000192e-04
3.670000000000000345e-02
3.000000000000000279e-04
5.000000000000000104e-03
1.000000000000000021e-03
3.509999999999999926e-02
9.400000000000000369e-03
6.800000000000000488e-03
6.999999999999999929e-04
1.949999999999999997e-02
3.200000000000000153e-03
1.000000000000000021e-02
1.399999999999999986e-03
1.020000000000000073e-02
6.000000000000000559e-04
1.200000000000000025e-02
1.000000000000000021e-03
1.000000000000000021e-03
5.000000000000000104e-04
2.270000000000000143e-02
2.000000000000000096e-04
6.900000000000000751e-03
3.299999999999999982e-03
1.100000000000000066e-03
8.000000000000000167e-03
3.100000000000000325e-03
1.600000000000000077e-03
7.540000000000000868e-02
9.000000000000000838e-04
9.000000000000000838e-04
1.800000000000000168e-03
2.330000000000000127e-02
5.000000000000000104e-04
5.000000000000000104e-04
9.000000000000000838e-04
1.280000000000000061e-02
5.000000000000000104e-04
1.158000000000000002e-01
6.100000000000000387e-03
9.499999999999999764e-03
9.000000000000000838e-04
1.980000000000000163e-02
2.600000000000000314e-03
1.050000000000000065e-02
3.000000000000000279e-04
1.149999999999999981e-02
8.000000000000000383e-04
1.500000000000000031e-03
1.000000000000000048e-04
5.000000000000000104e-03
6.700000000000000226e-03
1.850000000000000255e-02
2.000000000000000096e-04
3.299999999999999982e-03
1.000000000000000048e-04
4.700000000000000185e-03
6.000000000000000559e-04
2.200000000000000133e-03
5.200000000000000629e-03
1.000000000000000021e-03
3.000000000000000279e-04
1.590000000000000094e-02
1.000000000000000021e-03
2.009999999999999981e-02
2.000000000000000096e-04
8.700000000000001135e-03
5.200000000000000629e-03
2.110000000000000070e-02
1.700000000000000122e-03
2.100000000000000130e-02
9.000000000000000838e-04
1.100000000000000110e-02
3.000000000000000279e-04
4.000000000000000083e-03
2.000000000000000096e-04
5.739999999999999963e-02
3.100000000000000325e-03
6.999999999999999929e-04
5.899999999999999863e-03
3.000000000000000279e-04
1.800000000000000168e-03
2.000000000000000042e-03
5.400000000000000286e-03
1.399999999999999986e-03
1.800000000000000168e-03
5.400000000000000286e-03
1.700000000000000122e-03
1.729999999999999941e-02
3.100000000000000325e-03
3.910000000000000281e-02
2.700000000000000143e-03
1.899999999999999996e-03
6.900000000000000751e-03
6.999999999999999929e-04
8.800000000000000530e-03
5.400000000000000286e-03
3.000000000000000279e-04
1.519999999999999997e-02
6.999999999999999929e-04
9.000000000000000838e-04
4.000000000000000192e-04
1.089999999999999997e-02
6.100000000000000387e-03
2.260000000000000203e-02
2.900000000000000234e-03
2.290000000000000022e-02
2.000000000000000096e-04
3.799999999999999992e-03
3.000000000000000279e-04
5.000000000000000104e-03
5.000000000000000104e-04
2.400000000000000223e-03
1.200000000000000112e-03
1.080000000000000057e-02
2.000000000000000042e-03
3.400000000000000244e-03
5.200000000000000629e-03
4.690000000000000419e-02
6.999999999999999929e-04
5.380000000000000060e-02
2.000000000000000096e-04
1.609999999999999973e-02
2.000000000000000042e-03
1.500000000000000031e-03
4.100000000000000346e-03
5.130000000000000532e-02
3.200000000000000153e-03
4.800000000000000447e-03
9.000000000000000838e-04
4.000000000000000192e-04
2.000000000000000096e-04
1.500000000000000031e-03
4.200000000000000608e-03
6.800000000000000488e-03
2.600000000000000314e-03
3.490000000000000047e-02
4.000000000000000192e-04
1.839999999999999969e-02
3.200000000000000153e-03
1.000000000000000021e-03
3.000000000000000279e-04
3.060000000000000220e-02
9.000000000000000838e-04
1.450000000000000074e-02
9.000000000000000838e-04
9.300000000000000974e-03
3.000000000000000279e-04
6.900000000000000751e-03
1.000000000000000021e-03
5.500000000000000548e-03
3.000000000000000279e-04
4.000000000000000083e-03
1.300000000000000157e-03
1.600000000000000077e-03
8.000000000000000383e-04
1.600000000000000077e-03
2.100000000000000304e-03
3.810000000000000192e-02
4.000000000000000192e-04
1.270000000000000122e-02
4.000000000000000192e-04
8.050000000000000211e-02
1.800000000000000168e-03
3.690000000000000224e-02
6.999999999999999929e-04
2.600000000000000314e-03
4.000000000000000192e-04
2.900000000000000234e-03
2.000000000000000096e-04
1.240000000000000130e-02
6.000000000000000559e-04
1.250000000000000069e-02
1.300000000000000157e-03
6.000000000000000125e-03
1.200000000000000112e-03
8.000000000000000383e-04
6.999999999999999929e-04
4.800000000000000447e-03
1.000000000000000048e-04
1.800000000000000168e-03
3.200000000000000153e-03
4.000000000000000192e-04
3.000000000000000279e-04
2.850000000000000103e-02
2.000000000000000096e-04
3.380000000000000365e-02
8.000000000000000383e-04
1.990000000000000102e-02
2.000000000000000096e-04
3.480000000000000454e-02
2.000000000000000096e-04
4.690000000000000419e-02
7.300000000000000065e-03
1.000000000000000048e-04
1.399999999999999986e-03
4.500000000000000527e-03
1.600000000000000077e-03
5.000000000000000104e-04
1.800000000000000168e-03
1.680000000000000243e-02
4.000000000000000192e-04
2.580000000000000002e-02
2.000000000000000096e-04
1.720000000000000001e-02
2.600000000000000314e-03
1.000000000000000021e-03
7.000000000000000146e-03
6.000000000000000559e-04
2.000000000000000096e-04
3.720000000000000390e-02
2.000000000000000096e-04
3.923000000000000376e-01
1.000000000000000048e-04
5.200000000000000629e-03
3.000000000000000279e-04
5.860000000000000625e-02
1.500000000000000031e-03
1.570000000000000215e-02
4.400000000000000265e-03
3.000000000000000279e-04
7.400000000000000328e-03
2.700000000000000143e-03
1.300000000000000157e-03
3.100000000000000325e-03
2.100000000000000304e-03
1.660000000000000017e-02
9.000000000000000838e-04
1.700000000000000122e-02
4.000000000000000192e-04
6.460000000000000464e-02
1.300000000000000157e-03
1.690000000000000183e-02
4.000000000000000192e-04
7.700000000000000247e-03
1.300000000000000157e-03
6.100000000000000387e-03
3.200000000000000153e-03
1.060000000000000005e-02
5.000000000000000104e-04
4.100000000000000346e-03
1.200000000000000112e-03
7.500000000000000590e-03
3.000000000000000279e-04
9.000000000000000838e-04
1.000000000000000048e-04
1.880000000000000074e-02
4.000000000000000192e-04
3.670000000000000345e-02
3.000000000000000279e-04
5.000000000000000104e-03
1.000000000000000021e-03
3.509999999999999926e-02
9.400000000000000369e-03
6.700000000000000226e-03
8.000000000000000383e-04
1.940000000000000058e-02
3.299999999999999982e-03
1.000000000000000021e-02
1.399999999999999986e-03
1.020000000000000073e-02
6.000000000000000559e-04
1.200000000000000025e-02
1.000000000000000021e-03
1.000000000000000021e-03
5.000000000000000104e-04
2.270000000000000143e-02
2.000000000000000096e-04
6.800000000000000488e-03
3.400000000000000244e-03
1.100000000000000066e-03
8.000000000000000167e-03
3.000000000000000062e-03
1.700000000000000122e-03
7.540000000000000868e-02
9.000000000000000838e-04
9.000000000000000838e-04
1.700000000000000122e-03
2.340000000000000066e-02
5.000000000000000104e-04
5.000000000000000104e-04
9.000000000000000838e-04
1.280000000000000061e-02
5.000000000000000104e-04
1.157000000000000112e-01
6.200000000000000649e-03
9.499999999999999764e-03
9.000000000000000838e-04
1.980000000000000163e-02
2.600000000000000314e-03
1.050000000000000065e-02
3.000000000000000279e-04
1.149999999999999981e-02
8.000000000000000383e-04
1.500000000000000031e-03
1.000000000000000048e-04
5.000000000000000104e-03
6.700000000000000226e-03
1.839999999999999969e-02
3.000000000000000279e-04
3.299999999999999982e-03
1.000000000000000048e-04
4.700000000000000185e-03
6.000000000000000559e-04
2.200000000000000133e-03
5.100000000000000366e-03
1.100000000000000066e-03
3.000000000000000279e-04
1.590000000000000094e-02
1.000000000000000021e-03
2.009999999999999981e-02
2.000000000000000096e-04
8.700000000000001135e-03
5.200000000000000629e-03
2.110000000000000070e-02
1.700000000000000122e-03
2.100000000000000130e-02
9.000000000000000838e-04
1.100000000000000110e-02
2.000000000000000096e-04
4.100000000000000346e-03
2.000000000000000096e-04
5.739999999999999963e-02
3.100000000000000325e-03
6.999999999999999929e-04
5.899999999999999863e-03
3.000000000000000279e-04
1.800000000000000168e-03
2.000000000000000042e-03
5.400000000000000286e-03
1.399999999999999986e-03
1.800000000000000168e-03
5.400000000000000286e-03
1.700000000000000122e-03
1.729999999999999941e-02
3.100000000000000325e-03
3.910000000000000281e-02
2.700000000000000143e-03
1.899999999999999996e-03
6.900000000000000751e-03
6.999999999999999929e-04
8.800000000000000530e-03
5.400000000000000286e-03
3.000000000000000279e-04
1.519999999999999997e-02
6.999999999999999929e-04
9.000000000000000838e-04
4.000000000000000192e-04
1.089999999999999997e-02
6.100000000000000387e-03
2.250000000000000264e-02
3.000000000000000062e-03
2.290000000000000022e-02
2.000000000000000096e-04
3.799999999999999992e-03
3.000000000000000279e-04
5.000000000000000104e-03
5.000000000000000104e-04
2.400000000000000223e-03
1.100000000000000066e-03
1.089999999999999997e-02
2.000000000000000042e-03
3.400000000000000244e-03
5.200000000000000629e-03
4.690000000000000419e-02
6.000000000000000559e-04
5.380000000000000060e-02
3.000000000000000279e-04
1.600000000000000033e-02
2.100000000000000304e-03
1.500000000000000031e-03
4.100000000000000346e-03
5.120000000000000245e-02
3.299999999999999982e-03
4.800000000000000447e-03
9.000000000000000838e-04
4.000000000000000192e-04
2.000000000000000096e-04
1.500000000000000031e-03
4.200000000000000608e-03
6.800000000000000488e-03
2.600000000000000314e-03
3.490000000000000047e-02
4.000000000000000192e-04
1.839999999999999969e-02
3.200000000000000153e-03
1.000000000000000021e-03
3.000000000000000279e-04
3.060000000000000220e-02
9.000000000000000838e-04
1.450000000000000074e-02
9.000000000000000838e-04
9.300000000000000974e-03
3.000000000000000279e-04
6.900000000000000751e-03
1.000000000000000021e-03
5.500000000000000548e-03
3.000000000000000279e-04
3.900000000000000255e-03
1.399999999999999986e-03
1.600000000000000077e-03
8.000000000000000383e-04
1.500000000000000031e-03
2.200000000000000133e-03
3.799999999999999906e-02
5.000000000000000104e-04
1.270000000000000122e-02
4.000000000000000192e-04
8.050000000000000211e-02
1.800000000000000168e-03
3.690000000000000224e-02
6.999999999999999929e-04
2.600000000000000314e-03
4.000000000000000192e-04
2.900000000000000234e-03
1.000000000000000048e-04
1.250000000000000069e-02
6.000000000000000559e-04
1.250000000000000069e-02
1.300000000000000157e-03
6.000000000000000125e-03
1.200000000000000112e-03
6.999999999999999929e-04
8.000000000000000383e-04
4.800000000000000447e-03
1.000000000000000048e-04
1.800000000000000168e-03
3.200000000000000153e-03
3.000000000000000279e-04
4.000000000000000192e-04
2.850000000000000103e-02
2.000000000000000096e-04
3.380000000000000365e-02
8.000000000000000383e-04
1.990000000000000102e-02
2.000000000000000096e-04
3.480000000000000454e-02
2.000000000000000096e-04
4.690000000000000419e-02
7.300000000000000065e-03
1.000000000000000048e-04
1.399999999999999986e-03
4.500000000000000527e-03
1.600000000000000077e-03
5.000000000000000104e-04
1.800000000000000168e-03
1.680000000000000243e-02
4.000000000000000192e-04
2.580000000000000002e-02
2.000000000000000096e-04
1.720000000000000001e-02
2.600000000000000314e-03
1.000000000000000021e-03
7.000000000000000146e-03
6.000000000000000559e-04
2.000000000000000096e-04
3.720000000000000390e-02
2.000000000000000096e-04
3.923000000000000376e-01
1.000000000000000048e-04
5.200000000000000629e-03
3.000000000000000279e-04
5.860000000000000625e-02
1.399999999999999986e-03
1.580000000000000154e-02
4.300000000000000003e-03
4.000000000000000192e-04
7.400000000000000328e-03
2.700000000000000143e-03
1.300000000000000157e-03
3.100000000000000325e-03
2.100000000000000304e-03
1.660000000000000017e-02
9.000000000000000838e-04
1.700000000000000122e-02
4.000000000000000192e-04
6.460000000000000464e-02
1.300000000000000157e-03
1.690000000000000183e-02
4.000000000000000192e-04
7.700000000000000247e-03
1.300000000000000157e-03
6.100000000000000387e-03
3.200000000000000153e-03
1.050000000000000065e-02
6.000000000000000559e-04
4.100000000000000346e-03
1.200000000000000112e-03
7.500000000000000590e-03
3.000000000000000279e-04
9.000000000000000838e-04
1.000000000000000048e-04
1.880000000000000074e-02
4.000000000000000192e-04
3.670000000000000345e-02
3.000000000000000279e-04
5.000000000000000104e-03
1.000000000000000021e-03
3.509999999999999926e-02
9.400000000000000369e-03
6.700000000000000226e-03
8.000000000000000383e-04
1.940000000000000058e-02
3.299999999999999982e-03
1.000000000000000021e-02
1.399999999999999986e-03
1.020000000000000073e-02
6.000000000000000559e-04
1.200000000000000025e-02
1.000000000000000021e-03
1.000000000000000021e-03
5.000000000000000104e-04
2.270000000000000143e-02
2.000000000000000096e-04
6.800000000000000488e-03
3.400000000000000244e-03
1.100000000000000066e-03
8.000000000000000167e-03
3.000000000000000062e-03
1.700000000000000122e-03
2.290000000000000022e-02
1.000000000000000048e-04
5.240000000000000213e-02
9.000000000000000838e-04
9.000000000000000838e-04
1.700000000000000122e-03
2.340000000000000066e-02
5.000000000000000104e-04
5.000000000000000104e-04
9.000000000000000838e-04
1.280000000000000061e-02
4.000000000000000192e-04
1.158000000000000002e-01
6.200000000000000649e-03
9.499999999999999764e-03
9.000000000000000838e-04
1.980000000000000163e-02
2.600000000000000314e-03
1.050000000000000065e-02
3.000000000000000279e-04
1.140000000000000041e-02
9.000000000000000838e-04
1.500000000000000031e-03
1.000000000000000048e-04
4.899999999999999842e-03
6.800000000000000488e-03
1.839999999999999969e-02
3.000000000000000279e-04
3.299999999999999982e-03
1.000000000000000048e-04
4.700000000000000185e-03
6.000000000000000559e-04
2.200000000000000133e-03
5.100000000000000366e-03
1.100000000000000066e-03
3.000000000000000279e-04
1.590000000000000094e-02
1.000000000000000021e-03
2.009999999999999981e-02
2.000000000000000096e-04
8.700000000000001135e-03
5.200000000000000629e-03
2.110000000000000070e-02
1.700000000000000122e-03
2.100000000000000130e-02
9.000000000000000838e-04
1.100000000000000110e-02
2.000000000000000096e-04
4.100000000000000346e-03
2.000000000000000096e-04
5.739999999999999963e-02
3.100000000000000325e-03
6.000000000000000559e-04
6.000000000000000125e-03
3.000000000000000279e-04
1.800000000000000168e-03
1.899999999999999996e-03
5.500000000000000548e-03
1.399999999999999986e-03
1.800000000000000168e-03
5.400000000000000286e-03
1.700000000000000122e-03
1.729999999999999941e-02
3.100000000000000325e-03
3.910000000000000281e-02
2.700000000000000143e-03
1.800000000000000168e-03
7.000000000000000146e-03
6.999999999999999929e-04
8.800000000000000530e-03
5.400000000000000286e-03
3.000000000000000279e-04
1.519999999999999997e-02
6.999999999999999929e-04
8.000000000000000383e-04
5.000000000000000104e-04
1.089999999999999997e-02
6.100000000000000387e-03
2.250000000000000264e-02
3.000000000000000062e-03
2.290000000000000022e-02
2.000000000000000096e-04
3.799999999999999992e-03
3.000000000000000279e-04
5.000000000000000104e-03
5.000000000000000104e-04
2.400000000000000223e-03
1.100000000000000066e-03
1.089999999999999997e-02
2.000000000000000042e-03
3.299999999999999982e-03
5.300000000000000024e-03
4.690000000000000419e-02
6.000000000000000559e-04
5.380000000000000060e-02
3.000000000000000279e-04
1.600000000000000033e-02
2.100000000000000304e-03
1.500000000000000031e-03
4.100000000000000346e-03
5.120000000000000245e-02
3.299999999999999982e-03
4.800000000000000447e-03
9.000000000000000838e-04
4.000000000000000192e-04
2.000000000000000096e-04
1.500000000000000031e-03
4.200000000000000608e-03
6.700000000000000226e-03
2.600000000000000314e-03
3.500000000000000333e-02
4.000000000000000192e-04
1.839999999999999969e-02
3.200000000000000153e-03
1.000000000000000021e-03
3.000000000000000279e-04
3.060000000000000220e-02
9.000000000000000838e-04
1.450000000000000074e-02
8.000000000000000383e-04
9.400000000000000369e-03
3.000000000000000279e-04
6.900000000000000751e-03
1.000000000000000021e-03
5.500000000000000548e-03
3.000000000000000279e-04
3.900000000000000255e-03
1.300000000000000157e-03
1.600000000000000077e-03
9.000000000000000838e-04
1.500000000000000031e-03
2.200000000000000133e-03
3.799999999999999906e-02
5.000000000000000104e-04
1.270000000000000122e-02
4.000000000000000192e-04
8.050000000000000211e-02
1.800000000000000168e-03
3.690000000000000224e-02
6.999999999999999929e-04
2.600000000000000314e-03
4.000000000000000192e-04
2.900000000000000234e-03
1.000000000000000048e-04
1.250000000000000069e-02
6.000000000000000559e-04
1.250000000000000069e-02
1.300000000000000157e-03
5.899999999999999863e-03
1.300000000000000157e-03
6.999999999999999929e-04
8.000000000000000383e-04
4.800000000000000447e-03
1.000000000000000048e-04
1.800000000000000168e-03
3.200000000000000153e-03
3.000000000000000279e-04
4.000000000000000192e-04
2.850000000000000103e-02
2.000000000000000096e-04
3.380000000000000365e-02
8.000000000000000383e-04
1.990000000000000102e-02
2.000000000000000096e-04
3.480000000000000454e-02
2.000000000000000096e-04
4.690000000000000419e-02
7.300000000000000065e-03
1.000000000000000048e-04
1.399999999999999986e-03
4.500000000000000527e-03
1.600000000000000077e-03
5.000000000000000104e-04
1.800000000000000168e-03
1.680000000000000243e-02
3.000000000000000279e-04
2.590000000000000288e-02
2.000000000000000096e-04
1.710000000000000062e-02
2.700000000000000143e-03
1.000000000000000021e-03
6.900000000000000751e-03
6.999999999999999929e-04
2.000000000000000096e-04
3.720000000000000390e-02
2.000000000000000096e-04
3.923000000000000376e-01
1.000000000000000048e-04
5.200000000000000629e-03
3.000000000000000279e-04
5.860000000000000625e-02
1.399999999999999986e-03
1.580000000000000154e-02
4.300000000000000003e-03
4.000000000000000192e-04
7.400000000000000328e-03
2.700000000000000143e-03
1.200000000000000112e-03
3.200000000000000153e-03
2.100000000000000304e-03
1.660000000000000017e-02
9.000000000000000838e-04
1.700000000000000122e-02
4.000000000000000192e-04
6.450000000000000178e-02
1.399999999999999986e-03
1.680000000000000243e-02
5.000000000000000104e-04
7.700000000000000247e-03
1.300000000000000157e-03
6.100000000000000387e-03
3.100000000000000325e-03
1.060000000000000005e-02
6.000000000000000559e-04
4.100000000000000346e-03
1.100000000000000066e-03
7.599999999999999985e-03
2.000000000000000096e-04
1.000000000000000021e-03
1.000000000000000048e-04
1.880000000000000074e-02
4.000000000000000192e-04
3.670000000000000345e-02
3.000000000000000279e-04
5.000000000000000104e-03
9.000000000000000838e-04
3.520000000000000212e-02
9.400000000000000369e-03
6.700000000000000226e-03
8.000000000000000383e-04
1.940000000000000058e-02
3.299999999999999982e-03
1.000000000000000021e-02
1.399999999999999986e-03
1.020000000000000073e-02
6.000000000000000559e-04
1.200000000000000025e-02
1.000000000000000021e-03
1.000000000000000021e-03
5.000000000000000104e-04
2.260000000000000203e-02
3.000000000000000279e-04
6.800000000000000488e-03
3.400000000000000244e-03
1.100000000000000066e-03
8.000000000000000167e-03
3.000000000000000062e-03
1.700000000000000122e-03
2.290000000000000022e-02
1.000000000000000048e-04
5.240000000000000213e-02
9.000000000000000838e-04
9.000000000000000838e-04
1.700000000000000122e-03
2.340000000000000066e-02
5.000000000000000104e-04
5.000000000000000104e-04
9.000000000000000838e-04
1.280000000000000061e-02
4.000000000000000192e-04
1.158000000000000002e-01
6.200000000000000649e-03
9.499999999999999764e-03
8.000000000000000383e-04
1.990000000000000102e-02
2.600000000000000314e-03
1.050000000000000065e-02
3.000000000000000279e-04
1.140000000000000041e-02
9.000000000000000838e-04
1.500000000000000031e-03
1.000000000000000048e-04
4.899999999999999842e-03
6.800000000000000488e-03
1.839999999999999969e-02
3.000000000000000279e-04
3.299999999999999982e-03
1.000000000000000048e-04
4.700000000000000185e-03
6.000000000000000559e-04
2.100000000000000304e-03
5.200000000000000629e-03
1.000000000000000021e-03
4.000000000000000192e-04
1.580000000000000154e-02
1.100000000000000066e-03
2.009999999999999981e-02
2.000000000000000096e-04
8.700000000000001135e-03
5.200000000000000629e-03
2.110000000000000070e-02
1.700000000000000122e-03
2.100000000000000130e-02
9.000000000000000838e-04
1.100000000000000110e-02
2.000000000000000096e-04
4.000000000000000083e-03
3.000000000000000279e-04
5.739999999999999963e-02
3.100000000000000325e-03
6.000000000000000559e-04
6.000000000000000125e-03
3.000000000000000279e-04
1.700000000000000122e-03
2.000000000000000042e-03
5.500000000000000548e-03
1.399999999999999986e-03
1.800000000000000168e-03
5.400000000000000286e-03
1.700000000000000122e-03
1.729999999999999941e-02
3.100000000000000325e-03
3.899999999999999994e-02
2.700000000000000143e-03
1.899999999999999996e-03
7.000000000000000146e-03
6.999999999999999929e-04
8.800000000000000530e-03
5.300000000000000024e-03
4.000000000000000192e-04
1.519999999999999997e-02
6.999999999999999929e-04
8.000000000000000383e-04
5.000000000000000104e-04
1.089999999999999997e-02
6.100000000000000387e-03
2.250000000000000264e-02
2.900000000000000234e-03
2.299999999999999961e-02
2.000000000000000096e-04
3.799999999999999992e-03
3.000000000000000279e-04
5.000000000000000104e-03
5.000000000000000104e-04
2.400000000000000223e-03
1.100000000000000066e-03
1.089999999999999997e-02
2.000000000000000042e-03
3.299999999999999982e-03
5.300000000000000024e-03
4.690000000000000419e-02
6.000000000000000559e-04
5.380000000000000060e-02
3.000000000000000279e-04
1.600000000000000033e-02
2.100000000000000304e-03
1.500000000000000031e-03
4.100000000000000346e-03
5.120000000000000245e-02
3.299999999999999982e-03
4.800000000000000447e-03
9.000000000000000838e-04
4.000000000000000192e-04
2.000000000000000096e-04
1.500000000000000031e-03
4.200000000000000608e-03
6.700000000000000226e-03
2.600000000000000314e-03
3.500000000000000333e-02
4.000000000000000192e-04
1.830000000000000029e-02
3.299999999999999982e-03
1.000000000000000021e-03
3.000000000000000279e-04
3.050000000000000280e-02
1.000000000000000021e-03
1.450000000000000074e-02
8.000000000000000383e-04
9.400000000000000369e-03
3.000000000000000279e-04
6.900000000000000751e-03
1.000000000000000021e-03
5.500000000000000548e-03
3.000000000000000279e-04
3.900000000000000255e-03
1.300000000000000157e-03
1.600000000000000077e-03
8.000000000000000383e-04
1.600000000000000077e-03
2.200000000000000133e-03
3.799999999999999906e-02
5.000000000000000104e-04
1.270000000000000122e-02
4.000000000000000192e-04
8.039999999999999925e-02
1.899999999999999996e-03
3.690000000000000224e-02
6.999999999999999929e-04
2.600000000000000314e-03
4.000000000000000192e-04
2.900000000000000234e-03
1.000000000000000048e-04
1.250000000000000069e-02
6.000000000000000559e-04
1.250000000000000069e-02
1.300000000000000157e-03
5.899999999999999863e-03
1.300000000000000157e-03
6.999999999999999929e-04
6.999999999999999929e-04
4.899999999999999842e-03
1.000000000000000048e-04
1.800000000000000168e-03
3.100000000000000325e-03
4.000000000000000192e-04
4.000000000000000192e-04
2.850000000000000103e-02
2.000000000000000096e-04
3.380000000000000365e-02
8.000000000000000383e-04
1.990000000000000102e-02
2.000000000000000096e-04
3.480000000000000454e-02
2.000000000000000096e-04
4.690000000000000419e-02
7.300000000000000065e-03
1.000000000000000048e-04
1.399999999999999986e-03
4.500000000000000527e-03
1.600000000000000077e-03
4.000000000000000192e-04
1.899999999999999996e-03
1.680000000000000243e-02
3.000000000000000279e-04
2.590000000000000288e-02
2.000000000000000096e-04
1.710000000000000062e-02
2.700000000000000143e-03
1.000000000000000021e-03
6.900000000000000751e-03
6.999999999999999929e-04
1.000000000000000048e-04
3.729999999999999982e-02
2.000000000000000096e-04
3.923000000000000376e-01
1.000000000000000048e-04
5.200000000000000629e-03
2.000000000000000096e-04
5.860000000000000625e-02
1.500000000000000031e-03
1.580000000000000154e-02
4.300000000000000003e-03
3.000000000000000279e-04
7.500000000000000590e-03
2.700000000000000143e-03
1.200000000000000112e-03
3.200000000000000153e-03
2.100000000000000304e-03
1.660000000000000017e-02
9.000000000000000838e-04
1.700000000000000122e-02
4.000000000000000192e-04
6.450000000000000178e-02
1.399999999999999986e-03
1.680000000000000243e-02
5.000000000000000104e-04
7.700000000000000247e-03
1.300000000000000157e-03
6.100000000000000387e-03
3.100000000000000325e-03
1.060000000000000005e-02
6.000000000000000559e-04
4.100000000000000346e-03
1.100000000000000066e-03
7.599999999999999985e-03
2.000000000000000096e-04
1.000000000000000021e-03
1.000000000000000048e-04
1.880000000000000074e-02
4.000000000000000192e-04
3.670000000000000345e-02
3.000000000000000279e-04
5.000000000000000104e-03
9.000000000000000838e-04
3.509999999999999926e-02
9.499999999999999764e-03
6.700000000000000226e-03
8.000000000000000383e-04
1.940000000000000058e-02
3.299999999999999982e-03
1.000000000000000021e-02
1.300000000000000157e-03
1.030000000000000013e-02
6.000000000000000559e-04
1.200000000000000025e-02
1.000000000000000021e-03
9.000000000000000838e-04
6.000000000000000559e-04
2.260000000000000203e-02
3.000000000000000279e-04
6.800000000000000488e-03
3.400000000000000244e-03
1.100000000000000066e-03
8.000000000000000167e-03
3.000000000000000062e-03
1.700000000000000122e-03
2.290000000000000022e-02
1.000000000000000048e-04
5.240000000000000213e-02
9.000000000000000838e-04
9.000000000000000838e-04
1.700000000000000122e-03
2.340000000000000066e-02
4.000000000000000192e-04
6.000000000000000559e-04
9.000000000000000838e-04
1.280000000000000061e-02
4.000000000000000192e-04
1.158000000000000002e-01
6.200000000000000649e-03
9.499999999999999764e-03
8.000000000000000383e-04
1.990000000000000102e-02
2.600000000000000314e-03
1.050000000000000065e-02
3.000000000000000279e-04
1.140000000000000041e-02
9.000000000000000838e-04
1.500000000000000031e-03
1.000000000000000048e-04
4.899999999999999842e-03
6.800000000000000488e-03
1.839999999999999969e-02
3.000000000000000279e-04
3.299999999999999982e-03
1.000000000000000048e-04
4.599999999999999922e-03
6.999999999999999929e-04
2.100000000000000304e-03
5.200000000000000629e-03
1.000000000000000021e-03
3.000000000000000279e-04
1.590000000000000094e-02
1.100000000000000066e-03
2.009999999999999981e-02
2.000000000000000096e-04
8.700000000000001135e-03
5.200000000000000629e-03
2.110000000000000070e-02
1.700000000000000122e-03
2.100000000000000130e-02
9.000000000000000838e-04
1.100000000000000110e-02
2.000000000000000096e-04
4.000000000000000083e-03
2.000000000000000096e-04
5.750000000000000250e-02
3.000000000000000062e-03
6.999999999999999929e-04
5.899999999999999863e-03
4.000000000000000192e-04
1.700000000000000122e-03
2.000000000000000042e-03
5.500000000000000548e-03
1.399999999999999986e-03
1.800000000000000168e-03
5.400000000000000286e-03
1.700000000000000122e-03
1.729999999999999941e-02
3.100000000000000325e-03
3.899999999999999994e-02
2.700000000000000143e-03
1.899999999999999996e-03
7.000000000000000146e-03
6.999999999999999929e-04
8.700000000000001135e-03
5.400000000000000286e-03
4.000000000000000192e-04
1.519999999999999997e-02
6.999999999999999929e-04
8.000000000000000383e-04
5.000000000000000104e-04
1.089999999999999997e-02
6.100000000000000387e-03
2.250000000000000264e-02
2.900000000000000234e-03
2.290000000000000022e-02
3.000000000000000279e-04
3.700000000000000164e-03
3.000000000000000279e-04
5.100000000000000366e-03
5.000000000000000104e-04
2.400000000000000223e-03
1.100000000000000066e-03
1.089999999999999997e-02
2.000000000000000042e-03
3.299999999999999982e-03
5.300000000000000024e-03
4.690000000000000419e-02
6.000000000000000559e-04
5.380000000000000060e-02
3.000000000000000279e-04
1.600000000000000033e-02
2.000000000000000042e-03
1.600000000000000077e-03
4.100000000000000346e-03
5.120000000000000245e-02
3.299999999999999982e-03
4.800000000000000447e-03
8.000000000000000383e-04
5.000000000000000104e-04
2.000000000000000096e-04
1.399999999999999986e-03
4.300000000000000003e-03
6.700000000000000226e-03
2.600000000000000314e-03
3.490000000000000047e-02
5.000000000000000104e-04
1.830000000000000029e-02
3.299999999999999982e-03
9.000000000000000838e-04
4.000000000000000192e-04
3.050000000000000280e-02
1.000000000000000021e-03
1.450000000000000074e-02
8.000000000000000383e-04
9.400000000000000369e-03
3.000000000000000279e-04
6.900000000000000751e-03
9.000000000000000838e-04
5.500000000000000548e-03
4.000000000000000192e-04
3.900000000000000255e-03
1.300000000000000157e-03
1.600000000000000077e-03
8.000000000000000383e-04
1.600000000000000077e-03
2.200000000000000133e-03
3.799999999999999906e-02
5.000000000000000104e-04
1.270000000000000122e-02
4.000000000000000192e-04
8.039999999999999925e-02
1.899999999999999996e-03
3.690000000000000224e-02
6.999999999999999929e-04
2.500000000000000052e-03
5.000000000000000104e-04
2.900000000000000234e-03
1.000000000000000048e-04
1.250000000000000069e-02
6.000000000000000559e-04
1.250000000000000069e-02
1.300000000000000157e-03
5.899999999999999863e-03
1.200000000000000112e-03
8.000000000000000383e-04
6.999999999999999929e-04
4.899999999999999842e-03
1.000000000000000048e-04
1.800000000000000168e-03
3.100000000000000325e-03
4.000000000000000192e-04
4.000000000000000192e-04
2.850000000000000103e-02
1.000000000000000048e-04
3.389999999999999958e-02
8.000000000000000383e-04
1.990000000000000102e-02
2.000000000000000096e-04
3.470000000000000168e-02
3.000000000000000279e-04
4.690000000000000419e-02
7.300000000000000065e-03
1.000000000000000048e-04
1.399999999999999986e-03
4.500000000000000527e-03
1.600000000000000077e-03
4.000000000000000192e-04
1.899999999999999996e-03
1.680000000000000243e-02
3.000000000000000279e-04
2.590000000000000288e-02
2.000000000000000096e-04
1.710000000000000062e-02
2.600000000000000314e-03
1.100000000000000066e-03
6.900000000000000751e-03
6.999999999999999929e-04
1.000000000000000048e-04
3.729999999999999982e-02
1.000000000000000048e-04
3.924000000000000266e-01
1.000000000000000048e-04
5.200000000000000629e-03
2.000000000000000096e-04
5.860000000000000625e-02
1.500000000000000031e-03
1.580000000000000154e-02
4.300000000000000003e-03
3.000000000000000279e-04
7.500000000000000590e-03
2.700000000000000143e-03
1.200000000000000112e-03
3.200000000000000153e-03
2.100000000000000304e-03
1.660000000000000017e-02
9.000000000000000838e-04
1.690000000000000183e-02
5.000000000000000104e-04
6.450000000000000178e-02
1.399999999999999986e-03
1.680000000000000243e-02
4.000000000000000192e-04
7.800000000000000509e-03
1.200000000000000112e-03
6.200000000000000649e-03
3.100000000000000325e-03
1.060000000000000005e-02
6.000000000000000559e-04
4.100000000000000346e-03
1.100000000000000066e-03
7.599999999999999985e-03
2.000000000000000096e-04
1.000000000000000021e-03
1.000000000000000048e-04
1.880000000000000074e-02
4.000000000000000192e-04
3.660000000000000059e-02
3.000000000000000279e-04
5.100000000000000366e-03
9.000000000000000838e-04
3.509999999999999926e-02
9.499999999999999764e-03
6.700000000000000226e-03
8.000000000000000383e-04
1.940000000000000058e-02
3.299999999999999982e-03
1.000000000000000021e-02
1.300000000000000157e-03
1.030000000000000013e-02
6.000000000000000559e-04
1.200000000000000025e-02
1.000000000000000021e-03
9.000000000000000838e-04
6.000000000000000559e-04
2.260000000000000203e-02
3.000000000000000279e-04
6.800000000000000488e-03
3.299999999999999982e-03
1.100000000000000066e-03
8.099999999999999561e-03
3.000000000000000062e-03
1.700000000000000122e-03
2.290000000000000022e-02
1.000000000000000048e-04
5.240000000000000213e-02
9.000000000000000838e-04
9.000000000000000838e-04
1.700000000000000122e-03
2.340000000000000066e-02
4.000000000000000192e-04
5.000000000000000104e-04
1.000000000000000021e-03
1.280000000000000061e-02
4.000000000000000192e-04
1.158000000000000002e-01
6.100000000000000387e-03
9.600000000000000894e-03
8.000000000000000383e-04
1.990000000000000102e-02
2.500000000000000052e-03
1.060000000000000005e-02
2.000000000000000096e-04
1.149999999999999981e-02
9.000000000000000838e-04
1.500000000000000031e-03
1.000000000000000048e-04
4.899999999999999842e-03
6.800000000000000488e-03
1.839999999999999969e-02
3.000000000000000279e-04
3.299999999999999982e-03
1.000000000000000048e-04
4.599999999999999922e-03
6.999999999999999929e-04
2.100000000000000304e-03
5.200000000000000629e-03
1.000000000000000021e-03
3.000000000000000279e-04
1.590000000000000094e-02
1.100000000000000066e-03
2.009999999999999981e-02
2.000000000000000096e-04
8.700000000000001135e-03
5.200000000000000629e-03
2.110000000000000070e-02
1.700000000000000122e-03
2.100000000000000130e-02
9.000000000000000838e-04
1.100000000000000110e-02
2.000000000000000096e-04
4.000000000000000083e-03
2.000000000000000096e-04
5.750000000000000250e-02
3.000000000000000062e-03
6.999999999999999929e-04
5.899999999999999863e-03
4.000000000000000192e-04
1.700000000000000122e-03
2.000000000000000042e-03
5.500000000000000548e-03
1.300000000000000157e-03
1.899999999999999996e-03
5.400000000000000286e-03
1.700000000000000122e-03
1.729999999999999941e-02
3.100000000000000325e-03
3.899999999999999994e-02
2.700000000000000143e-03
1.899999999999999996e-03
7.000000000000000146e-03
6.999999999999999929e-04
8.700000000000001135e-03
5.400000000000000286e-03
4.000000000000000192e-04
1.519999999999999997e-02
6.000000000000000559e-04
9.000000000000000838e-04
5.000000000000000104e-04
1.089999999999999997e-02
6.100000000000000387e-03
2.250000000000000264e-02
2.900000000000000234e-03
2.290000000000000022e-02
3.000000000000000279e-04
3.700000000000000164e-03
3.000000000000000279e-04
5.100000000000000366e-03
5.000000000000000104e-04
2.400000000000000223e-03
1.100000000000000066e-03
1.089999999999999997e-02
2.000000000000000042e-03
3.299999999999999982e-03
5.300000000000000024e-03
4.690000000000000419e-02
6.000000000000000559e-04
5.380000000000000060e-02
3.000000000000000279e-04
1.600000000000000033e-02
2.000000000000000042e-03
1.600000000000000077e-03
4.100000000000000346e-03
5.120000000000000245e-02
3.200000000000000153e-03
4.899999999999999842e-03
8.000000000000000383e-04
5.000000000000000104e-04
1.000000000000000048e-04
1.500000000000000031e-03
4.300000000000000003e-03
6.700000000000000226e-03
2.600000000000000314e-03
3.490000000000000047e-02
5.000000000000000104e-04
1.830000000000000029e-02
3.299999999999999982e-03
9.000000000000000838e-04
3.000000000000000279e-04
3.060000000000000220e-02
1.000000000000000021e-03
1.450000000000000074e-02
8.000000000000000383e-04
9.400000000000000369e-03
2.000000000000000096e-04
6.900000000000000751e-03
1.000000000000000021e-03
5.500000000000000548e-03
4.000000000000000192e-04
3.900000000000000255e-03
1.300000000000000157e-03
1.600000000000000077e-03
8.000000000000000383e-04
1.600000000000000077e-03
2.200000000000000133e-03
3.799999999999999906e-02
5.000000000000000104e-04
1.270000000000000122e-02
4.000000000000000192e-04
8.039999999999999925e-02
1.899999999999999996e-03
3.690000000000000224e-02
6.999999999999999929e-04
2.500000000000000052e-03
5.000000000000000104e-04
2.900000000000000234e-03
1.000000000000000048e-04
1.250000000000000069e-02
6.000000000000000559e-04
1.250000000000000069e-02
1.300000000000000157e-03
5.899999999999999863e-03
1.200000000000000112e-03
8.000000000000000383e-04
6.999999999999999929e-04
4.800000000000000447e-03
1.000000000000000048e-04
1.800000000000000168e-03
3.200000000000000153e-03
4.000000000000000192e-04
3.000000000000000279e-04
2.850000000000000103e-02
2.000000000000000096e-04
3.389999999999999958e-02
8.000000000000000383e-04
1.990000000000000102e-02
2.000000000000000096e-04
3.470000000000000168e-02
2.000000000000000096e-04
4.700000000000000011e-02
7.300000000000000065e-03
1.000000000000000048e-04
1.399999999999999986e-03
4.500000000000000527e-03
1.600000000000000077e-03
4.000000000000000192e-04
1.899999999999999996e-03
1.680000000000000243e-02
3.000000000000000279e-04
2.590000000000000288e-02
2.000000000000000096e-04
1.710000000000000062e-02
2.600000000000000314e-03
1.100000000000000066e-03
6.900000000000000751e-03
6.999999999999999929e-04
1.000000000000000048e-04
3.720000000000000390e-02
2.000000000000000096e-04
3.924000000000000266e-01
1.000000000000000048e-04
5.200000000000000629e-03
2.000000000000000096e-04
5.860000000000000625e-02
1.500000000000000031e-03
1.570000000000000215e-02
4.400000000000000265e-03
3.000000000000000279e-04
7.500000000000000590e-03
2.700000000000000143e-03
1.200000000000000112e-03
3.200000000000000153e-03
2.100000000000000304e-03
1.660000000000000017e-02
9.000000000000000838e-04
1.690000000000000183e-02
5.000000000000000104e-04
6.450000000000000178e-02
1.399999999999999986e-03
1.680000000000000243e-02
4.000000000000000192e-04
7.800000000000000509e-03
1.200000000000000112e-03
6.200000000000000649e-03
3.100000000000000325e-03
1.060000000000000005e-02
5.000000000000000104e-04
4.200000000000000608e-03
1.100000000000000066e-03
7.599999999999999985e-03
2.000000000000000096e-04
1.000000000000000021e-03
1.000000000000000048e-04
1.880000000000000074e-02
4.000000000000000192e-04
3.660000000000000059e-02
3.000000000000000279e-04
5.100000000000000366e-03
9.000000000000000838e-04
3.509999999999999926e-02
9.499999999999999764e-03
6.700000000000000226e-03
8.000000000000000383e-04
1.940000000000000058e-02
3.299999999999999982e-03
1.000000000000000021e-02
1.300000000000000157e-03
1.030000000000000013e-02
6.000000000000000559e-04
1.190000000000000085e-02
1.100000000000000066e-03
9.000000000000000838e-04
6.000000000000000559e-04
2.260000000000000203e-02
3.000000000000000279e-04
6.800000000000000488e-03
3.299999999999999982e-03
1.100000000000000066e-03
8.099999999999999561e-03
3.000000000000000062e-03
1.700000000000000122e-03
7.540000000000000868e-02
9.000000000000000838e-04
9.000000000000000838e-04
1.700000000000000122e-03
2.340000000000000066e-02
4.000000000000000192e-04
5.000000000000000104e-04
1.000000000000000021e-03
1.280000000000000061e-02
4.000000000000000192e-04
1.158000000000000002e-01
6.100000000000000387e-03
9.600000000000000894e-03
8.000000000000000383e-04
1.990000000000000102e-02
2.500000000000000052e-03
1.060000000000000005e-02
2.000000000000000096e-04
1.149999999999999981e-02
9.000000000000000838e-04
1.500000000000000031e-03
1.000000000000000048e-04
4.899999999999999842e-03
6.800000000000000488e-03
1.839999999999999969e-02
3.000000000000000279e-04
3.299999999999999982e-03
1.000000000000000048e-04
4.599999999999999922e-03
6.999999999999999929e-04
2.100000000000000304e-03
5.200000000000000629e-03
1.000000000000000021e-03
3.000000000000000279e-04
1.590000000000000094e-02
1.100000000000000066e-03
2.009999999999999981e-02
1.000000000000000048e-04
8.800000000000000530e-03
5.200000000000000629e-03
2.110000000000000070e-02
1.700000000000000122e-03
2.100000000000000130e-02
9.000000000000000838e-04
1.100000000000000110e-02
2.000000000000000096e-04
4.000000000000000083e-03
2.000000000000000096e-04
5.750000000000000250e-02
3.000000000000000062e-03
6.999999999999999929e-04
5.899999999999999863e-03
4.000000000000000192e-04
1.700000000000000122e-03
2.000000000000000042e-03
5.500000000000000548e-03
1.300000000000000157e-03
1.800000000000000168e-03
5.500000000000000548e-03
1.600000000000000077e-03
1.740000000000000227e-02
3.100000000000000325e-03
3.899999999999999994e-02
2.700000000000000143e-03
1.899999999999999996e-03
7.000000000000000146e-03
6.000000000000000559e-04
8.800000000000000530e-03
5.400000000000000286e-03
3.000000000000000279e-04
1.519999999999999997e-02
6.999999999999999929e-04
9.000000000000000838e-04
4.000000000000000192e-04
1.100000000000000110e-02
6.100000000000000387e-03
2.250000000000000264e-02
2.900000000000000234e-03
2.290000000000000022e-02
3.000000000000000279e-04
3.700000000000000164e-03
3.000000000000000279e-04
5.100000000000000366e-03
5.000000000000000104e-04
2.299999999999999961e-03
1.200000000000000112e-03
1.089999999999999997e-02
2.000000000000000042e-03
3.299999999999999982e-03
5.300000000000000024e-03
4.690000000000000419e-02
6.000000000000000559e-04
5.380000000000000060e-02
3.000000000000000279e-04
1.600000000000000033e-02
2.000000000000000042e-03
1.600000000000000077e-03
4.100000000000000346e-03
5.120000000000000245e-02
3.200000000000000153e-03
4.899999999999999842e-03
8.000000000000000383e-04
5.000000000000000104e-04
1.000000000000000048e-04
1.500000000000000031e-03
4.300000000000000003e-03
6.700000000000000226e-03
2.600000000000000314e-03
3.490000000000000047e-02
5.000000000000000104e-04
1.830000000000000029e-02
3.299999999999999982e-03
9.000000000000000838e-04
3.000000000000000279e-04
3.060000000000000220e-02
1.000000000000000021e-03
1.450000000000000074e-02
8.000000000000000383e-04
9.400000000000000369e-03
2.000000000000000096e-04
6.900000000000000751e-03
1.000000000000000021e-03
5.500000000000000548e-03
4.000000000000000192e-04
3.900000000000000255e-03
1.300000000000000157e-03
1.600000000000000077e-03
8.000000000000000383e-04
1.600000000000000077e-03
2.200000000000000133e-03
3.799999999999999906e-02
5.000000000000000104e-04
1.270000000000000122e-02
4.000000000000000192e-04
8.039999999999999925e-02
1.899999999999999996e-03
3.679999999999999938e-02
8.000000000000000383e-04
2.500000000000000052e-03
5.000000000000000104e-04
2.900000000000000234e-03
1.000000000000000048e-04
1.250000000000000069e-02
5.000000000000000104e-04
1.250000000000000069e-02
1.399999999999999986e-03
5.899999999999999863e-03
1.200000000000000112e-03
8.000000000000000383e-04
6.999999999999999929e-04
4.800000000000000447e-03
1.000000000000000048e-04
1.800000000000000168e-03
3.200000000000000153e-03
4.000000000000000192e-04
3.000000000000000279e-04
2.850000000000000103e-02
2.000000000000000096e-04
3.389999999999999958e-02
8.000000000000000383e-04
1.980000000000000163e-02
3.000000000000000279e-04
3.470000000000000168e-02
2.000000000000000096e-04
4.700000000000000011e-02
7.300000000000000065e-03
1.000000000000000048e-04
1.399999999999999986e-03
4.500000000000000527e-03
1.600000000000000077e-03
4.000000000000000192e-04
1.899999999999999996e-03
1.680000000000000243e-02
3.000000000000000279e-04
2.590000000000000288e-02
2.000000000000000096e-04
1.710000000000000062e-02
2.600000000000000314e-03
1.100000000000000066e-03
6.900000000000000751e-03
6.999999999999999929e-04
1.000000000000000048e-04
3.720000000000000390e-02
2.000000000000000096e-04
3.924000000000000266e-01
1.000000000000000048e-04
5.200000000000000629e-03
2.000000000000000096e-04
5.860000000000000625e-02
1.500000000000000031e-03
1.570000000000000215e-02
4.400000000000000265e-03
3.000000000000000279e-04
7.400000000000000328e-03
2.799999999999999972e-03
1.200000000000000112e-03
3.100000000000000325e-03
2.200000000000000133e-03
1.660000000000000017e-02
8.000000000000000383e-04
1.700000000000000122e-02
5.000000000000000104e-04
6.450000000000000178e-02
1.399999999999999986e-03
1.680000000000000243e-02
4.000000000000000192e-04
7.800000000000000509e-03
1.200000000000000112e-03
6.100000000000000387e-03
3.200000000000000153e-03
1.060000000000000005e-02
5.000000000000000104e-04
4.200000000000000608e-03
1.100000000000000066e-03
7.500000000000000590e-03
3.000000000000000279e-04
1.000000000000000021e-03
1.000000000000000048e-04
1.880000000000000074e-02
4.000000000000000192e-04
3.660000000000000059e-02
3.000000000000000279e-04
5.000000000000000104e-03
1.000000000000000021e-03
3.509999999999999926e-02
9.499999999999999764e-03
6.700000000000000226e-03
8.000000000000000383e-04
1.940000000000000058e-02
3.299999999999999982e-03
1.000000000000000021e-02
1.300000000000000157e-03
1.030000000000000013e-02
6.000000000000000559e-04
1.190000000000000085e-02
1.000000000000000021e-03
1.000000000000000021e-03
6.000000000000000559e-04
2.260000000000000203e-02
2.000000000000000096e-04
6.900000000000000751e-03
3.299999999999999982e-03
1.100000000000000066e-03
8.099999999999999561e-03
3.000000000000000062e-03
1.700000000000000122e-03
