1.450000000000000074e-02
1.100000000000000066e-03
3.000000000000000279e-04
1.500000000000000031e-03
1.000000000000000021e-03
4.000000000000000192e-04
9.300000000000000974e-03
2.000000000000000096e-04
7.400000000000000328e-03
6.000000000000000559e-04
2.069999999999999965e-02
8.000000000000000383e-04
2.200000000000000219e-02
3.000000000000000279e-04
2.299999999999999961e-03
1.899999999999999996e-03
2.000000000000000096e-04
1.000000000000000048e-04
2.200000000000000219e-02
5.000000000000000104e-04
4.719999999999999890e-02
2.000000000000000096e-04
6.599999999999999964e-03
2.900000000000000234e-03
2.400000000000000223e-03
6.400000000000000307e-03
2.170000000000000054e-02
3.000000000000000062e-03
3.050000000000000280e-02
3.000000000000000279e-04
1.770000000000000046e-02
4.500000000000000527e-03
1.010000000000000134e-02
1.500000000000000031e-03
6.000000000000000559e-04
4.000000000000000192e-04
1.580000000000000154e-02
2.200000000000000133e-03
2.799999999999999972e-03
6.999999999999999929e-04
2.540000000000000244e-02
1.399999999999999986e-03
9.499999999999999764e-03
4.400000000000000265e-03
1.430000000000000021e-02
6.000000000000000559e-04
9.199999999999999845e-03
1.200000000000000112e-03
1.600000000000000033e-02
1.000000000000000048e-04
3.880000000000000115e-02
4.000000000000000192e-04
1.899999999999999996e-03
2.500000000000000052e-03
2.900000000000000234e-03
1.899999999999999996e-03
4.429999999999999910e-02
6.200000000000000649e-03
9.700000000000000289e-03
3.000000000000000279e-04
3.070000000000000159e-02
6.400000000000000307e-03
3.700000000000000164e-03
3.000000000000000279e-04
3.930000000000000160e-02
3.200000000000000153e-03
4.100000000000000346e-03
1.300000000000000157e-03
3.900000000000000255e-03
6.000000000000000559e-04
6.900000000000000751e-03
4.300000000000000003e-03
2.690000000000000030e-02
3.000000000000000279e-04
8.099999999999999561e-03
2.000000000000000042e-03
8.000000000000000383e-04
3.000000000000000279e-04
3.000000000000000062e-03
1.700000000000000122e-03
1.680000000000000243e-02
1.600000000000000077e-03
1.640000000000000138e-02
1.100000000000000066e-03
9.000000000000000838e-04
4.400000000000000265e-03
3.360000000000000486e-02
2.000000000000000096e-04
6.800000000000000488e-03
3.200000000000000153e-03
3.500000000000000073e-03
8.000000000000000383e-04
1.149999999999999981e-02
6.900000000000000751e-03
2.600000000000000314e-03
8.000000000000000383e-04
5.400000000000000286e-03
5.599999999999999943e-03
9.000000000000000838e-04
2.000000000000000096e-04
4.400000000000000265e-03
1.899999999999999996e-03
2.400000000000000223e-03
3.100000000000000325e-03
4.100000000000000346e-03
2.299999999999999961e-03
1.260000000000000009e-02
2.000000000000000096e-04
4.800000000000000447e-03
3.000000000000000279e-04
6.999999999999999929e-04
2.000000000000000096e-04
3.459999999999999881e-02
2.799999999999999972e-03
3.600000000000000335e-03
3.500000000000000073e-03
4.000000000000000192e-04
8.000000000000000383e-04
1.270000000000000122e-02
1.060000000000000005e-02
1.000000000000000021e-02
1.800000000000000168e-03
2.260000000000000203e-02
2.200000000000000133e-03
9.400000000000000369e-03
1.000000000000000021e-03
2.540000000000000244e-02
1.000000000000000048e-04
1.399999999999999986e-03
9.000000000000000838e-04
3.880000000000000115e-02
8.000000000000000383e-04
3.700000000000000164e-03
1.119999999999999989e-02
2.700000000000000143e-03
6.999999999999999929e-04
1.899999999999999996e-03
4.000000000000000192e-04
4.599999999999999922e-03
4.000000000000000192e-04
5.599999999999999943e-03
1.100000000000000066e-03
9.000000000000000838e-04
3.299999999999999982e-03
1.060000000000000005e-02
5.000000000000000104e-04
4.240000000000000019e-02
3.400000000000000244e-03
8.600000000000000006e-03
1.700000000000000122e-03
1.410000000000000142e-02
4.000000000000000192e-04
4.800000000000000447e-03
3.799999999999999992e-03
4.370000000000000273e-02
1.700000000000000122e-03
9.160000000000000087e-02
6.000000000000000559e-04
5.250000000000000500e-02
2.100000000000000304e-03
6.500000000000000222e-02
1.000000000000000048e-04
2.799999999999999972e-03
2.000000000000000096e-04
1.360000000000000098e-02
5.000000000000000104e-04
1.399999999999999986e-03
5.000000000000000104e-04
4.599999999999999922e-03
4.000000000000000192e-04
4.390000000000000152e-02
1.300000000000000157e-03
8.899999999999999925e-03
8.000000000000000383e-04
1.870000000000000134e-02
4.200000000000000608e-03
1.899999999999999953e-02
1.000000000000000048e-04
2.799999999999999972e-03
6.999999999999999929e-04
3.540000000000000091e-02
8.000000000000000383e-04
1.500000000000000031e-03
2.299999999999999961e-03
2.000000000000000096e-04
5.000000000000000104e-04
1.300000000000000157e-03
2.500000000000000052e-03
4.000000000000000192e-04
4.599999999999999922e-03
2.000000000000000096e-04
5.000000000000000104e-03
6.999999999999999929e-04
5.000000000000000104e-04
6.000000000000000559e-04
3.100000000000000325e-03
6.000000000000000559e-04
3.799999999999999992e-03
4.000000000000000192e-04
2.100000000000000304e-03
1.200000000000000112e-03
1.290000000000000001e-02
2.000000000000000042e-03
4.500000000000000527e-03
1.200000000000000112e-03
2.200000000000000133e-03
9.000000000000000838e-04
2.900000000000000234e-03
1.500000000000000031e-03
2.500000000000000052e-03
4.100000000000000346e-03
3.600000000000000335e-03
5.000000000000000104e-04
4.200000000000000608e-03
5.400000000000000286e-03
1.500000000000000031e-03
2.030000000000000207e-02
6.000000000000000559e-04
2.799999999999999972e-03
1.100000000000000066e-03
2.200000000000000219e-02
2.000000000000000042e-03
6.200000000000000649e-03
4.000000000000000192e-04
8.600000000000000006e-03
1.000000000000000021e-03
1.100000000000000110e-02
2.000000000000000096e-04
5.899999999999999863e-03
3.000000000000000279e-04
1.890000000000000013e-02
2.000000000000000096e-04
1.010000000000000134e-02
3.000000000000000279e-04
9.300000000000000974e-03
3.000000000000000279e-04
5.100000000000000366e-03
3.400000000000000244e-03
9.000000000000000838e-04
4.000000000000000192e-04
2.330000000000000127e-02
2.000000000000000096e-04
1.820000000000000090e-02
6.000000000000000559e-04
1.660000000000000017e-02
9.000000000000000838e-04
2.260000000000000203e-02
6.999999999999999929e-04
8.050000000000000211e-02
4.899999999999999842e-03
2.069999999999999965e-02
4.700000000000000185e-03
6.000000000000000559e-04
4.000000000000000192e-04
2.100000000000000304e-03
1.700000000000000122e-03
1.000000000000000021e-03
6.999999999999999929e-04
3.000000000000000279e-04
6.000000000000000559e-04
9.460000000000000353e-02
4.100000000000000346e-03
4.309999999999999942e-02
2.000000000000000096e-04
4.080000000000000293e-02
3.000000000000000279e-04
4.769999999999999934e-02
1.800000000000000168e-03
2.009999999999999981e-02
3.400000000000000244e-03
1.570000000000000215e-02
4.300000000000000003e-03
6.400000000000000307e-03
3.000000000000000279e-04
6.400000000000000307e-03
1.800000000000000168e-03
2.000000000000000042e-03
1.899999999999999996e-03
3.740000000000000269e-02
2.000000000000000096e-04
1.000000000000000048e-04
1.100000000000000066e-03
4.000000000000000192e-04
3.000000000000000279e-04
2.940000000000000252e-02
1.800000000000000168e-03
2.299999999999999961e-03
2.000000000000000096e-04
2.400000000000000050e-02
5.800000000000000468e-03
8.000000000000000383e-04
3.000000000000000279e-04
6.999999999999999929e-04
2.200000000000000133e-03
9.000000000000001055e-03
1.300000000000000157e-03
2.400000000000000223e-03
8.000000000000000383e-04
6.000000000000000559e-04
6.000000000000000559e-04
5.970000000000000306e-02
4.599999999999999922e-03
2.100000000000000304e-03
6.000000000000000559e-04
2.320000000000000187e-02
1.899999999999999996e-03
6.010000000000000064e-02
1.100000000000000066e-03
3.000000000000000279e-04
1.500000000000000031e-03
1.000000000000000021e-03
4.000000000000000192e-04
9.300000000000000974e-03
2.000000000000000096e-04
7.400000000000000328e-03
6.000000000000000559e-04
2.069999999999999965e-02
8.000000000000000383e-04
2.200000000000000219e-02
3.000000000000000279e-04
2.299999999999999961e-03
1.899999999999999996e-03
2.000000000000000096e-04
1.000000000000000048e-04
2.200000000000000219e-02
5.000000000000000104e-04
4.719999999999999890e-02
2.000000000000000096e-04
6.599999999999999964e-03
2.900000000000000234e-03
2.400000000000000223e-03
6.400000000000000307e-03
2.170000000000000054e-02
3.000000000000000062e-03
3.050000000000000280e-02
3.000000000000000279e-04
1.770000000000000046e-02
4.500000000000000527e-03
1.010000000000000134e-02
1.500000000000000031e-03
6.000000000000000559e-04
4.000000000000000192e-04
1.580000000000000154e-02
2.200000000000000133e-03
2.799999999999999972e-03
6.000000000000000559e-04
2.550000000000000183e-02
1.399999999999999986e-03
9.499999999999999764e-03
4.400000000000000265e-03
1.430000000000000021e-02
6.000000000000000559e-04
9.199999999999999845e-03
1.200000000000000112e-03
1.600000000000000033e-02
1.000000000000000048e-04
3.880000000000000115e-02
4.000000000000000192e-04
1.899999999999999996e-03
2.500000000000000052e-03
2.900000000000000234e-03
1.899999999999999996e-03
4.429999999999999910e-02
6.200000000000000649e-03
9.700000000000000289e-03
3.000000000000000279e-04
3.070000000000000159e-02
6.400000000000000307e-03
3.600000000000000335e-03
4.000000000000000192e-04
3.930000000000000160e-02
3.200000000000000153e-03
4.100000000000000346e-03
1.300000000000000157e-03
3.900000000000000255e-03
6.000000000000000559e-04
6.900000000000000751e-03
4.300000000000000003e-03
2.690000000000000030e-02
3.000000000000000279e-04
8.099999999999999561e-03
2.000000000000000042e-03
8.000000000000000383e-04
3.000000000000000279e-04
3.000000000000000062e-03
1.700000000000000122e-03
1.680000000000000243e-02
1.600000000000000077e-03
1.630000000000000199e-02
1.200000000000000112e-03
9.000000000000000838e-04
4.400000000000000265e-03
3.360000000000000486e-02
2.000000000000000096e-04
6.800000000000000488e-03
3.200000000000000153e-03
3.500000000000000073e-03
8.000000000000000383e-04
1.149999999999999981e-02
6.900000000000000751e-03
2.600000000000000314e-03
8.000000000000000383e-04
5.400000000000000286e-03
5.599999999999999943e-03
9.000000000000000838e-04
2.000000000000000096e-04
4.400000000000000265e-03
1.899999999999999996e-03
2.400000000000000223e-03
3.000000000000000062e-03
4.200000000000000608e-03
2.299999999999999961e-03
1.260000000000000009e-02
2.000000000000000096e-04
4.800000000000000447e-03
3.000000000000000279e-04
6.999999999999999929e-04
2.000000000000000096e-04
3.459999999999999881e-02
2.799999999999999972e-03
3.600000000000000335e-03
3.500000000000000073e-03
4.000000000000000192e-04
8.000000000000000383e-04
1.270000000000000122e-02
1.060000000000000005e-02
1.000000000000000021e-02
1.800000000000000168e-03
2.260000000000000203e-02
2.200000000000000133e-03
9.300000000000000974e-03
1.100000000000000066e-03
2.540000000000000244e-02
1.000000000000000048e-04
1.300000000000000157e-03
1.000000000000000021e-03
3.880000000000000115e-02
8.000000000000000383e-04
3.700000000000000164e-03
1.119999999999999989e-02
2.700000000000000143e-03
6.999999999999999929e-04
1.899999999999999996e-03
3.000000000000000279e-04
4.599999999999999922e-03
5.000000000000000104e-04
5.599999999999999943e-03
1.100000000000000066e-03
9.000000000000000838e-04
3.299999999999999982e-03
1.060000000000000005e-02
5.000000000000000104e-04
4.240000000000000019e-02
3.400000000000000244e-03
8.600000000000000006e-03
1.700000000000000122e-03
1.410000000000000142e-02
4.000000000000000192e-04
4.800000000000000447e-03
3.799999999999999992e-03
4.370000000000000273e-02
1.700000000000000122e-03
9.160000000000000087e-02
6.000000000000000559e-04
5.250000000000000500e-02
2.100000000000000304e-03
6.500000000000000222e-02
1.000000000000000048e-04
2.799999999999999972e-03
2.000000000000000096e-04
1.360000000000000098e-02
5.000000000000000104e-04
1.399999999999999986e-03
5.000000000000000104e-04
4.599999999999999922e-03
4.000000000000000192e-04
4.390000000000000152e-02
1.300000000000000157e-03
8.899999999999999925e-03
8.000000000000000383e-04
1.870000000000000134e-02
4.200000000000000608e-03
1.899999999999999953e-02
1.000000000000000048e-04
2.799999999999999972e-03
6.999999999999999929e-04
3.540000000000000091e-02
8.000000000000000383e-04
1.399999999999999986e-03
2.400000000000000223e-03
2.000000000000000096e-04
5.000000000000000104e-04
1.300000000000000157e-03
2.500000000000000052e-03
4.000000000000000192e-04
4.599999999999999922e-03
2.000000000000000096e-04
5.000000000000000104e-03
6.999999999999999929e-04
5.000000000000000104e-04
5.000000000000000104e-04
3.200000000000000153e-03
6.000000000000000559e-04
3.799999999999999992e-03
4.000000000000000192e-04
2.100000000000000304e-03
1.200000000000000112e-03
1.290000000000000001e-02
2.000000000000000042e-03
4.500000000000000527e-03
1.200000000000000112e-03
2.200000000000000133e-03
9.000000000000000838e-04
2.900000000000000234e-03
1.500000000000000031e-03
2.500000000000000052e-03
4.100000000000000346e-03
3.600000000000000335e-03
5.000000000000000104e-04
4.200000000000000608e-03
5.400000000000000286e-03
1.500000000000000031e-03
2.030000000000000207e-02
5.000000000000000104e-04
2.900000000000000234e-03
1.100000000000000066e-03
2.189999999999999933e-02
2.100000000000000304e-03
6.200000000000000649e-03
4.000000000000000192e-04
8.600000000000000006e-03
1.000000000000000021e-03
1.100000000000000110e-02
2.000000000000000096e-04
5.899999999999999863e-03
2.000000000000000096e-04
1.899999999999999953e-02
2.000000000000000096e-04
1.010000000000000134e-02
3.000000000000000279e-04
9.300000000000000974e-03
3.000000000000000279e-04
5.100000000000000366e-03
3.400000000000000244e-03
9.000000000000000838e-04
4.000000000000000192e-04
2.330000000000000127e-02
2.000000000000000096e-04
1.820000000000000090e-02
6.000000000000000559e-04
1.660000000000000017e-02
9.000000000000000838e-04
2.260000000000000203e-02
6.999999999999999929e-04
8.039999999999999925e-02
5.000000000000000104e-03
2.069999999999999965e-02
4.700000000000000185e-03
6.000000000000000559e-04
4.000000000000000192e-04
2.000000000000000042e-03
1.800000000000000168e-03
9.000000000000000838e-04
8.000000000000000383e-04
3.000000000000000279e-04
6.000000000000000559e-04
9.460000000000000353e-02
4.100000000000000346e-03
4.309999999999999942e-02
2.000000000000000096e-04
4.080000000000000293e-02
3.000000000000000279e-04
4.769999999999999934e-02
1.800000000000000168e-03
2.009999999999999981e-02
3.400000000000000244e-03
1.570000000000000215e-02
4.300000000000000003e-03
6.400000000000000307e-03
3.000000000000000279e-04
6.400000000000000307e-03
1.800000000000000168e-03
2.000000000000000042e-03
1.800000000000000168e-03
3.749999999999999861e-02
1.399999999999999986e-03
4.000000000000000192e-04
3.000000000000000279e-04
2.940000000000000252e-02
1.800000000000000168e-03
2.299999999999999961e-03
2.000000000000000096e-04
2.400000000000000050e-02
5.800000000000000468e-03
8.000000000000000383e-04
3.000000000000000279e-04
6.999999999999999929e-04
2.100000000000000304e-03
9.100000000000000450e-03
1.300000000000000157e-03
2.400000000000000223e-03
8.000000000000000383e-04
6.000000000000000559e-04
5.000000000000000104e-04
5.980000000000000593e-02
4.599999999999999922e-03
2.100000000000000304e-03
6.000000000000000559e-04
2.320000000000000187e-02
1.899999999999999996e-03
6.010000000000000064e-02
1.100000000000000066e-03
3.000000000000000279e-04
1.500000000000000031e-03
1.000000000000000021e-03
3.000000000000000279e-04
9.400000000000000369e-03
2.000000000000000096e-04
7.400000000000000328e-03
6.000000000000000559e-04
2.069999999999999965e-02
8.000000000000000383e-04
2.189999999999999933e-02
4.000000000000000192e-04
2.299999999999999961e-03
1.899999999999999996e-03
1.000000000000000048e-04
2.000000000000000096e-04
2.200000000000000219e-02
5.000000000000000104e-04
4.719999999999999890e-02
2.000000000000000096e-04
6.599999999999999964e-03
2.799999999999999972e-03
2.500000000000000052e-03
6.400000000000000307e-03
2.170000000000000054e-02
3.000000000000000062e-03
3.050000000000000280e-02
3.000000000000000279e-04
1.770000000000000046e-02
4.500000000000000527e-03
1.010000000000000134e-02
1.500000000000000031e-03
5.000000000000000104e-04
5.000000000000000104e-04
1.580000000000000154e-02
2.200000000000000133e-03
2.799999999999999972e-03
6.000000000000000559e-04
2.550000000000000183e-02
1.399999999999999986e-03
9.499999999999999764e-03
4.400000000000000265e-03
1.430000000000000021e-02
6.000000000000000559e-04
9.199999999999999845e-03
1.200000000000000112e-03
1.600000000000000033e-02
1.000000000000000048e-04
3.880000000000000115e-02
4.000000000000000192e-04
1.899999999999999996e-03
2.500000000000000052e-03
2.900000000000000234e-03
1.899999999999999996e-03
4.429999999999999910e-02
6.100000000000000387e-03
9.799999999999999684e-03
3.000000000000000279e-04
3.070000000000000159e-02
6.400000000000000307e-03
3.600000000000000335e-03
4.000000000000000192e-04
3.930000000000000160e-02
3.200000000000000153e-03
4.000000000000000083e-03
1.399999999999999986e-03
3.900000000000000255e-03
6.000000000000000559e-04
6.900000000000000751e-03
4.300000000000000003e-03
2.690000000000000030e-02
3.000000000000000279e-04
8.099999999999999561e-03
2.000000000000000042e-03
6.999999999999999929e-04
4.000000000000000192e-04
3.000000000000000062e-03
1.700000000000000122e-03
1.680000000000000243e-02
1.500000000000000031e-03
1.640000000000000138e-02
1.200000000000000112e-03
9.000000000000000838e-04
4.400000000000000265e-03
3.350000000000000200e-02
3.000000000000000279e-04
6.800000000000000488e-03
3.200000000000000153e-03
3.500000000000000073e-03
8.000000000000000383e-04
1.149999999999999981e-02
6.900000000000000751e-03
2.600000000000000314e-03
8.000000000000000383e-04
5.400000000000000286e-03
5.599999999999999943e-03
9.000000000000000838e-04
2.000000000000000096e-04
4.400000000000000265e-03
1.899999999999999996e-03
2.400000000000000223e-03
3.000000000000000062e-03
4.200000000000000608e-03
2.299999999999999961e-03
1.260000000000000009e-02
2.000000000000000096e-04
4.800000000000000447e-03
3.000000000000000279e-04
6.000000000000000559e-04
3.000000000000000279e-04
3.459999999999999881e-02
2.799999999999999972e-03
3.500000000000000073e-03
3.600000000000000335e-03
3.000000000000000279e-04
9.000000000000000838e-04
1.270000000000000122e-02
1.060000000000000005e-02
1.000000000000000021e-02
1.800000000000000168e-03
2.260000000000000203e-02
2.200000000000000133e-03
9.300000000000000974e-03
1.100000000000000066e-03
2.540000000000000244e-02
1.000000000000000048e-04
1.300000000000000157e-03
1.000000000000000021e-03
3.880000000000000115e-02
8.000000000000000383e-04
3.700000000000000164e-03
1.119999999999999989e-02
2.700000000000000143e-03
6.000000000000000559e-04
2.000000000000000042e-03
3.000000000000000279e-04
4.599999999999999922e-03
5.000000000000000104e-04
5.599999999999999943e-03
1.100000000000000066e-03
9.000000000000000838e-04
3.299999999999999982e-03
1.060000000000000005e-02
5.000000000000000104e-04
4.240000000000000019e-02
3.400000000000000244e-03
8.600000000000000006e-03
1.700000000000000122e-03
1.410000000000000142e-02
4.000000000000000192e-04
4.800000000000000447e-03
3.700000000000000164e-03
4.379999999999999866e-02
1.700000000000000122e-03
9.160000000000000087e-02
6.000000000000000559e-04
5.240000000000000213e-02
2.200000000000000133e-03
6.489999999999999936e-02
2.000000000000000096e-04
2.799999999999999972e-03
2.000000000000000096e-04
1.349999999999999985e-02
5.000000000000000104e-04
1.399999999999999986e-03
6.000000000000000559e-04
4.599999999999999922e-03
4.000000000000000192e-04
4.390000000000000152e-02
1.300000000000000157e-03
8.899999999999999925e-03
8.000000000000000383e-04
1.870000000000000134e-02
4.200000000000000608e-03
2.189999999999999933e-02
6.999999999999999929e-04
3.540000000000000091e-02
8.000000000000000383e-04
1.399999999999999986e-03
2.400000000000000223e-03
2.000000000000000096e-04
5.000000000000000104e-04
1.300000000000000157e-03
2.500000000000000052e-03
4.000000000000000192e-04
4.599999999999999922e-03
2.000000000000000096e-04
4.899999999999999842e-03
8.000000000000000383e-04
5.000000000000000104e-04
5.000000000000000104e-04
3.200000000000000153e-03
6.000000000000000559e-04
3.799999999999999992e-03
4.000000000000000192e-04
2.000000000000000042e-03
1.300000000000000157e-03
1.280000000000000061e-02
2.100000000000000304e-03
4.500000000000000527e-03
1.100000000000000066e-03
2.299999999999999961e-03
9.000000000000000838e-04
2.900000000000000234e-03
1.500000000000000031e-03
2.400000000000000223e-03
4.200000000000000608e-03
3.600000000000000335e-03
5.000000000000000104e-04
4.200000000000000608e-03
5.400000000000000286e-03
1.500000000000000031e-03
2.030000000000000207e-02
5.000000000000000104e-04
2.900000000000000234e-03
1.000000000000000021e-03
2.200000000000000219e-02
2.100000000000000304e-03
6.200000000000000649e-03
4.000000000000000192e-04
8.600000000000000006e-03
1.000000000000000021e-03
1.100000000000000110e-02
2.000000000000000096e-04
5.899999999999999863e-03
2.000000000000000096e-04
1.899999999999999953e-02
2.000000000000000096e-04
1.010000000000000134e-02
3.000000000000000279e-04
9.300000000000000974e-03
3.000000000000000279e-04
5.100000000000000366e-03
3.400000000000000244e-03
8.000000000000000383e-04
5.000000000000000104e-04
2.320000000000000187e-02
3.000000000000000279e-04
1.820000000000000090e-02
6.000000000000000559e-04
1.660000000000000017e-02
9.000000000000000838e-04
2.260000000000000203e-02
6.999999999999999929e-04
8.039999999999999925e-02
5.000000000000000104e-03
2.069999999999999965e-02
4.700000000000000185e-03
6.000000000000000559e-04
4.000000000000000192e-04
2.000000000000000042e-03
1.800000000000000168e-03
9.000000000000000838e-04
6.999999999999999929e-04
4.000000000000000192e-04
6.000000000000000559e-04
9.460000000000000353e-02
4.100000000000000346e-03
4.309999999999999942e-02
2.000000000000000096e-04
4.080000000000000293e-02
3.000000000000000279e-04
4.769999999999999934e-02
1.700000000000000122e-03
2.020000000000000268e-02
3.400000000000000244e-03
1.560000000000000102e-02
4.400000000000000265e-03
6.400000000000000307e-03
3.000000000000000279e-04
6.400000000000000307e-03
1.700000000000000122e-03
2.100000000000000304e-03
1.800000000000000168e-03
3.749999999999999861e-02
1.399999999999999986e-03
4.000000000000000192e-04
3.000000000000000279e-04
2.940000000000000252e-02
1.800000000000000168e-03
2.299999999999999961e-03
2.000000000000000096e-04
2.400000000000000050e-02
5.800000000000000468e-03
8.000000000000000383e-04
3.000000000000000279e-04
6.999999999999999929e-04
2.100000000000000304e-03
9.100000000000000450e-03
1.300000000000000157e-03
2.400000000000000223e-03
6.999999999999999929e-04
6.999999999999999929e-04
5.000000000000000104e-04
5.980000000000000593e-02
4.599999999999999922e-03
2.100000000000000304e-03
6.000000000000000559e-04
2.320000000000000187e-02
1.899999999999999996e-03
6.010000000000000064e-02
1.100000000000000066e-03
3.000000000000000279e-04
1.399999999999999986e-03
1.100000000000000066e-03
3.000000000000000279e-04
9.400000000000000369e-03
2.000000000000000096e-04
7.400000000000000328e-03
6.000000000000000559e-04
2.069999999999999965e-02
8.000000000000000383e-04
2.189999999999999933e-02
3.000000000000000279e-04
2.400000000000000223e-03
1.899999999999999996e-03
1.000000000000000048e-04
2.000000000000000096e-04
2.200000000000000219e-02
5.000000000000000104e-04
4.719999999999999890e-02
2.000000000000000096e-04
6.599999999999999964e-03
2.799999999999999972e-03
2.500000000000000052e-03
6.400000000000000307e-03
2.170000000000000054e-02
3.000000000000000062e-03
3.050000000000000280e-02
2.000000000000000096e-04
1.779999999999999985e-02
4.500000000000000527e-03
1.010000000000000134e-02
1.500000000000000031e-03
5.000000000000000104e-04
5.000000000000000104e-04
1.580000000000000154e-02
2.100000000000000304e-03
2.900000000000000234e-03
6.000000000000000559e-04
2.550000000000000183e-02
1.300000000000000157e-03
9.600000000000000894e-03
4.400000000000000265e-03
1.430000000000000021e-02
6.000000000000000559e-04
9.199999999999999845e-03
1.200000000000000112e-03
1.600000000000000033e-02
1.000000000000000048e-04
3.880000000000000115e-02
4.000000000000000192e-04
1.800000000000000168e-03
2.600000000000000314e-03
2.900000000000000234e-03
1.899999999999999996e-03
4.429999999999999910e-02
6.100000000000000387e-03
9.799999999999999684e-03
3.000000000000000279e-04
3.070000000000000159e-02
6.400000000000000307e-03
3.600000000000000335e-03
3.000000000000000279e-04
3.940000000000000446e-02
3.200000000000000153e-03
4.000000000000000083e-03
1.300000000000000157e-03
4.000000000000000083e-03
5.000000000000000104e-04
6.900000000000000751e-03
4.400000000000000265e-03
2.690000000000000030e-02
3.000000000000000279e-04
8.099999999999999561e-03
1.899999999999999996e-03
8.000000000000000383e-04
4.000000000000000192e-04
3.000000000000000062e-03
1.600000000000000077e-03
1.690000000000000183e-02
1.500000000000000031e-03
1.640000000000000138e-02
1.200000000000000112e-03
9.000000000000000838e-04
4.400000000000000265e-03
3.350000000000000200e-02
3.000000000000000279e-04
6.800000000000000488e-03
3.200000000000000153e-03
3.500000000000000073e-03
8.000000000000000383e-04
1.149999999999999981e-02
6.900000000000000751e-03
2.600000000000000314e-03
8.000000000000000383e-04
5.400000000000000286e-03
5.599999999999999943e-03
9.000000000000000838e-04
2.000000000000000096e-04
4.400000000000000265e-03
1.899999999999999996e-03
2.400000000000000223e-03
3.000000000000000062e-03
4.200000000000000608e-03
2.299999999999999961e-03
1.260000000000000009e-02
2.000000000000000096e-04
4.800000000000000447e-03
3.000000000000000279e-04
6.000000000000000559e-04
3.000000000000000279e-04
3.459999999999999881e-02
2.799999999999999972e-03
3.500000000000000073e-03
3.500000000000000073e-03
4.000000000000000192e-04
9.000000000000000838e-04
1.270000000000000122e-02
1.060000000000000005e-02
1.000000000000000021e-02
1.800000000000000168e-03
2.260000000000000203e-02
2.200000000000000133e-03
9.300000000000000974e-03
1.100000000000000066e-03
2.540000000000000244e-02
1.000000000000000048e-04
1.300000000000000157e-03
1.000000000000000021e-03
3.880000000000000115e-02
6.999999999999999929e-04
3.799999999999999992e-03
1.119999999999999989e-02
2.700000000000000143e-03
6.000000000000000559e-04
2.000000000000000042e-03
3.000000000000000279e-04
4.599999999999999922e-03
5.000000000000000104e-04
5.599999999999999943e-03
1.000000000000000021e-03
1.000000000000000021e-03
3.299999999999999982e-03
1.060000000000000005e-02
5.000000000000000104e-04
4.240000000000000019e-02
3.400000000000000244e-03
8.600000000000000006e-03
1.700000000000000122e-03
1.410000000000000142e-02
4.000000000000000192e-04
4.800000000000000447e-03
3.700000000000000164e-03
4.379999999999999866e-02
1.700000000000000122e-03
9.160000000000000087e-02
6.000000000000000559e-04
5.240000000000000213e-02
2.200000000000000133e-03
6.489999999999999936e-02
2.000000000000000096e-04
2.799999999999999972e-03
2.000000000000000096e-04
1.349999999999999985e-02
5.000000000000000104e-04
1.399999999999999986e-03
6.000000000000000559e-04
4.599999999999999922e-03
3.000000000000000279e-04
4.400000000000000439e-02
1.300000000000000157e-03
8.899999999999999925e-03
8.000000000000000383e-04
1.870000000000000134e-02
4.200000000000000608e-03
1.890000000000000013e-02
1.000000000000000048e-04
2.900000000000000234e-03
6.999999999999999929e-04
3.540000000000000091e-02
8.000000000000000383e-04
1.399999999999999986e-03
2.400000000000000223e-03
2.000000000000000096e-04
5.000000000000000104e-04
1.300000000000000157e-03
2.500000000000000052e-03
4.000000000000000192e-04
4.599999999999999922e-03
2.000000000000000096e-04
4.899999999999999842e-03
8.000000000000000383e-04
5.000000000000000104e-04
5.000000000000000104e-04
3.200000000000000153e-03
6.000000000000000559e-04
3.799999999999999992e-03
4.000000000000000192e-04
2.000000000000000042e-03
1.300000000000000157e-03
1.280000000000000061e-02
2.100000000000000304e-03
4.500000000000000527e-03
1.100000000000000066e-03
2.200000000000000133e-03
1.000000000000000021e-03
2.900000000000000234e-03
1.500000000000000031e-03
2.400000000000000223e-03
4.200000000000000608e-03
3.600000000000000335e-03
5.000000000000000104e-04
4.200000000000000608e-03
5.300000000000000024e-03
1.600000000000000077e-03
2.030000000000000207e-02
5.000000000000000104e-04
2.799999999999999972e-03
1.100000000000000066e-03
2.200000000000000219e-02
2.100000000000000304e-03
6.200000000000000649e-03
4.000000000000000192e-04
8.600000000000000006e-03
1.000000000000000021e-03
1.100000000000000110e-02
2.000000000000000096e-04
5.899999999999999863e-03
2.000000000000000096e-04
1.899999999999999953e-02
2.000000000000000096e-04
1.010000000000000134e-02
3.000000000000000279e-04
9.300000000000000974e-03
3.000000000000000279e-04
5.100000000000000366e-03
3.400000000000000244e-03
8.000000000000000383e-04
5.000000000000000104e-04
2.320000000000000187e-02
3.000000000000000279e-04
1.820000000000000090e-02
6.000000000000000559e-04
1.660000000000000017e-02
9.000000000000000838e-04
2.260000000000000203e-02
6.999999999999999929e-04
8.039999999999999925e-02
5.000000000000000104e-03
2.069999999999999965e-02
4.700000000000000185e-03
5.000000000000000104e-04
5.000000000000000104e-04
2.000000000000000042e-03
1.800000000000000168e-03
9.000000000000000838e-04
6.999999999999999929e-04
4.000000000000000192e-04
6.000000000000000559e-04
9.460000000000000353e-02
4.100000000000000346e-03
4.309999999999999942e-02
2.000000000000000096e-04
4.080000000000000293e-02
3.000000000000000279e-04
4.769999999999999934e-02
1.700000000000000122e-03
2.020000000000000268e-02
3.400000000000000244e-03
1.560000000000000102e-02
4.400000000000000265e-03
6.400000000000000307e-03
3.000000000000000279e-04
6.400000000000000307e-03
1.700000000000000122e-03
2.100000000000000304e-03
1.800000000000000168e-03
3.749999999999999861e-02
1.399999999999999986e-03
4.000000000000000192e-04
3.000000000000000279e-04
2.940000000000000252e-02
1.800000000000000168e-03
2.299999999999999961e-03
2.000000000000000096e-04
2.400000000000000050e-02
5.800000000000000468e-03
8.000000000000000383e-04
3.000000000000000279e-04
6.999999999999999929e-04
2.100000000000000304e-03
9.100000000000000450e-03
1.300000000000000157e-03
2.400000000000000223e-03
6.999999999999999929e-04
6.999999999999999929e-04
5.000000000000000104e-04
5.980000000000000593e-02
4.599999999999999922e-03
2.100000000000000304e-03
6.000000000000000559e-04
2.320000000000000187e-02
1.899999999999999996e-03
6.010000000000000064e-02
1.100000000000000066e-03
2.000000000000000096e-04
1.500000000000000031e-03
1.100000000000000066e-03
3.000000000000000279e-04
9.400000000000000369e-03
2.000000000000000096e-04
7.400000000000000328e-03
6.000000000000000559e-04
2.069999999999999965e-02
6.999999999999999929e-04
2.200000000000000219e-02
3.000000000000000279e-04
2.400000000000000223e-03
1.899999999999999996e-03
1.000000000000000048e-04
2.000000000000000096e-04
2.200000000000000219e-02
5.000000000000000104e-04
4.719999999999999890e-02
2.000000000000000096e-04
6.500000000000000569e-03
2.900000000000000234e-03
2.500000000000000052e-03
6.400000000000000307e-03
2.170000000000000054e-02
3.000000000000000062e-03
3.050000000000000280e-02
2.000000000000000096e-04
1.779999999999999985e-02
4.500000000000000527e-03
1.010000000000000134e-02
1.500000000000000031e-03
5.000000000000000104e-04
5.000000000000000104e-04
1.580000000000000154e-02
2.100000000000000304e-03
2.900000000000000234e-03
6.000000000000000559e-04
2.550000000000000183e-02
1.300000000000000157e-03
9.600000000000000894e-03
4.400000000000000265e-03
1.430000000000000021e-02
5.000000000000000104e-04
9.199999999999999845e-03
1.300000000000000157e-03
1.600000000000000033e-02
1.000000000000000048e-04
3.880000000000000115e-02
4.000000000000000192e-04
1.800000000000000168e-03
2.500000000000000052e-03
3.000000000000000062e-03
1.899999999999999996e-03
4.429999999999999910e-02
6.100000000000000387e-03
9.700000000000000289e-03
4.000000000000000192e-04
3.070000000000000159e-02
6.300000000000000044e-03
3.700000000000000164e-03
3.000000000000000279e-04
3.940000000000000446e-02
3.100000000000000325e-03
4.100000000000000346e-03
1.300000000000000157e-03
4.000000000000000083e-03
5.000000000000000104e-04
6.900000000000000751e-03
4.400000000000000265e-03
2.690000000000000030e-02
3.000000000000000279e-04
8.000000000000000167e-03
2.000000000000000042e-03
8.000000000000000383e-04
4.000000000000000192e-04
3.000000000000000062e-03
1.600000000000000077e-03
1.690000000000000183e-02
1.500000000000000031e-03
1.640000000000000138e-02
1.200000000000000112e-03
9.000000000000000838e-04
4.300000000000000003e-03
3.360000000000000486e-02
3.000000000000000279e-04
6.800000000000000488e-03
3.200000000000000153e-03
3.400000000000000244e-03
8.000000000000000383e-04
1.160000000000000094e-02
6.900000000000000751e-03
2.600000000000000314e-03
8.000000000000000383e-04
5.400000000000000286e-03
5.599999999999999943e-03
9.000000000000000838e-04
2.000000000000000096e-04
4.400000000000000265e-03
1.899999999999999996e-03
2.400000000000000223e-03
3.000000000000000062e-03
4.200000000000000608e-03
2.299999999999999961e-03
1.260000000000000009e-02
1.000000000000000048e-04
4.899999999999999842e-03
3.000000000000000279e-04
6.000000000000000559e-04
3.000000000000000279e-04
3.459999999999999881e-02
2.799999999999999972e-03
3.500000000000000073e-03
3.500000000000000073e-03
4.000000000000000192e-04
9.000000000000000838e-04
1.270000000000000122e-02
1.060000000000000005e-02
1.000000000000000021e-02
1.800000000000000168e-03
2.250000000000000264e-02
2.299999999999999961e-03
9.300000000000000974e-03
1.000000000000000021e-03
2.540000000000000244e-02
2.000000000000000096e-04
1.300000000000000157e-03
1.000000000000000021e-03
3.880000000000000115e-02
6.999999999999999929e-04
3.700000000000000164e-03
1.130000000000000102e-02
2.700000000000000143e-03
6.000000000000000559e-04
2.000000000000000042e-03
3.000000000000000279e-04
4.599999999999999922e-03
4.000000000000000192e-04
5.700000000000000205e-03
1.000000000000000021e-03
1.000000000000000021e-03
3.299999999999999982e-03
1.060000000000000005e-02
5.000000000000000104e-04
4.240000000000000019e-02
3.400000000000000244e-03
8.600000000000000006e-03
1.700000000000000122e-03
1.410000000000000142e-02
3.000000000000000279e-04
4.899999999999999842e-03
3.700000000000000164e-03
4.379999999999999866e-02
1.700000000000000122e-03
9.160000000000000087e-02
5.000000000000000104e-04
5.250000000000000500e-02
2.200000000000000133e-03
6.489999999999999936e-02
2.000000000000000096e-04
2.799999999999999972e-03
1.000000000000000048e-04
1.360000000000000098e-02
5.000000000000000104e-04
1.399999999999999986e-03
5.000000000000000104e-04
4.700000000000000185e-03
3.000000000000000279e-04
4.400000000000000439e-02
1.300000000000000157e-03
8.899999999999999925e-03
8.000000000000000383e-04
1.870000000000000134e-02
4.200000000000000608e-03
1.890000000000000013e-02
1.000000000000000048e-04
2.900000000000000234e-03
6.999999999999999929e-04
3.540000000000000091e-02
6.999999999999999929e-04
1.500000000000000031e-03
2.400000000000000223e-03
2.000000000000000096e-04
5.000000000000000104e-04
1.200000000000000112e-03
2.600000000000000314e-03
4.000000000000000192e-04
4.599999999999999922e-03
2.000000000000000096e-04
4.899999999999999842e-03
8.000000000000000383e-04
5.000000000000000104e-04
5.000000000000000104e-04
3.200000000000000153e-03
6.000000000000000559e-04
3.700000000000000164e-03
5.000000000000000104e-04
2.000000000000000042e-03
1.300000000000000157e-03
1.280000000000000061e-02
2.100000000000000304e-03
4.500000000000000527e-03
1.100000000000000066e-03
2.200000000000000133e-03
1.000000000000000021e-03
2.900000000000000234e-03
1.500000000000000031e-03
2.400000000000000223e-03
4.200000000000000608e-03
3.600000000000000335e-03
4.000000000000000192e-04
4.300000000000000003e-03
5.300000000000000024e-03
1.600000000000000077e-03
2.030000000000000207e-02
5.000000000000000104e-04
2.799999999999999972e-03
1.100000000000000066e-03
2.200000000000000219e-02
2.100000000000000304e-03
6.200000000000000649e-03
3.000000000000000279e-04
8.600000000000000006e-03
1.100000000000000066e-03
1.100000000000000110e-02
2.000000000000000096e-04
5.899999999999999863e-03
2.000000000000000096e-04
1.899999999999999953e-02
2.000000000000000096e-04
1.010000000000000134e-02
3.000000000000000279e-04
9.300000000000000974e-03
3.000000000000000279e-04
5.100000000000000366e-03
3.400000000000000244e-03
8.000000000000000383e-04
5.000000000000000104e-04
2.320000000000000187e-02
3.000000000000000279e-04
1.810000000000000150e-02
6.999999999999999929e-04
1.660000000000000017e-02
8.000000000000000383e-04
2.270000000000000143e-02
6.999999999999999929e-04
8.039999999999999925e-02
5.000000000000000104e-03
2.069999999999999965e-02
4.700000000000000185e-03
5.000000000000000104e-04
5.000000000000000104e-04
2.000000000000000042e-03
1.800000000000000168e-03
9.000000000000000838e-04
6.999999999999999929e-04
4.000000000000000192e-04
6.000000000000000559e-04
7.900000000000000078e-02
1.000000000000000048e-04
1.549999999999999989e-02
4.000000000000000083e-03
4.320000000000000229e-02
1.000000000000000048e-04
4.089999999999999886e-02
3.000000000000000279e-04
4.769999999999999934e-02
1.700000000000000122e-03
2.020000000000000268e-02
3.400000000000000244e-03
1.560000000000000102e-02
4.400000000000000265e-03
6.400000000000000307e-03
3.000000000000000279e-04
6.400000000000000307e-03
1.700000000000000122e-03
2.100000000000000304e-03
1.800000000000000168e-03
3.740000000000000269e-02
1.500000000000000031e-03
4.000000000000000192e-04
3.000000000000000279e-04
2.940000000000000252e-02
1.800000000000000168e-03
2.299999999999999961e-03
2.000000000000000096e-04
2.390000000000000110e-02
5.899999999999999863e-03
8.000000000000000383e-04
3.000000000000000279e-04
6.999999999999999929e-04
2.100000000000000304e-03
9.100000000000000450e-03
1.300000000000000157e-03
2.400000000000000223e-03
6.999999999999999929e-04
6.000000000000000559e-04
6.000000000000000559e-04
5.980000000000000593e-02
4.500000000000000527e-03
2.200000000000000133e-03
6.000000000000000559e-04
2.310000000000000248e-02
2.000000000000000042e-03
6.010000000000000064e-02
1.100000000000000066e-03
2.000000000000000096e-04
1.500000000000000031e-03
1.100000000000000066e-03
3.000000000000000279e-04
9.300000000000000974e-03
3.000000000000000279e-04
7.400000000000000328e-03
6.000000000000000559e-04
2.060000000000000026e-02
8.000000000000000383e-04
2.200000000000000219e-02
3.000000000000000279e-04
2.400000000000000223e-03
1.899999999999999996e-03
1.000000000000000048e-04
2.000000000000000096e-04
2.200000000000000219e-02
5.000000000000000104e-04
4.719999999999999890e-02
2.000000000000000096e-04
6.500000000000000569e-03
2.900000000000000234e-03
2.400000000000000223e-03
6.500000000000000569e-03
2.170000000000000054e-02
2.900000000000000234e-03
3.060000000000000220e-02
2.000000000000000096e-04
1.779999999999999985e-02
4.500000000000000527e-03
1.010000000000000134e-02
1.500000000000000031e-03
5.000000000000000104e-04
5.000000000000000104e-04
1.580000000000000154e-02
2.100000000000000304e-03
2.900000000000000234e-03
6.000000000000000559e-04
2.550000000000000183e-02
1.300000000000000157e-03
9.600000000000000894e-03
4.400000000000000265e-03
1.430000000000000021e-02
5.000000000000000104e-04
9.199999999999999845e-03
1.200000000000000112e-03
1.609999999999999973e-02
1.000000000000000048e-04
3.880000000000000115e-02
4.000000000000000192e-04
1.800000000000000168e-03
2.500000000000000052e-03
3.000000000000000062e-03
1.899999999999999996e-03
4.429999999999999910e-02
6.100000000000000387e-03
9.700000000000000289e-03
4.000000000000000192e-04
3.070000000000000159e-02
6.300000000000000044e-03
3.700000000000000164e-03
3.000000000000000279e-04
3.940000000000000446e-02
3.100000000000000325e-03
4.100000000000000346e-03
1.300000000000000157e-03
4.000000000000000083e-03
5.000000000000000104e-04
6.900000000000000751e-03
4.400000000000000265e-03
2.690000000000000030e-02
3.000000000000000279e-04
8.000000000000000167e-03
2.000000000000000042e-03
8.000000000000000383e-04
4.000000000000000192e-04
3.000000000000000062e-03
1.600000000000000077e-03
1.690000000000000183e-02
1.500000000000000031e-03
1.640000000000000138e-02
1.200000000000000112e-03
9.000000000000000838e-04
4.300000000000000003e-03
3.360000000000000486e-02
2.000000000000000096e-04
6.900000000000000751e-03
3.200000000000000153e-03
3.400000000000000244e-03
8.000000000000000383e-04
1.160000000000000094e-02
6.900000000000000751e-03
2.600000000000000314e-03
8.000000000000000383e-04
5.300000000000000024e-03
5.700000000000000205e-03
9.000000000000000838e-04
2.000000000000000096e-04
4.300000000000000003e-03
2.000000000000000042e-03
2.400000000000000223e-03
3.000000000000000062e-03
4.100000000000000346e-03
2.400000000000000223e-03
1.260000000000000009e-02
1.000000000000000048e-04
4.899999999999999842e-03
3.000000000000000279e-04
6.000000000000000559e-04
3.000000000000000279e-04
3.459999999999999881e-02
2.799999999999999972e-03
3.500000000000000073e-03
3.500000000000000073e-03
4.000000000000000192e-04
9.000000000000000838e-04
1.270000000000000122e-02
1.060000000000000005e-02
1.000000000000000021e-02
1.800000000000000168e-03
2.250000000000000264e-02
2.299999999999999961e-03
9.300000000000000974e-03
1.000000000000000021e-03
2.540000000000000244e-02
2.000000000000000096e-04
1.300000000000000157e-03
1.000000000000000021e-03
3.880000000000000115e-02
6.999999999999999929e-04
3.700000000000000164e-03
1.130000000000000102e-02
2.600000000000000314e-03
6.999999999999999929e-04
2.000000000000000042e-03
3.000000000000000279e-04
4.599999999999999922e-03
4.000000000000000192e-04
5.700000000000000205e-03
1.000000000000000021e-03
1.000000000000000021e-03
3.299999999999999982e-03
1.060000000000000005e-02
5.000000000000000104e-04
4.240000000000000019e-02
3.299999999999999982e-03
8.700000000000001135e-03
1.700000000000000122e-03
2.900000000000000234e-03
1.000000000000000048e-04
1.110000000000000049e-02
3.000000000000000279e-04
4.899999999999999842e-03
3.700000000000000164e-03
4.379999999999999866e-02
1.600000000000000077e-03
9.160000000000000087e-02
6.000000000000000559e-04
5.250000000000000500e-02
2.100000000000000304e-03
6.500000000000000222e-02
2.000000000000000096e-04
2.799999999999999972e-03
1.000000000000000048e-04
1.360000000000000098e-02
5.000000000000000104e-04
1.399999999999999986e-03
5.000000000000000104e-04
4.700000000000000185e-03
3.000000000000000279e-04
4.400000000000000439e-02
1.300000000000000157e-03
8.899999999999999925e-03
8.000000000000000383e-04
1.870000000000000134e-02
4.200000000000000608e-03
1.890000000000000013e-02
1.000000000000000048e-04
2.900000000000000234e-03
6.999999999999999929e-04
3.530000000000000498e-02
8.000000000000000383e-04
1.500000000000000031e-03
2.400000000000000223e-03
2.000000000000000096e-04
5.000000000000000104e-04
1.200000000000000112e-03
2.500000000000000052e-03
5.000000000000000104e-04
4.599999999999999922e-03
2.000000000000000096e-04
4.899999999999999842e-03
8.000000000000000383e-04
5.000000000000000104e-04
5.000000000000000104e-04
3.200000000000000153e-03
5.000000000000000104e-04
3.799999999999999992e-03
5.000000000000000104e-04
2.000000000000000042e-03
1.300000000000000157e-03
1.280000000000000061e-02
2.100000000000000304e-03
4.500000000000000527e-03
1.100000000000000066e-03
2.200000000000000133e-03
1.000000000000000021e-03
2.799999999999999972e-03
1.600000000000000077e-03
2.400000000000000223e-03
4.200000000000000608e-03
3.600000000000000335e-03
4.000000000000000192e-04
4.300000000000000003e-03
5.300000000000000024e-03
1.600000000000000077e-03
2.030000000000000207e-02
5.000000000000000104e-04
2.799999999999999972e-03
1.100000000000000066e-03
2.200000000000000219e-02
2.100000000000000304e-03
6.200000000000000649e-03
3.000000000000000279e-04
8.600000000000000006e-03
1.100000000000000066e-03
1.089999999999999997e-02
3.000000000000000279e-04
5.899999999999999863e-03
2.000000000000000096e-04
1.899999999999999953e-02
2.000000000000000096e-04
1.010000000000000134e-02
3.000000000000000279e-04
9.199999999999999845e-03
4.000000000000000192e-04
5.100000000000000366e-03
3.400000000000000244e-03
8.000000000000000383e-04
4.000000000000000192e-04
2.330000000000000127e-02
3.000000000000000279e-04
1.810000000000000150e-02
6.999999999999999929e-04
1.650000000000000078e-02
9.000000000000000838e-04
2.270000000000000143e-02
6.999999999999999929e-04
8.039999999999999925e-02
5.000000000000000104e-03
2.069999999999999965e-02
4.700000000000000185e-03
5.000000000000000104e-04
5.000000000000000104e-04
2.000000000000000042e-03
1.800000000000000168e-03
9.000000000000000838e-04
6.999999999999999929e-04
4.000000000000000192e-04
6.000000000000000559e-04
7.900000000000000078e-02
1.000000000000000048e-04
1.549999999999999989e-02
4.000000000000000083e-03
4.320000000000000229e-02
1.000000000000000048e-04
4.089999999999999886e-02
3.000000000000000279e-04
4.769999999999999934e-02
1.700000000000000122e-03
2.020000000000000268e-02
3.400000000000000244e-03
1.560000000000000102e-02
4.400000000000000265e-03
6.400000000000000307e-03
3.000000000000000279e-04
6.300000000000000044e-03
1.800000000000000168e-03
2.100000000000000304e-03
1.800000000000000168e-03
3.740000000000000269e-02
1.500000000000000031e-03
4.000000000000000192e-04
3.000000000000000279e-04
2.940000000000000252e-02
1.800000000000000168e-03
2.299999999999999961e-03
2.000000000000000096e-04
2.390000000000000110e-02
5.899999999999999863e-03
8.000000000000000383e-04
3.000000000000000279e-04
6.999999999999999929e-04
2.100000000000000304e-03
9.100000000000000450e-03
1.300000000000000157e-03
2.400000000000000223e-03
6.999999999999999929e-04
6.000000000000000559e-04
6.000000000000000559e-04
5.980000000000000593e-02
4.500000000000000527e-03
2.200000000000000133e-03
6.000000000000000559e-04
2.310000000000000248e-02
2.000000000000000042e-03
6.010000000000000064e-02
1.100000000000000066e-03
2.000000000000000096e-04
1.500000000000000031e-03
1.100000000000000066e-03
3.000000000000000279e-04
9.300000000000000974e-03
3.000000000000000279e-04
7.400000000000000328e-03
6.000000000000000559e-04
2.060000000000000026e-02
8.000000000000000383e-04
2.200000000000000219e-02
3.000000000000000279e-04
2.400000000000000223e-03
1.899999999999999996e-03
1.000000000000000048e-04
2.000000000000000096e-04
2.189999999999999933e-02
5.000000000000000104e-04
4.719999999999999890e-02
3.000000000000000279e-04
6.500000000000000569e-03
2.900000000000000234e-03
2.400000000000000223e-03
6.500000000000000569e-03
2.170000000000000054e-02
2.900000000000000234e-03
3.060000000000000220e-02
2.000000000000000096e-04
1.779999999999999985e-02
4.500000000000000527e-03
1.000000000000000021e-02
1.600000000000000077e-03
5.000000000000000104e-04
5.000000000000000104e-04
1.580000000000000154e-02
2.100000000000000304e-03
2.900000000000000234e-03
6.000000000000000559e-04
2.540000000000000244e-02
1.399999999999999986e-03
9.600000000000000894e-03
4.400000000000000265e-03
1.430000000000000021e-02
5.000000000000000104e-04
9.199999999999999845e-03
1.200000000000000112e-03
1.609999999999999973e-02
1.000000000000000048e-04
3.880000000000000115e-02
4.000000000000000192e-04
1.800000000000000168e-03
2.500000000000000052e-03
3.000000000000000062e-03
1.899999999999999996e-03
4.429999999999999910e-02
6.100000000000000387e-03
9.700000000000000289e-03
4.000000000000000192e-04
3.070000000000000159e-02
6.300000000000000044e-03
3.700000000000000164e-03
3.000000000000000279e-04
3.930000000000000160e-02
3.200000000000000153e-03
4.100000000000000346e-03
1.300000000000000157e-03
4.000000000000000083e-03
5.000000000000000104e-04
6.900000000000000751e-03
4.400000000000000265e-03
2.690000000000000030e-02
3.000000000000000279e-04
8.000000000000000167e-03
2.000000000000000042e-03
8.000000000000000383e-04
4.000000000000000192e-04
3.000000000000000062e-03
1.600000000000000077e-03
1.690000000000000183e-02
1.500000000000000031e-03
1.640000000000000138e-02
1.200000000000000112e-03
9.000000000000000838e-04
4.300000000000000003e-03
3.360000000000000486e-02
2.000000000000000096e-04
6.900000000000000751e-03
3.200000000000000153e-03
3.400000000000000244e-03
8.000000000000000383e-04
1.160000000000000094e-02
6.900000000000000751e-03
2.600000000000000314e-03
6.999999999999999929e-04
5.400000000000000286e-03
5.700000000000000205e-03
9.000000000000000838e-04
2.000000000000000096e-04
4.300000000000000003e-03
2.000000000000000042e-03
2.400000000000000223e-03
3.000000000000000062e-03
4.100000000000000346e-03
2.400000000000000223e-03
1.260000000000000009e-02
1.000000000000000048e-04
4.899999999999999842e-03
3.000000000000000279e-04
6.000000000000000559e-04
3.000000000000000279e-04
3.459999999999999881e-02
2.700000000000000143e-03
3.600000000000000335e-03
3.500000000000000073e-03
4.000000000000000192e-04
9.000000000000000838e-04
1.270000000000000122e-02
1.060000000000000005e-02
1.000000000000000021e-02
1.800000000000000168e-03
2.250000000000000264e-02
2.299999999999999961e-03
9.300000000000000974e-03
1.000000000000000021e-03
2.540000000000000244e-02
2.000000000000000096e-04
1.300000000000000157e-03
1.000000000000000021e-03
3.880000000000000115e-02
6.999999999999999929e-04
3.700000000000000164e-03
1.130000000000000102e-02
2.600000000000000314e-03
6.999999999999999929e-04
2.000000000000000042e-03
3.000000000000000279e-04
4.599999999999999922e-03
4.000000000000000192e-04
5.700000000000000205e-03
1.000000000000000021e-03
1.000000000000000021e-03
3.299999999999999982e-03
1.060000000000000005e-02
5.000000000000000104e-04
4.230000000000000426e-02
3.400000000000000244e-03
8.700000000000001135e-03
1.700000000000000122e-03
2.900000000000000234e-03
1.000000000000000048e-04
1.110000000000000049e-02
3.000000000000000279e-04
4.800000000000000447e-03
3.799999999999999992e-03
4.379999999999999866e-02
1.600000000000000077e-03
9.160000000000000087e-02
6.000000000000000559e-04
5.250000000000000500e-02
2.100000000000000304e-03
6.500000000000000222e-02
2.000000000000000096e-04
2.700000000000000143e-03
2.000000000000000096e-04
1.360000000000000098e-02
5.000000000000000104e-04
1.399999999999999986e-03
5.000000000000000104e-04
4.599999999999999922e-03
4.000000000000000192e-04
4.390000000000000152e-02
1.399999999999999986e-03
8.899999999999999925e-03
8.000000000000000383e-04
1.870000000000000134e-02
4.200000000000000608e-03
1.890000000000000013e-02
1.000000000000000048e-04
2.900000000000000234e-03
6.999999999999999929e-04
3.530000000000000498e-02
8.000000000000000383e-04
1.500000000000000031e-03
2.400000000000000223e-03
2.000000000000000096e-04
5.000000000000000104e-04
1.200000000000000112e-03
2.500000000000000052e-03
5.000000000000000104e-04
4.500000000000000527e-03
2.000000000000000096e-04
5.000000000000000104e-03
8.000000000000000383e-04
5.000000000000000104e-04
5.000000000000000104e-04
3.200000000000000153e-03
5.000000000000000104e-04
3.799999999999999992e-03
5.000000000000000104e-04
2.000000000000000042e-03
1.300000000000000157e-03
1.280000000000000061e-02
2.100000000000000304e-03
4.500000000000000527e-03
1.100000000000000066e-03
2.200000000000000133e-03
1.000000000000000021e-03
2.799999999999999972e-03
1.600000000000000077e-03
2.400000000000000223e-03
4.200000000000000608e-03
3.600000000000000335e-03
4.000000000000000192e-04
4.300000000000000003e-03
5.300000000000000024e-03
1.600000000000000077e-03
2.030000000000000207e-02
5.000000000000000104e-04
2.799999999999999972e-03
1.100000000000000066e-03
2.200000000000000219e-02
2.000000000000000042e-03
6.300000000000000044e-03
3.000000000000000279e-04
8.600000000000000006e-03
1.100000000000000066e-03
1.089999999999999997e-02
3.000000000000000279e-04
5.899999999999999863e-03
2.000000000000000096e-04
1.899999999999999953e-02
2.000000000000000096e-04
1.010000000000000134e-02
3.000000000000000279e-04
9.199999999999999845e-03
3.000000000000000279e-04
5.200000000000000629e-03
3.400000000000000244e-03
8.000000000000000383e-04
4.000000000000000192e-04
2.330000000000000127e-02
3.000000000000000279e-04
1.810000000000000150e-02
6.999999999999999929e-04
1.650000000000000078e-02
9.000000000000000838e-04
2.260000000000000203e-02
8.000000000000000383e-04
8.039999999999999925e-02
5.000000000000000104e-03
2.069999999999999965e-02
4.700000000000000185e-03
5.000000000000000104e-04
5.000000000000000104e-04
2.000000000000000042e-03
1.800000000000000168e-03
9.000000000000000838e-04
6.999999999999999929e-04
4.000000000000000192e-04
5.000000000000000104e-04
9.460000000000000353e-02
4.100000000000000346e-03
4.309999999999999942e-02
2.000000000000000096e-04
4.080000000000000293e-02
4.000000000000000192e-04
4.760000000000000342e-02
1.800000000000000168e-03
2.009999999999999981e-02
3.500000000000000073e-03
1.560000000000000102e-02
4.400000000000000265e-03
6.400000000000000307e-03
2.000000000000000096e-04
6.400000000000000307e-03
1.800000000000000168e-03
2.100000000000000304e-03
1.800000000000000168e-03
3.740000000000000269e-02
1.500000000000000031e-03
3.000000000000000279e-04
4.000000000000000192e-04
2.940000000000000252e-02
1.700000000000000122e-03
2.400000000000000223e-03
2.000000000000000096e-04
2.390000000000000110e-02
5.899999999999999863e-03
8.000000000000000383e-04
3.000000000000000279e-04
6.000000000000000559e-04
2.200000000000000133e-03
9.100000000000000450e-03
1.300000000000000157e-03
2.400000000000000223e-03
6.999999999999999929e-04
6.000000000000000559e-04
6.000000000000000559e-04
5.980000000000000593e-02
4.500000000000000527e-03
2.200000000000000133e-03
5.000000000000000104e-04
2.320000000000000187e-02
2.000000000000000042e-03
6.010000000000000064e-02
1.100000000000000066e-03
2.000000000000000096e-04
1.500000000000000031e-03
1.000000000000000021e-03
4.000000000000000192e-04
9.300000000000000974e-03
3.000000000000000279e-04
7.400000000000000328e-03
5.000000000000000104e-04
2.069999999999999965e-02
8.000000000000000383e-04
2.200000000000000219e-02
3.000000000000000279e-04
2.400000000000000223e-03
1.800000000000000168e-03
2.000000000000000096e-04
1.000000000000000048e-04
2.200000000000000219e-02
5.000000000000000104e-04
4.719999999999999890e-02
3.000000000000000279e-04
6.500000000000000569e-03
2.900000000000000234e-03
2.400000000000000223e-03
6.500000000000000569e-03
2.170000000000000054e-02
2.900000000000000234e-03
3.060000000000000220e-02
2.000000000000000096e-04
1.779999999999999985e-02
4.400000000000000265e-03
1.010000000000000134e-02
1.600000000000000077e-03
5.000000000000000104e-04
4.000000000000000192e-04
1.590000000000000094e-02
2.100000000000000304e-03
2.900000000000000234e-03
6.000000000000000559e-04
2.540000000000000244e-02
1.399999999999999986e-03
9.600000000000000894e-03
4.300000000000000003e-03
1.440000000000000134e-02
5.000000000000000104e-04
9.199999999999999845e-03
1.200000000000000112e-03
1.609999999999999973e-02
1.000000000000000048e-04
3.880000000000000115e-02
4.000000000000000192e-04
1.800000000000000168e-03
2.500000000000000052e-03
3.000000000000000062e-03
1.899999999999999996e-03
4.429999999999999910e-02
6.100000000000000387e-03
9.700000000000000289e-03
4.000000000000000192e-04
3.060000000000000220e-02
6.400000000000000307e-03
3.700000000000000164e-03
3.000000000000000279e-04
3.930000000000000160e-02
3.200000000000000153e-03
4.100000000000000346e-03
1.300000000000000157e-03
3.900000000000000255e-03
6.000000000000000559e-04
6.900000000000000751e-03
4.400000000000000265e-03
2.680000000000000090e-02
4.000000000000000192e-04
8.000000000000000167e-03
2.000000000000000042e-03
8.000000000000000383e-04
4.000000000000000192e-04
3.000000000000000062e-03
1.600000000000000077e-03
1.690000000000000183e-02
1.500000000000000031e-03
1.640000000000000138e-02
1.200000000000000112e-03
9.000000000000000838e-04
4.300000000000000003e-03
3.360000000000000486e-02
2.000000000000000096e-04
6.800000000000000488e-03
3.299999999999999982e-03
3.400000000000000244e-03
8.000000000000000383e-04
1.160000000000000094e-02
6.900000000000000751e-03
2.600000000000000314e-03
6.999999999999999929e-04
5.400000000000000286e-03
5.700000000000000205e-03
8.000000000000000383e-04
3.000000000000000279e-04
4.300000000000000003e-03
2.000000000000000042e-03
2.400000000000000223e-03
3.000000000000000062e-03
4.100000000000000346e-03
2.400000000000000223e-03
1.260000000000000009e-02
1.000000000000000048e-04
4.899999999999999842e-03
2.000000000000000096e-04
6.999999999999999929e-04
3.000000000000000279e-04
3.459999999999999881e-02
2.700000000000000143e-03
3.600000000000000335e-03
3.500000000000000073e-03
4.000000000000000192e-04
9.000000000000000838e-04
1.270000000000000122e-02
1.060000000000000005e-02
1.000000000000000021e-02
1.800000000000000168e-03
2.250000000000000264e-02
2.299999999999999961e-03
9.300000000000000974e-03
1.000000000000000021e-03
2.540000000000000244e-02
2.000000000000000096e-04
1.300000000000000157e-03
9.000000000000000838e-04
3.880000000000000115e-02
8.000000000000000383e-04
3.700000000000000164e-03
1.130000000000000102e-02
2.600000000000000314e-03
6.999999999999999929e-04
2.000000000000000042e-03
3.000000000000000279e-04
4.599999999999999922e-03
4.000000000000000192e-04
5.700000000000000205e-03
1.000000000000000021e-03
1.000000000000000021e-03
3.200000000000000153e-03
1.060000000000000005e-02
6.000000000000000559e-04
4.230000000000000426e-02
3.400000000000000244e-03
8.600000000000000006e-03
1.800000000000000168e-03
2.900000000000000234e-03
1.000000000000000048e-04
1.110000000000000049e-02
3.000000000000000279e-04
4.800000000000000447e-03
3.799999999999999992e-03
4.379999999999999866e-02
1.600000000000000077e-03
9.160000000000000087e-02
6.000000000000000559e-04
5.250000000000000500e-02
2.100000000000000304e-03
6.500000000000000222e-02
2.000000000000000096e-04
2.700000000000000143e-03
2.000000000000000096e-04
1.360000000000000098e-02
5.000000000000000104e-04
1.399999999999999986e-03
5.000000000000000104e-04
4.599999999999999922e-03
4.000000000000000192e-04
4.390000000000000152e-02
1.399999999999999986e-03
8.899999999999999925e-03
8.000000000000000383e-04
1.870000000000000134e-02
4.200000000000000608e-03
1.890000000000000013e-02
1.000000000000000048e-04
2.900000000000000234e-03
6.999999999999999929e-04
3.530000000000000498e-02
8.000000000000000383e-04
1.500000000000000031e-03
2.299999999999999961e-03
3.000000000000000279e-04
5.000000000000000104e-04
1.200000000000000112e-03
2.500000000000000052e-03
5.000000000000000104e-04
4.500000000000000527e-03
2.000000000000000096e-04
5.000000000000000104e-03
8.000000000000000383e-04
4.000000000000000192e-04
6.000000000000000559e-04
3.200000000000000153e-03
5.000000000000000104e-04
3.799999999999999992e-03
5.000000000000000104e-04
2.000000000000000042e-03
1.200000000000000112e-03
1.290000000000000001e-02
2.100000000000000304e-03
4.500000000000000527e-03
1.100000000000000066e-03
2.200000000000000133e-03
1.000000000000000021e-03
2.799999999999999972e-03
1.600000000000000077e-03
2.400000000000000223e-03
4.100000000000000346e-03
3.700000000000000164e-03
4.000000000000000192e-04
4.300000000000000003e-03
5.300000000000000024e-03
1.600000000000000077e-03
2.030000000000000207e-02
5.000000000000000104e-04
2.799999999999999972e-03
1.100000000000000066e-03
2.200000000000000219e-02
2.000000000000000042e-03
6.300000000000000044e-03
3.000000000000000279e-04
8.600000000000000006e-03
1.000000000000000021e-03
1.100000000000000110e-02
3.000000000000000279e-04
5.800000000000000468e-03
3.000000000000000279e-04
1.890000000000000013e-02
3.000000000000000279e-04
1.010000000000000134e-02
3.000000000000000279e-04
9.199999999999999845e-03
3.000000000000000279e-04
5.200000000000000629e-03
3.400000000000000244e-03
8.000000000000000383e-04
4.000000000000000192e-04
2.330000000000000127e-02
3.000000000000000279e-04
1.810000000000000150e-02
6.999999999999999929e-04
1.650000000000000078e-02
9.000000000000000838e-04
2.260000000000000203e-02
8.000000000000000383e-04
8.039999999999999925e-02
4.899999999999999842e-03
2.069999999999999965e-02
4.800000000000000447e-03
5.000000000000000104e-04
4.000000000000000192e-04
2.100000000000000304e-03
1.700000000000000122e-03
1.000000000000000021e-03
6.999999999999999929e-04
3.000000000000000279e-04
6.000000000000000559e-04
9.460000000000000353e-02
4.100000000000000346e-03
4.309999999999999942e-02
2.000000000000000096e-04
4.080000000000000293e-02
3.000000000000000279e-04
4.769999999999999934e-02
1.800000000000000168e-03
2.009999999999999981e-02
3.500000000000000073e-03
1.560000000000000102e-02
4.400000000000000265e-03
6.400000000000000307e-03
2.000000000000000096e-04
6.400000000000000307e-03
1.800000000000000168e-03
2.100000000000000304e-03
1.800000000000000168e-03
3.740000000000000269e-02
1.500000000000000031e-03
3.000000000000000279e-04
4.000000000000000192e-04
2.930000000000000313e-02
1.800000000000000168e-03
2.400000000000000223e-03
2.000000000000000096e-04
2.390000000000000110e-02
5.800000000000000468e-03
9.000000000000000838e-04
3.000000000000000279e-04
6.000000000000000559e-04
2.200000000000000133e-03
9.000000000000001055e-03
1.399999999999999986e-03
2.400000000000000223e-03
6.999999999999999929e-04
6.000000000000000559e-04
6.000000000000000559e-04
5.980000000000000593e-02
4.500000000000000527e-03
2.100000000000000304e-03
6.000000000000000559e-04
2.320000000000000187e-02
1.899999999999999996e-03
6.010000000000000064e-02
1.200000000000000112e-03
2.000000000000000096e-04
1.500000000000000031e-03
1.000000000000000021e-03
4.000000000000000192e-04
9.300000000000000974e-03
2.000000000000000096e-04
7.500000000000000590e-03
5.000000000000000104e-04
2.069999999999999965e-02
8.000000000000000383e-04
2.200000000000000219e-02
3.000000000000000279e-04
2.299999999999999961e-03
1.899999999999999996e-03
2.000000000000000096e-04
1.000000000000000048e-04
2.200000000000000219e-02
5.000000000000000104e-04
4.719999999999999890e-02
2.000000000000000096e-04
6.599999999999999964e-03
2.900000000000000234e-03
2.400000000000000223e-03
6.500000000000000569e-03
2.170000000000000054e-02
2.900000000000000234e-03
3.060000000000000220e-02
2.000000000000000096e-04
1.779999999999999985e-02
4.400000000000000265e-03
1.010000000000000134e-02
1.600000000000000077e-03
5.000000000000000104e-04
4.000000000000000192e-04
1.590000000000000094e-02
2.100000000000000304e-03
2.900000000000000234e-03
6.000000000000000559e-04
2.540000000000000244e-02
1.399999999999999986e-03
9.600000000000000894e-03
4.300000000000000003e-03
1.440000000000000134e-02
5.000000000000000104e-04
9.199999999999999845e-03
1.200000000000000112e-03
1.609999999999999973e-02
1.000000000000000048e-04
3.880000000000000115e-02
4.000000000000000192e-04
1.800000000000000168e-03
2.500000000000000052e-03
3.000000000000000062e-03
1.899999999999999996e-03
4.420000000000000318e-02
6.200000000000000649e-03
9.700000000000000289e-03
4.000000000000000192e-04
3.060000000000000220e-02
6.400000000000000307e-03
3.700000000000000164e-03
3.000000000000000279e-04
3.930000000000000160e-02
3.200000000000000153e-03
4.100000000000000346e-03
1.300000000000000157e-03
3.900000000000000255e-03
6.000000000000000559e-04
6.900000000000000751e-03
4.400000000000000265e-03
2.680000000000000090e-02
3.000000000000000279e-04
8.099999999999999561e-03
2.000000000000000042e-03
8.000000000000000383e-04
4.000000000000000192e-04
2.900000000000000234e-03
1.700000000000000122e-03
1.690000000000000183e-02
1.500000000000000031e-03
1.640000000000000138e-02
1.100000000000000066e-03
1.000000000000000021e-03
4.300000000000000003e-03
3.360000000000000486e-02
2.000000000000000096e-04
6.800000000000000488e-03
3.200000000000000153e-03
3.500000000000000073e-03
8.000000000000000383e-04
1.160000000000000094e-02
6.900000000000000751e-03
2.500000000000000052e-03
8.000000000000000383e-04
5.400000000000000286e-03
5.700000000000000205e-03
8.000000000000000383e-04
3.000000000000000279e-04
4.300000000000000003e-03
2.000000000000000042e-03
2.400000000000000223e-03
3.000000000000000062e-03
4.100000000000000346e-03
2.299999999999999961e-03
1.260000000000000009e-02
2.000000000000000096e-04
4.899999999999999842e-03
2.000000000000000096e-04
6.999999999999999929e-04
3.000000000000000279e-04
3.459999999999999881e-02
2.700000000000000143e-03
3.600000000000000335e-03
3.500000000000000073e-03
4.000000000000000192e-04
9.000000000000000838e-04
1.270000000000000122e-02
1.060000000000000005e-02
1.000000000000000021e-02
1.800000000000000168e-03
2.250000000000000264e-02
2.200000000000000133e-03
9.400000000000000369e-03
1.000000000000000021e-03
2.540000000000000244e-02
2.000000000000000096e-04
1.300000000000000157e-03
9.000000000000000838e-04
3.880000000000000115e-02
8.000000000000000383e-04
3.700000000000000164e-03
1.130000000000000102e-02
2.600000000000000314e-03
6.999999999999999929e-04
1.899999999999999996e-03
4.000000000000000192e-04
4.599999999999999922e-03
4.000000000000000192e-04
5.700000000000000205e-03
1.000000000000000021e-03
1.000000000000000021e-03
3.200000000000000153e-03
1.060000000000000005e-02
5.000000000000000104e-04
4.240000000000000019e-02
3.400000000000000244e-03
8.600000000000000006e-03
1.800000000000000168e-03
2.900000000000000234e-03
1.000000000000000048e-04
1.110000000000000049e-02
3.000000000000000279e-04
4.800000000000000447e-03
3.799999999999999992e-03
4.370000000000000273e-02
1.700000000000000122e-03
9.160000000000000087e-02
6.000000000000000559e-04
5.250000000000000500e-02
2.100000000000000304e-03
6.500000000000000222e-02
2.000000000000000096e-04
2.700000000000000143e-03
2.000000000000000096e-04
1.360000000000000098e-02
5.000000000000000104e-04
1.399999999999999986e-03
5.000000000000000104e-04
4.599999999999999922e-03
4.000000000000000192e-04
4.390000000000000152e-02
1.399999999999999986e-03
8.899999999999999925e-03
8.000000000000000383e-04
1.860000000000000195e-02
4.300000000000000003e-03
1.890000000000000013e-02
1.000000000000000048e-04
2.900000000000000234e-03
6.000000000000000559e-04
3.540000000000000091e-02
8.000000000000000383e-04
1.500000000000000031e-03
2.299999999999999961e-03
2.000000000000000096e-04
5.000000000000000104e-04
1.300000000000000157e-03
2.500000000000000052e-03
5.000000000000000104e-04
4.500000000000000527e-03
2.000000000000000096e-04
5.000000000000000104e-03
6.999999999999999929e-04
5.000000000000000104e-04
6.000000000000000559e-04
3.200000000000000153e-03
5.000000000000000104e-04
3.799999999999999992e-03
5.000000000000000104e-04
2.000000000000000042e-03
1.200000000000000112e-03
1.290000000000000001e-02
2.100000000000000304e-03
4.500000000000000527e-03
1.100000000000000066e-03
2.200000000000000133e-03
1.000000000000000021e-03
2.799999999999999972e-03
1.600000000000000077e-03
2.400000000000000223e-03
4.100000000000000346e-03
3.700000000000000164e-03
4.000000000000000192e-04
4.300000000000000003e-03
5.300000000000000024e-03
1.600000000000000077e-03
2.030000000000000207e-02
5.000000000000000104e-04
2.799999999999999972e-03
1.100000000000000066e-03
2.200000000000000219e-02
2.000000000000000042e-03
6.200000000000000649e-03
4.000000000000000192e-04
8.600000000000000006e-03
1.000000000000000021e-03
1.100000000000000110e-02
2.000000000000000096e-04
5.899999999999999863e-03
3.000000000000000279e-04
1.890000000000000013e-02
3.000000000000000279e-04
1.010000000000000134e-02
2.000000000000000096e-04
9.300000000000000974e-03
3.000000000000000279e-04
5.100000000000000366e-03
3.400000000000000244e-03
9.000000000000000838e-04
4.000000000000000192e-04
2.330000000000000127e-02
2.000000000000000096e-04
1.820000000000000090e-02
6.999999999999999929e-04
1.650000000000000078e-02
9.000000000000000838e-04
2.260000000000000203e-02
6.999999999999999929e-04
8.050000000000000211e-02
4.899999999999999842e-03
2.069999999999999965e-02
4.700000000000000185e-03
6.000000000000000559e-04
4.000000000000000192e-04
2.100000000000000304e-03
1.700000000000000122e-03
1.000000000000000021e-03
6.999999999999999929e-04
3.000000000000000279e-04
6.000000000000000559e-04
9.460000000000000353e-02
4.100000000000000346e-03
4.309999999999999942e-02
2.000000000000000096e-04
4.080000000000000293e-02
3.000000000000000279e-04
4.769999999999999934e-02
1.800000000000000168e-03
2.009999999999999981e-02
3.500000000000000073e-03
1.560000000000000102e-02
4.300000000000000003e-03
6.500000000000000569e-03
2.000000000000000096e-04
6.400000000000000307e-03
1.800000000000000168e-03
2.000000000000000042e-03
1.899999999999999996e-03
3.740000000000000269e-02
1.500000000000000031e-03
3.000000000000000279e-04
4.000000000000000192e-04
2.930000000000000313e-02
1.800000000000000168e-03
2.299999999999999961e-03
2.000000000000000096e-04
2.400000000000000050e-02
5.800000000000000468e-03
9.000000000000000838e-04
2.000000000000000096e-04
6.999999999999999929e-04
2.200000000000000133e-03
9.000000000000001055e-03
1.399999999999999986e-03
2.299999999999999961e-03
8.000000000000000383e-04
6.000000000000000559e-04
6.000000000000000559e-04
5.980000000000000593e-02
4.500000000000000527e-03
2.100000000000000304e-03
6.000000000000000559e-04
2.320000000000000187e-02
1.899999999999999996e-03
6.010000000000000064e-02
1.200000000000000112e-03
2.000000000000000096e-04
1.500000000000000031e-03
1.000000000000000021e-03
4.000000000000000192e-04
9.300000000000000974e-03
2.000000000000000096e-04
7.400000000000000328e-03
6.000000000000000559e-04
2.069999999999999965e-02
8.000000000000000383e-04
2.200000000000000219e-02
3.000000000000000279e-04
2.299999999999999961e-03
1.899999999999999996e-03
2.000000000000000096e-04
1.000000000000000048e-04
2.200000000000000219e-02
5.000000000000000104e-04
4.719999999999999890e-02
2.000000000000000096e-04
6.599999999999999964e-03
2.900000000000000234e-03
2.400000000000000223e-03
6.500000000000000569e-03
2.170000000000000054e-02
2.900000000000000234e-03
3.060000000000000220e-02
2.000000000000000096e-04
1.770000000000000046e-02
4.500000000000000527e-03
1.010000000000000134e-02
1.600000000000000077e-03
5.000000000000000104e-04
4.000000000000000192e-04
1.580000000000000154e-02
2.200000000000000133e-03
2.900000000000000234e-03
6.000000000000000559e-04
2.540000000000000244e-02
1.399999999999999986e-03
9.499999999999999764e-03
4.400000000000000265e-03
1.430000000000000021e-02
6.000000000000000559e-04
9.199999999999999845e-03
1.200000000000000112e-03
1.600000000000000033e-02
2.000000000000000096e-04
3.870000000000000523e-02
4.000000000000000192e-04
1.899999999999999996e-03
2.500000000000000052e-03
3.000000000000000062e-03
1.800000000000000168e-03
4.429999999999999910e-02
6.200000000000000649e-03
9.700000000000000289e-03
4.000000000000000192e-04
3.060000000000000220e-02
6.400000000000000307e-03
3.700000000000000164e-03
3.000000000000000279e-04
3.930000000000000160e-02
3.200000000000000153e-03
4.100000000000000346e-03
1.300000000000000157e-03
3.900000000000000255e-03
6.000000000000000559e-04
6.900000000000000751e-03
4.300000000000000003e-03
2.690000000000000030e-02
3.000000000000000279e-04
8.099999999999999561e-03
2.000000000000000042e-03
8.000000000000000383e-04
3.000000000000000279e-04
3.000000000000000062e-03
1.700000000000000122e-03
1.690000000000000183e-02
1.500000000000000031e-03
1.640000000000000138e-02
1.100000000000000066e-03
9.000000000000000838e-04
4.400000000000000265e-03
3.360000000000000486e-02
2.000000000000000096e-04
6.800000000000000488e-03
3.200000000000000153e-03
3.500000000000000073e-03
8.000000000000000383e-04
1.149999999999999981e-02
7.000000000000000146e-03
2.500000000000000052e-03
8.000000000000000383e-04
5.400000000000000286e-03
5.599999999999999943e-03
9.000000000000000838e-04
3.000000000000000279e-04
4.300000000000000003e-03
1.899999999999999996e-03
2.400000000000000223e-03
3.100000000000000325e-03
4.100000000000000346e-03
2.299999999999999961e-03
1.260000000000000009e-02
2.000000000000000096e-04
4.899999999999999842e-03
2.000000000000000096e-04
6.999999999999999929e-04
2.000000000000000096e-04
3.470000000000000168e-02
2.700000000000000143e-03
3.600000000000000335e-03
3.500000000000000073e-03
4.000000000000000192e-04
9.000000000000000838e-04
1.270000000000000122e-02
1.060000000000000005e-02
9.900000000000000813e-03
1.800000000000000168e-03
2.260000000000000203e-02
2.200000000000000133e-03
9.400000000000000369e-03
1.000000000000000021e-03
2.540000000000000244e-02
2.000000000000000096e-04
1.300000000000000157e-03
9.000000000000000838e-04
3.880000000000000115e-02
8.000000000000000383e-04
3.700000000000000164e-03
1.130000000000000102e-02
2.600000000000000314e-03
6.999999999999999929e-04
1.899999999999999996e-03
4.000000000000000192e-04
4.599999999999999922e-03
4.000000000000000192e-04
5.599999999999999943e-03
1.100000000000000066e-03
1.000000000000000021e-03
3.200000000000000153e-03
1.060000000000000005e-02
5.000000000000000104e-04
4.240000000000000019e-02
3.400000000000000244e-03
8.600000000000000006e-03
1.800000000000000168e-03
2.900000000000000234e-03
1.000000000000000048e-04
1.110000000000000049e-02
3.000000000000000279e-04
4.800000000000000447e-03
3.799999999999999992e-03
4.370000000000000273e-02
1.700000000000000122e-03
9.160000000000000087e-02
6.000000000000000559e-04
5.250000000000000500e-02
2.100000000000000304e-03
6.500000000000000222e-02
1.000000000000000048e-04
2.799999999999999972e-03
2.000000000000000096e-04
1.360000000000000098e-02
5.000000000000000104e-04
1.399999999999999986e-03
5.000000000000000104e-04
4.599999999999999922e-03
4.000000000000000192e-04
4.390000000000000152e-02
1.399999999999999986e-03
8.800000000000000530e-03
9.000000000000000838e-04
1.860000000000000195e-02
4.200000000000000608e-03
1.899999999999999953e-02
1.000000000000000048e-04
2.900000000000000234e-03
6.000000000000000559e-04
3.540000000000000091e-02
8.000000000000000383e-04
1.500000000000000031e-03
2.299999999999999961e-03
2.000000000000000096e-04
5.000000000000000104e-04
1.300000000000000157e-03
2.500000000000000052e-03
4.000000000000000192e-04
4.599999999999999922e-03
2.000000000000000096e-04
5.000000000000000104e-03
6.999999999999999929e-04
5.000000000000000104e-04
6.000000000000000559e-04
3.200000000000000153e-03
5.000000000000000104e-04
3.799999999999999992e-03
4.000000000000000192e-04
2.100000000000000304e-03
1.200000000000000112e-03
1.290000000000000001e-02
2.100000000000000304e-03
4.500000000000000527e-03
1.100000000000000066e-03
2.200000000000000133e-03
1.000000000000000021e-03
2.799999999999999972e-03
1.600000000000000077e-03
2.400000000000000223e-03
4.100000000000000346e-03
3.700000000000000164e-03
4.000000000000000192e-04
4.300000000000000003e-03
5.300000000000000024e-03
1.600000000000000077e-03
2.030000000000000207e-02
5.000000000000000104e-04
2.799999999999999972e-03
1.100000000000000066e-03
2.200000000000000219e-02
2.000000000000000042e-03
6.200000000000000649e-03
4.000000000000000192e-04
8.600000000000000006e-03
1.000000000000000021e-03
1.100000000000000110e-02
2.000000000000000096e-04
5.899999999999999863e-03
3.000000000000000279e-04
1.890000000000000013e-02
2.000000000000000096e-04
1.020000000000000073e-02
2.000000000000000096e-04
9.300000000000000974e-03
3.000000000000000279e-04
5.100000000000000366e-03
3.400000000000000244e-03
9.000000000000000838e-04
4.000000000000000192e-04
2.330000000000000127e-02
2.000000000000000096e-04
1.820000000000000090e-02
6.999999999999999929e-04
1.650000000000000078e-02
9.000000000000000838e-04
2.260000000000000203e-02
6.999999999999999929e-04
8.050000000000000211e-02
4.899999999999999842e-03
2.069999999999999965e-02
4.700000000000000185e-03
6.000000000000000559e-04
4.000000000000000192e-04
2.100000000000000304e-03
1.700000000000000122e-03
1.000000000000000021e-03
6.999999999999999929e-04
3.000000000000000279e-04
6.000000000000000559e-04
9.460000000000000353e-02
4.100000000000000346e-03
4.309999999999999942e-02
2.000000000000000096e-04
4.080000000000000293e-02
3.000000000000000279e-04
4.769999999999999934e-02
1.800000000000000168e-03
2.009999999999999981e-02
3.500000000000000073e-03
1.560000000000000102e-02
4.300000000000000003e-03
6.400000000000000307e-03
3.000000000000000279e-04
6.400000000000000307e-03
1.800000000000000168e-03
2.000000000000000042e-03
1.899999999999999996e-03
3.740000000000000269e-02
1.500000000000000031e-03
3.000000000000000279e-04
4.000000000000000192e-04
2.930000000000000313e-02
1.800000000000000168e-03
2.299999999999999961e-03
2.000000000000000096e-04
2.400000000000000050e-02
5.800000000000000468e-03
9.000000000000000838e-04
2.000000000000000096e-04
6.999999999999999929e-04
2.200000000000000133e-03
9.000000000000001055e-03
1.300000000000000157e-03
2.400000000000000223e-03
8.000000000000000383e-04
6.000000000000000559e-04
6.000000000000000559e-04
5.970000000000000306e-02
4.599999999999999922e-03
2.100000000000000304e-03
6.000000000000000559e-04
2.320000000000000187e-02
1.899999999999999996e-03
