4.000000000000000083e-03
1.179999999999999973e-02
1.399999999999999986e-03
5.000000000000000104e-04
6.999999999999999929e-04
6.000000000000000559e-04
3.700000000000000164e-03
1.000000000000000021e-02
3.000000000000000279e-04
1.516000000000000125e-01
6.000000000000000559e-04
1.630000000000000199e-02
2.600000000000000314e-03
8.000000000000000383e-04
4.000000000000000192e-04
1.660000000000000017e-02
4.000000000000000192e-04
9.900000000000000813e-03
4.200000000000000608e-03
3.710000000000000103e-02
1.000000000000000048e-04
1.770000000000000046e-02
2.799999999999999972e-03
1.839999999999999969e-02
7.200000000000000670e-03
4.700000000000000185e-03
4.000000000000000192e-04
1.030000000000000013e-02
1.800000000000000168e-03
3.000000000000000279e-04
3.000000000000000279e-04
1.560000000000000102e-02
3.000000000000000279e-04
2.880000000000000268e-02
4.000000000000000192e-04
4.100000000000000346e-03
1.000000000000000048e-04
1.270000000000000122e-02
1.500000000000000118e-02
5.000000000000000104e-04
1.600000000000000077e-03
5.500000000000000548e-03
4.800000000000000447e-03
3.799999999999999992e-03
6.000000000000000559e-04
6.200000000000000649e-03
1.000000000000000048e-04
4.000000000000000192e-04
6.500000000000000569e-03
8.200000000000000691e-03
3.000000000000000279e-04
8.000000000000000167e-03
9.000000000000000838e-04
5.700000000000000205e-03
1.399999999999999986e-03
1.500000000000000118e-02
6.000000000000000559e-04
6.100000000000000387e-03
1.000000000000000021e-03
6.000000000000000559e-04
3.600000000000000335e-03
6.800000000000000488e-03
3.000000000000000279e-04
1.460000000000000013e-02
1.100000000000000066e-03
6.900000000000000751e-03
1.000000000000000048e-04
1.510000000000000057e-02
4.000000000000000192e-04
3.799999999999999992e-03
1.600000000000000077e-03
2.000000000000000096e-04
1.100000000000000066e-03
1.650000000000000078e-02
4.000000000000000192e-04
6.100000000000000387e-03
3.000000000000000279e-04
1.020000000000000073e-02
2.000000000000000096e-04
1.789999999999999925e-02
2.700000000000000143e-03
7.069999999999999896e-02
5.000000000000000104e-04
7.900000000000000772e-03
4.500000000000000527e-03
1.720000000000000001e-02
1.000000000000000048e-04
1.270000000000000122e-02
3.000000000000000279e-04
1.370000000000000037e-02
9.000000000000000838e-04
1.480000000000000066e-02
6.999999999999999929e-04
1.690000000000000183e-02
1.500000000000000031e-03
1.500000000000000031e-03
5.000000000000000104e-04
6.000000000000000559e-04
1.000000000000000021e-03
1.399999999999999986e-03
8.000000000000000383e-04
3.100000000000000325e-03
5.000000000000000104e-04
4.599999999999999922e-03
4.000000000000000192e-04
4.000000000000000083e-03
1.000000000000000021e-03
3.600000000000000335e-03
6.100000000000000387e-03
7.200000000000000670e-03
2.299999999999999961e-03
1.710000000000000062e-02
2.000000000000000042e-03
1.959999999999999937e-02
1.700000000000000122e-03
1.100000000000000066e-03
1.200000000000000112e-03
2.230000000000000038e-02
3.000000000000000279e-04
1.700000000000000122e-03
3.000000000000000279e-04
4.100000000000000346e-03
8.000000000000000383e-04
2.299999999999999961e-03
4.000000000000000192e-04
1.280000000000000061e-02
6.000000000000000559e-04
1.899999999999999996e-03
4.000000000000000192e-04
2.270000000000000143e-02
8.000000000000000383e-04
3.000000000000000279e-04
1.300000000000000157e-03
1.300000000000000157e-03
2.000000000000000096e-04
4.250000000000000305e-02
3.200000000000000153e-03
2.000000000000000096e-04
1.300000000000000157e-03
5.100000000000000366e-03
4.000000000000000192e-04
8.000000000000000383e-04
3.000000000000000279e-04
4.700000000000000011e-02
2.000000000000000096e-04
5.700000000000000205e-03
3.000000000000000279e-04
8.300000000000000086e-03
4.000000000000000192e-04
4.719999999999999890e-02
4.000000000000000192e-04
1.370000000000000037e-02
5.000000000000000104e-04
2.000000000000000042e-03
1.600000000000000077e-03
2.500000000000000052e-03
4.000000000000000192e-04
2.040000000000000147e-02
1.000000000000000021e-03
1.959999999999999937e-02
9.499999999999999764e-03
1.500000000000000031e-03
4.000000000000000192e-04
2.780000000000000179e-02
2.000000000000000042e-03
3.790000000000000313e-02
1.000000000000000021e-03
6.300000000000000044e-03
1.100000000000000066e-03
2.100000000000000304e-03
1.200000000000000112e-03
1.700000000000000122e-03
9.000000000000000838e-04
1.300000000000000157e-03
8.000000000000000383e-04
3.310000000000000442e-02
6.999999999999999929e-04
6.000000000000000559e-04
3.500000000000000073e-03
1.400000000000000029e-02
1.100000000000000066e-03
6.900000000000000751e-03
5.000000000000000104e-04
3.780000000000000027e-02
7.300000000000000065e-03
4.300000000000000003e-03
3.000000000000000279e-04
6.610000000000000597e-02
9.000000000000000838e-04
2.210000000000000159e-02
2.000000000000000096e-04
1.100000000000000066e-03
2.799999999999999972e-03
6.999999999999999929e-04
1.100000000000000066e-03
2.930000000000000313e-02
2.500000000000000052e-03
4.000000000000000192e-04
1.700000000000000122e-03
3.840000000000000357e-02
1.000000000000000048e-04
4.000000000000000192e-04
2.000000000000000096e-04
2.480000000000000260e-02
1.700000000000000122e-03
3.000000000000000279e-04
5.000000000000000104e-04
2.090000000000000191e-02
1.000000000000000021e-03
4.100000000000000346e-03
2.000000000000000096e-04
2.700000000000000143e-03
6.999999999999999929e-04
2.700000000000000143e-03
9.000000000000000838e-04
3.389999999999999958e-02
2.100000000000000304e-03
9.400000000000000369e-03
5.000000000000000104e-04
3.600000000000000335e-03
1.700000000000000122e-03
1.669999999999999957e-02
8.000000000000000383e-04
2.220000000000000098e-02
5.000000000000000104e-04
1.410000000000000142e-02
2.000000000000000096e-04
3.600000000000000335e-03
4.000000000000000192e-04
1.370000000000000037e-02
3.000000000000000062e-03
2.420000000000000276e-02
3.000000000000000279e-04
2.770000000000000240e-02
1.500000000000000031e-03
3.000000000000000279e-04
6.999999999999999929e-04
3.000000000000000236e-02
1.800000000000000168e-03
1.750000000000000167e-02
3.000000000000000279e-04
3.090000000000000038e-02
1.100000000000000066e-03
1.500000000000000118e-02
2.000000000000000096e-04
9.900000000000000813e-03
5.000000000000000104e-04
7.200000000000000670e-03
2.000000000000000096e-04
8.899999999999999925e-03
6.999999999999999929e-04
5.000000000000000104e-04
5.100000000000000366e-03
2.000000000000000096e-04
1.770000000000000046e-02
1.500000000000000031e-03
3.799999999999999992e-03
2.600000000000000228e-02
2.000000000000000096e-04
2.710000000000000256e-02
2.900000000000000234e-03
1.089999999999999997e-02
3.400000000000000244e-03
1.619999999999999912e-02
4.000000000000000192e-04
9.230000000000000704e-02
1.600000000000000077e-03
3.760000000000000148e-02
6.100000000000000387e-03
4.000000000000000083e-03
1.000000000000000021e-03
3.500000000000000073e-03
1.899999999999999996e-03
2.600000000000000314e-03
5.000000000000000104e-04
1.800000000000000211e-02
8.000000000000000383e-04
1.200000000000000025e-02
2.000000000000000096e-04
1.010000000000000134e-02
2.000000000000000096e-04
4.899999999999999842e-03
1.800000000000000168e-03
2.409999999999999989e-02
1.000000000000000048e-04
2.960000000000000131e-02
6.999999999999999929e-04
2.400000000000000223e-03
3.000000000000000279e-04
3.820000000000000479e-02
3.000000000000000279e-04
2.830000000000000224e-02
4.000000000000000192e-04
9.600000000000000894e-03
1.399999999999999986e-03
3.600000000000000335e-03
1.300000000000000157e-03
2.250000000000000264e-02
6.999999999999999929e-04
6.999999999999999929e-04
4.700000000000000185e-03
2.700000000000000143e-03
5.000000000000000104e-04
1.081000000000000016e-01
4.000000000000000083e-03
1.179999999999999973e-02
1.399999999999999986e-03
5.000000000000000104e-04
6.999999999999999929e-04
6.000000000000000559e-04
3.700000000000000164e-03
1.000000000000000021e-02
3.000000000000000279e-04
1.514999999999999958e-01
6.999999999999999929e-04
1.630000000000000199e-02
2.600000000000000314e-03
8.000000000000000383e-04
4.000000000000000192e-04
1.660000000000000017e-02
4.000000000000000192e-04
9.799999999999999684e-03
4.300000000000000003e-03
3.710000000000000103e-02
1.000000000000000048e-04
1.770000000000000046e-02
2.799999999999999972e-03
1.839999999999999969e-02
7.200000000000000670e-03
4.700000000000000185e-03
4.000000000000000192e-04
1.030000000000000013e-02
1.800000000000000168e-03
3.000000000000000279e-04
3.000000000000000279e-04
1.560000000000000102e-02
3.000000000000000279e-04
2.880000000000000268e-02
3.000000000000000279e-04
4.200000000000000608e-03
1.000000000000000048e-04
1.270000000000000122e-02
1.500000000000000118e-02
5.000000000000000104e-04
1.600000000000000077e-03
5.500000000000000548e-03
4.800000000000000447e-03
3.799999999999999992e-03
6.000000000000000559e-04
6.200000000000000649e-03
1.000000000000000048e-04
4.000000000000000192e-04
6.500000000000000569e-03
8.200000000000000691e-03
3.000000000000000279e-04
8.000000000000000167e-03
9.000000000000000838e-04
5.700000000000000205e-03
1.399999999999999986e-03
1.500000000000000118e-02
6.000000000000000559e-04
6.100000000000000387e-03
1.000000000000000021e-03
6.000000000000000559e-04
3.600000000000000335e-03
6.800000000000000488e-03
3.000000000000000279e-04
1.460000000000000013e-02
1.100000000000000066e-03
6.900000000000000751e-03
1.000000000000000048e-04
1.510000000000000057e-02
3.000000000000000279e-04
3.900000000000000255e-03
1.600000000000000077e-03
2.000000000000000096e-04
1.100000000000000066e-03
1.650000000000000078e-02
4.000000000000000192e-04
6.100000000000000387e-03
2.000000000000000096e-04
1.030000000000000013e-02
2.000000000000000096e-04
1.789999999999999925e-02
2.700000000000000143e-03
7.069999999999999896e-02
4.000000000000000192e-04
8.000000000000000167e-03
4.500000000000000527e-03
1.720000000000000001e-02
1.000000000000000048e-04
1.270000000000000122e-02
3.000000000000000279e-04
1.370000000000000037e-02
9.000000000000000838e-04
1.480000000000000066e-02
6.999999999999999929e-04
1.680000000000000243e-02
1.600000000000000077e-03
1.399999999999999986e-03
6.000000000000000559e-04
5.000000000000000104e-04
1.100000000000000066e-03
1.300000000000000157e-03
9.000000000000000838e-04
3.000000000000000062e-03
6.000000000000000559e-04
4.599999999999999922e-03
4.000000000000000192e-04
4.000000000000000083e-03
1.000000000000000021e-03
3.600000000000000335e-03
6.100000000000000387e-03
7.200000000000000670e-03
2.299999999999999961e-03
1.710000000000000062e-02
2.000000000000000042e-03
1.949999999999999997e-02
1.800000000000000168e-03
1.100000000000000066e-03
1.200000000000000112e-03
2.230000000000000038e-02
3.000000000000000279e-04
1.700000000000000122e-03
3.000000000000000279e-04
4.100000000000000346e-03
8.000000000000000383e-04
2.299999999999999961e-03
4.000000000000000192e-04
1.280000000000000061e-02
6.000000000000000559e-04
1.899999999999999996e-03
4.000000000000000192e-04
2.270000000000000143e-02
8.000000000000000383e-04
3.000000000000000279e-04
1.300000000000000157e-03
1.300000000000000157e-03
2.000000000000000096e-04
4.250000000000000305e-02
3.200000000000000153e-03
2.000000000000000096e-04
1.200000000000000112e-03
5.200000000000000629e-03
3.000000000000000279e-04
9.000000000000000838e-04
3.000000000000000279e-04
4.700000000000000011e-02
2.000000000000000096e-04
5.700000000000000205e-03
3.000000000000000279e-04
8.300000000000000086e-03
4.000000000000000192e-04
4.719999999999999890e-02
4.000000000000000192e-04
1.370000000000000037e-02
5.000000000000000104e-04
2.000000000000000042e-03
1.600000000000000077e-03
2.500000000000000052e-03
3.000000000000000279e-04
2.050000000000000086e-02
1.000000000000000021e-03
1.959999999999999937e-02
9.499999999999999764e-03
1.500000000000000031e-03
4.000000000000000192e-04
2.780000000000000179e-02
2.000000000000000042e-03
3.790000000000000313e-02
1.000000000000000021e-03
6.300000000000000044e-03
1.100000000000000066e-03
2.100000000000000304e-03
1.200000000000000112e-03
1.700000000000000122e-03
9.000000000000000838e-04
1.300000000000000157e-03
8.000000000000000383e-04
3.310000000000000442e-02
6.999999999999999929e-04
6.000000000000000559e-04
3.500000000000000073e-03
1.400000000000000029e-02
1.100000000000000066e-03
6.900000000000000751e-03
5.000000000000000104e-04
3.780000000000000027e-02
7.300000000000000065e-03
4.300000000000000003e-03
3.000000000000000279e-04
6.610000000000000597e-02
9.000000000000000838e-04
2.210000000000000159e-02
2.000000000000000096e-04
1.100000000000000066e-03
2.799999999999999972e-03
6.999999999999999929e-04
1.100000000000000066e-03
2.930000000000000313e-02
2.500000000000000052e-03
4.000000000000000192e-04
1.700000000000000122e-03
3.840000000000000357e-02
1.000000000000000048e-04
4.000000000000000192e-04
2.000000000000000096e-04
2.480000000000000260e-02
1.700000000000000122e-03
3.000000000000000279e-04
5.000000000000000104e-04
2.090000000000000191e-02
1.000000000000000021e-03
4.100000000000000346e-03
2.000000000000000096e-04
2.700000000000000143e-03
6.999999999999999929e-04
2.700000000000000143e-03
9.000000000000000838e-04
3.389999999999999958e-02
2.100000000000000304e-03
9.400000000000000369e-03
5.000000000000000104e-04
3.600000000000000335e-03
1.700000000000000122e-03
1.669999999999999957e-02
8.000000000000000383e-04
2.210000000000000159e-02
6.000000000000000559e-04
1.410000000000000142e-02
2.000000000000000096e-04
3.600000000000000335e-03
4.000000000000000192e-04
1.370000000000000037e-02
3.000000000000000062e-03
2.420000000000000276e-02
3.000000000000000279e-04
2.760000000000000300e-02
1.600000000000000077e-03
3.000000000000000279e-04
6.999999999999999929e-04
3.000000000000000236e-02
1.800000000000000168e-03
1.740000000000000227e-02
4.000000000000000192e-04
3.090000000000000038e-02
1.100000000000000066e-03
1.500000000000000118e-02
2.000000000000000096e-04
9.900000000000000813e-03
5.000000000000000104e-04
7.200000000000000670e-03
2.000000000000000096e-04
8.899999999999999925e-03
6.999999999999999929e-04
5.000000000000000104e-04
5.100000000000000366e-03
2.000000000000000096e-04
1.770000000000000046e-02
1.500000000000000031e-03
3.799999999999999992e-03
2.600000000000000228e-02
2.000000000000000096e-04
2.710000000000000256e-02
2.900000000000000234e-03
1.089999999999999997e-02
3.400000000000000244e-03
1.619999999999999912e-02
4.000000000000000192e-04
9.230000000000000704e-02
1.600000000000000077e-03
3.760000000000000148e-02
6.100000000000000387e-03
4.000000000000000083e-03
1.000000000000000021e-03
3.500000000000000073e-03
1.899999999999999996e-03
2.600000000000000314e-03
4.000000000000000192e-04
1.810000000000000150e-02
8.000000000000000383e-04
1.200000000000000025e-02
2.000000000000000096e-04
1.010000000000000134e-02
2.000000000000000096e-04
4.899999999999999842e-03
1.800000000000000168e-03
2.409999999999999989e-02
1.000000000000000048e-04
2.960000000000000131e-02
6.999999999999999929e-04
2.400000000000000223e-03
3.000000000000000279e-04
3.820000000000000479e-02
3.000000000000000279e-04
2.830000000000000224e-02
4.000000000000000192e-04
9.600000000000000894e-03
1.399999999999999986e-03
3.600000000000000335e-03
1.300000000000000157e-03
2.250000000000000264e-02
6.999999999999999929e-04
6.999999999999999929e-04
4.700000000000000185e-03
2.700000000000000143e-03
5.000000000000000104e-04
1.081000000000000016e-01
4.000000000000000083e-03
1.179999999999999973e-02
1.399999999999999986e-03
5.000000000000000104e-04
6.999999999999999929e-04
5.000000000000000104e-04
3.799999999999999992e-03
1.000000000000000021e-02
3.000000000000000279e-04
1.514999999999999958e-01
6.000000000000000559e-04
1.640000000000000138e-02
2.600000000000000314e-03
8.000000000000000383e-04
4.000000000000000192e-04
1.660000000000000017e-02
4.000000000000000192e-04
9.799999999999999684e-03
4.300000000000000003e-03
3.710000000000000103e-02
1.000000000000000048e-04
1.770000000000000046e-02
2.799999999999999972e-03
1.839999999999999969e-02
7.200000000000000670e-03
4.599999999999999922e-03
5.000000000000000104e-04
1.030000000000000013e-02
1.800000000000000168e-03
3.000000000000000279e-04
3.000000000000000279e-04
1.560000000000000102e-02
3.000000000000000279e-04
2.880000000000000268e-02
3.000000000000000279e-04
4.200000000000000608e-03
1.000000000000000048e-04
1.270000000000000122e-02
1.500000000000000118e-02
5.000000000000000104e-04
1.600000000000000077e-03
5.500000000000000548e-03
4.800000000000000447e-03
3.799999999999999992e-03
6.000000000000000559e-04
6.200000000000000649e-03
1.000000000000000048e-04
4.000000000000000192e-04
1.700000000000000122e-03
1.000000000000000048e-04
4.700000000000000185e-03
8.200000000000000691e-03
3.000000000000000279e-04
8.000000000000000167e-03
9.000000000000000838e-04
5.700000000000000205e-03
1.399999999999999986e-03
1.500000000000000118e-02
6.000000000000000559e-04
6.100000000000000387e-03
1.000000000000000021e-03
6.000000000000000559e-04
3.500000000000000073e-03
6.900000000000000751e-03
2.000000000000000096e-04
1.470000000000000126e-02
1.000000000000000021e-03
7.000000000000000146e-03
1.000000000000000048e-04
1.510000000000000057e-02
3.000000000000000279e-04
3.900000000000000255e-03
1.600000000000000077e-03
2.000000000000000096e-04
1.100000000000000066e-03
1.650000000000000078e-02
4.000000000000000192e-04
6.100000000000000387e-03
2.000000000000000096e-04
1.030000000000000013e-02
2.000000000000000096e-04
1.789999999999999925e-02
2.700000000000000143e-03
7.069999999999999896e-02
4.000000000000000192e-04
8.000000000000000167e-03
4.400000000000000265e-03
1.729999999999999941e-02
1.000000000000000048e-04
1.270000000000000122e-02
3.000000000000000279e-04
1.370000000000000037e-02
9.000000000000000838e-04
1.480000000000000066e-02
6.999999999999999929e-04
1.680000000000000243e-02
1.600000000000000077e-03
1.399999999999999986e-03
6.000000000000000559e-04
5.000000000000000104e-04
1.100000000000000066e-03
1.300000000000000157e-03
9.000000000000000838e-04
3.000000000000000062e-03
6.000000000000000559e-04
4.500000000000000527e-03
5.000000000000000104e-04
4.000000000000000083e-03
1.000000000000000021e-03
3.600000000000000335e-03
6.100000000000000387e-03
7.200000000000000670e-03
2.299999999999999961e-03
1.710000000000000062e-02
1.899999999999999996e-03
1.959999999999999937e-02
1.800000000000000168e-03
1.100000000000000066e-03
1.200000000000000112e-03
2.230000000000000038e-02
3.000000000000000279e-04
1.700000000000000122e-03
2.000000000000000096e-04
4.200000000000000608e-03
8.000000000000000383e-04
2.299999999999999961e-03
4.000000000000000192e-04
1.270000000000000122e-02
6.999999999999999929e-04
1.800000000000000168e-03
5.000000000000000104e-04
2.270000000000000143e-02
8.000000000000000383e-04
3.000000000000000279e-04
1.300000000000000157e-03
1.300000000000000157e-03
2.000000000000000096e-04
4.250000000000000305e-02
3.200000000000000153e-03
2.000000000000000096e-04
1.200000000000000112e-03
5.200000000000000629e-03
3.000000000000000279e-04
9.000000000000000838e-04
3.000000000000000279e-04
4.700000000000000011e-02
1.000000000000000048e-04
5.800000000000000468e-03
3.000000000000000279e-04
8.300000000000000086e-03
4.000000000000000192e-04
4.719999999999999890e-02
4.000000000000000192e-04
1.370000000000000037e-02
5.000000000000000104e-04
2.000000000000000042e-03
1.600000000000000077e-03
2.400000000000000223e-03
4.000000000000000192e-04
2.050000000000000086e-02
9.000000000000000838e-04
1.970000000000000223e-02
9.499999999999999764e-03
1.500000000000000031e-03
4.000000000000000192e-04
2.780000000000000179e-02
2.000000000000000042e-03
3.790000000000000313e-02
1.000000000000000021e-03
6.200000000000000649e-03
1.200000000000000112e-03
2.100000000000000304e-03
1.100000000000000066e-03
1.800000000000000168e-03
9.000000000000000838e-04
1.200000000000000112e-03
9.000000000000000838e-04
3.310000000000000442e-02
6.999999999999999929e-04
6.000000000000000559e-04
3.500000000000000073e-03
1.400000000000000029e-02
1.100000000000000066e-03
6.900000000000000751e-03
5.000000000000000104e-04
3.780000000000000027e-02
7.300000000000000065e-03
4.300000000000000003e-03
2.000000000000000096e-04
6.620000000000000884e-02
9.000000000000000838e-04
2.210000000000000159e-02
2.000000000000000096e-04
1.100000000000000066e-03
2.799999999999999972e-03
6.999999999999999929e-04
1.100000000000000066e-03
2.930000000000000313e-02
2.500000000000000052e-03
4.000000000000000192e-04
1.700000000000000122e-03
3.830000000000000071e-02
2.000000000000000096e-04
4.000000000000000192e-04
2.000000000000000096e-04
2.480000000000000260e-02
1.700000000000000122e-03
3.000000000000000279e-04
5.000000000000000104e-04
2.090000000000000191e-02
1.000000000000000021e-03
4.100000000000000346e-03
2.000000000000000096e-04
2.700000000000000143e-03
6.999999999999999929e-04
2.700000000000000143e-03
8.000000000000000383e-04
3.400000000000000244e-02
2.100000000000000304e-03
9.400000000000000369e-03
5.000000000000000104e-04
3.600000000000000335e-03
1.700000000000000122e-03
1.669999999999999957e-02
8.000000000000000383e-04
2.210000000000000159e-02
6.000000000000000559e-04
1.410000000000000142e-02
2.000000000000000096e-04
3.600000000000000335e-03
4.000000000000000192e-04
1.360000000000000098e-02
3.100000000000000325e-03
2.420000000000000276e-02
3.000000000000000279e-04
2.760000000000000300e-02
1.600000000000000077e-03
3.000000000000000279e-04
6.999999999999999929e-04
3.000000000000000236e-02
1.800000000000000168e-03
1.740000000000000227e-02
4.000000000000000192e-04
3.090000000000000038e-02
1.100000000000000066e-03
1.500000000000000118e-02
2.000000000000000096e-04
9.900000000000000813e-03
5.000000000000000104e-04
7.200000000000000670e-03
2.000000000000000096e-04
8.899999999999999925e-03
6.999999999999999929e-04
5.000000000000000104e-04
5.100000000000000366e-03
2.000000000000000096e-04
1.760000000000000106e-02
1.600000000000000077e-03
3.799999999999999992e-03
2.600000000000000228e-02
2.000000000000000096e-04
2.710000000000000256e-02
2.900000000000000234e-03
1.089999999999999997e-02
3.400000000000000244e-03
1.619999999999999912e-02
4.000000000000000192e-04
9.230000000000000704e-02
1.600000000000000077e-03
3.760000000000000148e-02
6.100000000000000387e-03
4.000000000000000083e-03
1.000000000000000021e-03
3.500000000000000073e-03
1.899999999999999996e-03
2.600000000000000314e-03
4.000000000000000192e-04
1.810000000000000150e-02
8.000000000000000383e-04
1.200000000000000025e-02
2.000000000000000096e-04
1.010000000000000134e-02
2.000000000000000096e-04
4.899999999999999842e-03
1.800000000000000168e-03
2.400000000000000050e-02
2.000000000000000096e-04
2.960000000000000131e-02
6.999999999999999929e-04
2.400000000000000223e-03
3.000000000000000279e-04
3.820000000000000479e-02
3.000000000000000279e-04
2.830000000000000224e-02
4.000000000000000192e-04
9.600000000000000894e-03
1.399999999999999986e-03
3.600000000000000335e-03
1.300000000000000157e-03
2.250000000000000264e-02
6.999999999999999929e-04
6.999999999999999929e-04
4.700000000000000185e-03
2.700000000000000143e-03
5.000000000000000104e-04
1.081000000000000016e-01
4.000000000000000083e-03
1.179999999999999973e-02
1.399999999999999986e-03
5.000000000000000104e-04
6.999999999999999929e-04
5.000000000000000104e-04
3.799999999999999992e-03
1.000000000000000021e-02
3.000000000000000279e-04
1.514999999999999958e-01
6.000000000000000559e-04
1.640000000000000138e-02
2.500000000000000052e-03
9.000000000000000838e-04
4.000000000000000192e-04
1.650000000000000078e-02
5.000000000000000104e-04
9.799999999999999684e-03
4.200000000000000608e-03
3.720000000000000390e-02
1.000000000000000048e-04
1.770000000000000046e-02
2.799999999999999972e-03
1.839999999999999969e-02
7.200000000000000670e-03
4.599999999999999922e-03
5.000000000000000104e-04
1.030000000000000013e-02
1.800000000000000168e-03
3.000000000000000279e-04
2.000000000000000096e-04
1.570000000000000215e-02
2.000000000000000096e-04
2.880000000000000268e-02
4.000000000000000192e-04
4.100000000000000346e-03
2.000000000000000096e-04
1.260000000000000009e-02
1.510000000000000057e-02
5.000000000000000104e-04
1.600000000000000077e-03
5.400000000000000286e-03
4.899999999999999842e-03
3.799999999999999992e-03
6.000000000000000559e-04
6.700000000000000226e-03
1.700000000000000122e-03
1.000000000000000048e-04
4.700000000000000185e-03
8.200000000000000691e-03
3.000000000000000279e-04
8.000000000000000167e-03
9.000000000000000838e-04
5.700000000000000205e-03
1.399999999999999986e-03
1.500000000000000118e-02
6.000000000000000559e-04
6.100000000000000387e-03
1.000000000000000021e-03
6.000000000000000559e-04
3.500000000000000073e-03
6.900000000000000751e-03
2.000000000000000096e-04
1.470000000000000126e-02
1.000000000000000021e-03
7.000000000000000146e-03
1.000000000000000048e-04
1.510000000000000057e-02
3.000000000000000279e-04
3.799999999999999992e-03
1.700000000000000122e-03
2.000000000000000096e-04
1.100000000000000066e-03
1.650000000000000078e-02
4.000000000000000192e-04
6.100000000000000387e-03
2.000000000000000096e-04
1.030000000000000013e-02
2.000000000000000096e-04
1.779999999999999985e-02
2.799999999999999972e-03
7.069999999999999896e-02
4.000000000000000192e-04
8.000000000000000167e-03
4.400000000000000265e-03
3.010000000000000175e-02
3.000000000000000279e-04
1.370000000000000037e-02
9.000000000000000838e-04
1.480000000000000066e-02
6.000000000000000559e-04
1.690000000000000183e-02
1.600000000000000077e-03
1.399999999999999986e-03
6.000000000000000559e-04
5.000000000000000104e-04
1.100000000000000066e-03
1.300000000000000157e-03
9.000000000000000838e-04
3.000000000000000062e-03
5.000000000000000104e-04
4.599999999999999922e-03
5.000000000000000104e-04
4.000000000000000083e-03
1.000000000000000021e-03
3.600000000000000335e-03
6.100000000000000387e-03
7.200000000000000670e-03
2.299999999999999961e-03
1.710000000000000062e-02
1.899999999999999996e-03
1.959999999999999937e-02
1.800000000000000168e-03
1.100000000000000066e-03
1.200000000000000112e-03
2.220000000000000098e-02
4.000000000000000192e-04
1.700000000000000122e-03
2.000000000000000096e-04
4.200000000000000608e-03
8.000000000000000383e-04
2.299999999999999961e-03
3.000000000000000279e-04
1.280000000000000061e-02
6.999999999999999929e-04
1.800000000000000168e-03
5.000000000000000104e-04
2.270000000000000143e-02
8.000000000000000383e-04
3.000000000000000279e-04
1.300000000000000157e-03
1.300000000000000157e-03
2.000000000000000096e-04
4.250000000000000305e-02
3.200000000000000153e-03
2.000000000000000096e-04
1.200000000000000112e-03
5.100000000000000366e-03
4.000000000000000192e-04
9.000000000000000838e-04
2.000000000000000096e-04
4.710000000000000298e-02
1.000000000000000048e-04
5.800000000000000468e-03
3.000000000000000279e-04
8.300000000000000086e-03
4.000000000000000192e-04
4.719999999999999890e-02
4.000000000000000192e-04
1.360000000000000098e-02
6.000000000000000559e-04
2.000000000000000042e-03
1.600000000000000077e-03
2.400000000000000223e-03
4.000000000000000192e-04
2.040000000000000147e-02
1.000000000000000021e-03
1.970000000000000223e-02
9.499999999999999764e-03
1.500000000000000031e-03
3.000000000000000279e-04
2.780000000000000179e-02
2.100000000000000304e-03
3.790000000000000313e-02
1.000000000000000021e-03
6.200000000000000649e-03
1.100000000000000066e-03
2.200000000000000133e-03
1.100000000000000066e-03
1.800000000000000168e-03
9.000000000000000838e-04
1.200000000000000112e-03
9.000000000000000838e-04
3.310000000000000442e-02
6.999999999999999929e-04
6.000000000000000559e-04
3.500000000000000073e-03
1.400000000000000029e-02
1.000000000000000021e-03
7.000000000000000146e-03
5.000000000000000104e-04
3.770000000000000434e-02
7.300000000000000065e-03
4.400000000000000265e-03
2.000000000000000096e-04
6.620000000000000884e-02
9.000000000000000838e-04
2.210000000000000159e-02
2.000000000000000096e-04
1.100000000000000066e-03
2.799999999999999972e-03
6.000000000000000559e-04
1.200000000000000112e-03
2.930000000000000313e-02
2.500000000000000052e-03
4.000000000000000192e-04
1.700000000000000122e-03
3.830000000000000071e-02
1.000000000000000048e-04
5.000000000000000104e-04
2.000000000000000096e-04
2.480000000000000260e-02
1.700000000000000122e-03
3.000000000000000279e-04
5.000000000000000104e-04
2.090000000000000191e-02
1.000000000000000021e-03
4.100000000000000346e-03
2.000000000000000096e-04
2.600000000000000314e-03
6.999999999999999929e-04
2.700000000000000143e-03
9.000000000000000838e-04
3.400000000000000244e-02
2.100000000000000304e-03
9.400000000000000369e-03
5.000000000000000104e-04
3.600000000000000335e-03
1.700000000000000122e-03
1.669999999999999957e-02
8.000000000000000383e-04
2.210000000000000159e-02
6.000000000000000559e-04
1.410000000000000142e-02
2.000000000000000096e-04
3.600000000000000335e-03
4.000000000000000192e-04
1.360000000000000098e-02
3.100000000000000325e-03
2.420000000000000276e-02
2.000000000000000096e-04
2.770000000000000240e-02
1.600000000000000077e-03
3.000000000000000279e-04
6.999999999999999929e-04
3.000000000000000236e-02
1.800000000000000168e-03
1.740000000000000227e-02
4.000000000000000192e-04
3.090000000000000038e-02
1.100000000000000066e-03
1.500000000000000118e-02
2.000000000000000096e-04
9.900000000000000813e-03
5.000000000000000104e-04
7.200000000000000670e-03
2.000000000000000096e-04
8.899999999999999925e-03
6.999999999999999929e-04
5.000000000000000104e-04
5.100000000000000366e-03
2.000000000000000096e-04
1.760000000000000106e-02
1.600000000000000077e-03
3.799999999999999992e-03
2.590000000000000288e-02
3.000000000000000279e-04
2.710000000000000256e-02
2.900000000000000234e-03
1.089999999999999997e-02
3.400000000000000244e-03
1.619999999999999912e-02
4.000000000000000192e-04
9.230000000000000704e-02
1.600000000000000077e-03
3.760000000000000148e-02
6.100000000000000387e-03
4.000000000000000083e-03
1.000000000000000021e-03
3.400000000000000244e-03
2.000000000000000042e-03
2.600000000000000314e-03
4.000000000000000192e-04
1.810000000000000150e-02
8.000000000000000383e-04
1.200000000000000025e-02
2.000000000000000096e-04
1.010000000000000134e-02
2.000000000000000096e-04
4.899999999999999842e-03
1.800000000000000168e-03
2.400000000000000050e-02
2.000000000000000096e-04
2.950000000000000192e-02
8.000000000000000383e-04
2.400000000000000223e-03
3.000000000000000279e-04
3.820000000000000479e-02
3.000000000000000279e-04
2.830000000000000224e-02
4.000000000000000192e-04
9.600000000000000894e-03
1.399999999999999986e-03
3.500000000000000073e-03
1.399999999999999986e-03
2.250000000000000264e-02
6.999999999999999929e-04
6.999999999999999929e-04
4.700000000000000185e-03
2.700000000000000143e-03
5.000000000000000104e-04
1.081000000000000016e-01
4.000000000000000083e-03
1.179999999999999973e-02
1.300000000000000157e-03
6.000000000000000559e-04
6.999999999999999929e-04
5.000000000000000104e-04
3.799999999999999992e-03
1.000000000000000021e-02
3.000000000000000279e-04
1.514999999999999958e-01
6.000000000000000559e-04
1.640000000000000138e-02
2.500000000000000052e-03
9.000000000000000838e-04
3.000000000000000279e-04
1.660000000000000017e-02
5.000000000000000104e-04
9.799999999999999684e-03
4.200000000000000608e-03
3.720000000000000390e-02
1.000000000000000048e-04
1.770000000000000046e-02
2.799999999999999972e-03
1.839999999999999969e-02
7.200000000000000670e-03
4.599999999999999922e-03
4.000000000000000192e-04
1.040000000000000126e-02
1.800000000000000168e-03
3.000000000000000279e-04
2.000000000000000096e-04
1.570000000000000215e-02
2.000000000000000096e-04
2.880000000000000268e-02
4.000000000000000192e-04
4.100000000000000346e-03
2.000000000000000096e-04
1.260000000000000009e-02
1.510000000000000057e-02
5.000000000000000104e-04
1.600000000000000077e-03
5.400000000000000286e-03
4.899999999999999842e-03
3.799999999999999992e-03
6.000000000000000559e-04
6.700000000000000226e-03
1.700000000000000122e-03
1.000000000000000048e-04
4.700000000000000185e-03
8.200000000000000691e-03
3.000000000000000279e-04
8.000000000000000167e-03
9.000000000000000838e-04
5.700000000000000205e-03
1.399999999999999986e-03
1.500000000000000118e-02
5.000000000000000104e-04
6.200000000000000649e-03
1.000000000000000021e-03
6.000000000000000559e-04
3.500000000000000073e-03
6.900000000000000751e-03
2.000000000000000096e-04
1.470000000000000126e-02
1.000000000000000021e-03
6.900000000000000751e-03
1.000000000000000048e-04
1.519999999999999997e-02
3.000000000000000279e-04
3.799999999999999992e-03
1.700000000000000122e-03
2.000000000000000096e-04
1.000000000000000021e-03
1.660000000000000017e-02
4.000000000000000192e-04
6.100000000000000387e-03
2.000000000000000096e-04
1.030000000000000013e-02
2.000000000000000096e-04
1.779999999999999985e-02
2.799999999999999972e-03
7.069999999999999896e-02
4.000000000000000192e-04
8.000000000000000167e-03
4.400000000000000265e-03
3.000000000000000236e-02
4.000000000000000192e-04
1.370000000000000037e-02
9.000000000000000838e-04
1.480000000000000066e-02
6.000000000000000559e-04
1.690000000000000183e-02
1.600000000000000077e-03
1.399999999999999986e-03
5.000000000000000104e-04
6.000000000000000559e-04
1.100000000000000066e-03
1.300000000000000157e-03
9.000000000000000838e-04
3.000000000000000062e-03
5.000000000000000104e-04
4.599999999999999922e-03
5.000000000000000104e-04
4.000000000000000083e-03
1.000000000000000021e-03
3.600000000000000335e-03
6.100000000000000387e-03
7.200000000000000670e-03
2.299999999999999961e-03
1.710000000000000062e-02
1.899999999999999996e-03
1.959999999999999937e-02
1.800000000000000168e-03
1.100000000000000066e-03
1.200000000000000112e-03
2.220000000000000098e-02
4.000000000000000192e-04
1.700000000000000122e-03
2.000000000000000096e-04
4.200000000000000608e-03
8.000000000000000383e-04
2.299999999999999961e-03
3.000000000000000279e-04
1.280000000000000061e-02
6.999999999999999929e-04
1.800000000000000168e-03
5.000000000000000104e-04
2.270000000000000143e-02
6.999999999999999929e-04
4.000000000000000192e-04
1.300000000000000157e-03
1.200000000000000112e-03
3.000000000000000279e-04
4.250000000000000305e-02
3.200000000000000153e-03
2.000000000000000096e-04
1.200000000000000112e-03
5.100000000000000366e-03
4.000000000000000192e-04
9.000000000000000838e-04
2.000000000000000096e-04
4.710000000000000298e-02
1.000000000000000048e-04
5.800000000000000468e-03
3.000000000000000279e-04
8.300000000000000086e-03
4.000000000000000192e-04
4.719999999999999890e-02
4.000000000000000192e-04
1.360000000000000098e-02
6.000000000000000559e-04
2.000000000000000042e-03
1.600000000000000077e-03
2.400000000000000223e-03
4.000000000000000192e-04
2.040000000000000147e-02
1.000000000000000021e-03
1.970000000000000223e-02
9.499999999999999764e-03
1.399999999999999986e-03
4.000000000000000192e-04
2.780000000000000179e-02
2.100000000000000304e-03
3.790000000000000313e-02
1.000000000000000021e-03
6.200000000000000649e-03
1.100000000000000066e-03
2.200000000000000133e-03
1.100000000000000066e-03
1.800000000000000168e-03
8.000000000000000383e-04
1.300000000000000157e-03
9.000000000000000838e-04
3.310000000000000442e-02
6.999999999999999929e-04
6.000000000000000559e-04
3.500000000000000073e-03
1.400000000000000029e-02
1.000000000000000021e-03
7.000000000000000146e-03
4.000000000000000192e-04
3.780000000000000027e-02
7.300000000000000065e-03
4.400000000000000265e-03
2.000000000000000096e-04
6.620000000000000884e-02
9.000000000000000838e-04
2.210000000000000159e-02
2.000000000000000096e-04
1.100000000000000066e-03
2.799999999999999972e-03
6.000000000000000559e-04
1.100000000000000066e-03
2.940000000000000252e-02
2.500000000000000052e-03
3.000000000000000279e-04
1.800000000000000168e-03
3.830000000000000071e-02
1.000000000000000048e-04
4.000000000000000192e-04
3.000000000000000279e-04
2.480000000000000260e-02
1.700000000000000122e-03
3.000000000000000279e-04
5.000000000000000104e-04
2.090000000000000191e-02
1.000000000000000021e-03
4.100000000000000346e-03
2.000000000000000096e-04
2.600000000000000314e-03
6.999999999999999929e-04
2.700000000000000143e-03
9.000000000000000838e-04
3.400000000000000244e-02
2.100000000000000304e-03
9.400000000000000369e-03
5.000000000000000104e-04
3.500000000000000073e-03
1.800000000000000168e-03
1.669999999999999957e-02
8.000000000000000383e-04
2.210000000000000159e-02
6.000000000000000559e-04
1.410000000000000142e-02
1.000000000000000048e-04
3.600000000000000335e-03
5.000000000000000104e-04
1.360000000000000098e-02
3.100000000000000325e-03
2.420000000000000276e-02
2.000000000000000096e-04
2.770000000000000240e-02
1.500000000000000031e-03
4.000000000000000192e-04
6.000000000000000559e-04
3.010000000000000175e-02
1.800000000000000168e-03
1.740000000000000227e-02
3.000000000000000279e-04
3.099999999999999978e-02
1.100000000000000066e-03
1.500000000000000118e-02
2.000000000000000096e-04
9.900000000000000813e-03
5.000000000000000104e-04
7.100000000000000408e-03
3.000000000000000279e-04
8.899999999999999925e-03
6.999999999999999929e-04
5.000000000000000104e-04
5.100000000000000366e-03
2.000000000000000096e-04
1.760000000000000106e-02
1.600000000000000077e-03
3.700000000000000164e-03
2.600000000000000228e-02
3.000000000000000279e-04
2.699999999999999969e-02
3.000000000000000062e-03
1.089999999999999997e-02
3.400000000000000244e-03
1.619999999999999912e-02
4.000000000000000192e-04
9.230000000000000704e-02
1.600000000000000077e-03
3.760000000000000148e-02
6.100000000000000387e-03
4.000000000000000083e-03
9.000000000000000838e-04
3.500000000000000073e-03
2.000000000000000042e-03
2.600000000000000314e-03
4.000000000000000192e-04
1.810000000000000150e-02
8.000000000000000383e-04
1.200000000000000025e-02
2.000000000000000096e-04
1.010000000000000134e-02
2.000000000000000096e-04
4.899999999999999842e-03
1.800000000000000168e-03
2.400000000000000050e-02
2.000000000000000096e-04
2.950000000000000192e-02
8.000000000000000383e-04
2.400000000000000223e-03
3.000000000000000279e-04
3.820000000000000479e-02
3.000000000000000279e-04
2.830000000000000224e-02
4.000000000000000192e-04
9.600000000000000894e-03
1.399999999999999986e-03
3.500000000000000073e-03
1.399999999999999986e-03
2.250000000000000264e-02
6.999999999999999929e-04
6.999999999999999929e-04
4.700000000000000185e-03
2.600000000000000314e-03
5.000000000000000104e-04
1.082000000000000045e-01
4.000000000000000083e-03
1.179999999999999973e-02
1.300000000000000157e-03
6.000000000000000559e-04
6.999999999999999929e-04
5.000000000000000104e-04
3.799999999999999992e-03
1.000000000000000021e-02
3.000000000000000279e-04
1.514999999999999958e-01
6.000000000000000559e-04
1.640000000000000138e-02
2.500000000000000052e-03
9.000000000000000838e-04
3.000000000000000279e-04
1.660000000000000017e-02
5.000000000000000104e-04
9.799999999999999684e-03
4.200000000000000608e-03
3.710000000000000103e-02
2.000000000000000096e-04
1.770000000000000046e-02
2.799999999999999972e-03
1.839999999999999969e-02
7.200000000000000670e-03
4.599999999999999922e-03
4.000000000000000192e-04
1.040000000000000126e-02
1.800000000000000168e-03
3.000000000000000279e-04
2.000000000000000096e-04
1.560000000000000102e-02
3.000000000000000279e-04
2.880000000000000268e-02
4.000000000000000192e-04
4.100000000000000346e-03
2.000000000000000096e-04
1.260000000000000009e-02
1.510000000000000057e-02
5.000000000000000104e-04
1.600000000000000077e-03
5.400000000000000286e-03
4.899999999999999842e-03
3.799999999999999992e-03
6.000000000000000559e-04
6.700000000000000226e-03
1.700000000000000122e-03
1.000000000000000048e-04
4.700000000000000185e-03
8.200000000000000691e-03
3.000000000000000279e-04
8.000000000000000167e-03
9.000000000000000838e-04
5.700000000000000205e-03
1.399999999999999986e-03
1.500000000000000118e-02
5.000000000000000104e-04
6.200000000000000649e-03
1.000000000000000021e-03
5.000000000000000104e-04
3.600000000000000335e-03
6.800000000000000488e-03
3.000000000000000279e-04
1.470000000000000126e-02
1.000000000000000021e-03
6.900000000000000751e-03
1.000000000000000048e-04
1.519999999999999997e-02
3.000000000000000279e-04
3.799999999999999992e-03
1.700000000000000122e-03
2.000000000000000096e-04
1.000000000000000021e-03
1.660000000000000017e-02
4.000000000000000192e-04
6.100000000000000387e-03
2.000000000000000096e-04
1.030000000000000013e-02
2.000000000000000096e-04
1.779999999999999985e-02
2.799999999999999972e-03
7.069999999999999896e-02
4.000000000000000192e-04
8.000000000000000167e-03
4.400000000000000265e-03
1.720000000000000001e-02
1.000000000000000048e-04
1.270000000000000122e-02
4.000000000000000192e-04
1.360000000000000098e-02
9.000000000000000838e-04
1.480000000000000066e-02
6.999999999999999929e-04
1.690000000000000183e-02
1.600000000000000077e-03
1.399999999999999986e-03
5.000000000000000104e-04
6.000000000000000559e-04
1.000000000000000021e-03
1.399999999999999986e-03
9.000000000000000838e-04
3.000000000000000062e-03
5.000000000000000104e-04
4.599999999999999922e-03
5.000000000000000104e-04
4.000000000000000083e-03
1.000000000000000021e-03
3.600000000000000335e-03
6.100000000000000387e-03
7.200000000000000670e-03
2.299999999999999961e-03
1.710000000000000062e-02
1.899999999999999996e-03
1.959999999999999937e-02
1.800000000000000168e-03
1.000000000000000021e-03
1.300000000000000157e-03
2.220000000000000098e-02
4.000000000000000192e-04
1.700000000000000122e-03
2.000000000000000096e-04
4.200000000000000608e-03
8.000000000000000383e-04
2.299999999999999961e-03
3.000000000000000279e-04
1.280000000000000061e-02
6.999999999999999929e-04
1.800000000000000168e-03
5.000000000000000104e-04
2.270000000000000143e-02
6.999999999999999929e-04
3.000000000000000279e-04
1.399999999999999986e-03
1.200000000000000112e-03
3.000000000000000279e-04
4.250000000000000305e-02
3.200000000000000153e-03
2.000000000000000096e-04
1.200000000000000112e-03
5.100000000000000366e-03
4.000000000000000192e-04
9.000000000000000838e-04
2.000000000000000096e-04
4.700000000000000011e-02
2.000000000000000096e-04
5.800000000000000468e-03
3.000000000000000279e-04
8.300000000000000086e-03
4.000000000000000192e-04
4.710000000000000298e-02
5.000000000000000104e-04
1.360000000000000098e-02
5.000000000000000104e-04
2.100000000000000304e-03
1.500000000000000031e-03
2.500000000000000052e-03
4.000000000000000192e-04
2.040000000000000147e-02
1.000000000000000021e-03
1.970000000000000223e-02
9.499999999999999764e-03
1.399999999999999986e-03
4.000000000000000192e-04
2.780000000000000179e-02
2.100000000000000304e-03
3.790000000000000313e-02
1.000000000000000021e-03
6.200000000000000649e-03
1.100000000000000066e-03
2.100000000000000304e-03
1.200000000000000112e-03
1.800000000000000168e-03
8.000000000000000383e-04
1.300000000000000157e-03
9.000000000000000838e-04
3.310000000000000442e-02
6.999999999999999929e-04
6.000000000000000559e-04
3.500000000000000073e-03
1.400000000000000029e-02
1.000000000000000021e-03
7.000000000000000146e-03
4.000000000000000192e-04
3.780000000000000027e-02
7.300000000000000065e-03
4.300000000000000003e-03
3.000000000000000279e-04
6.620000000000000884e-02
9.000000000000000838e-04
2.210000000000000159e-02
2.000000000000000096e-04
1.100000000000000066e-03
2.799999999999999972e-03
6.000000000000000559e-04
1.100000000000000066e-03
2.940000000000000252e-02
2.400000000000000223e-03
4.000000000000000192e-04
1.700000000000000122e-03
3.840000000000000357e-02
1.000000000000000048e-04
4.000000000000000192e-04
3.000000000000000279e-04
2.480000000000000260e-02
1.700000000000000122e-03
3.000000000000000279e-04
5.000000000000000104e-04
2.080000000000000251e-02
1.100000000000000066e-03
4.100000000000000346e-03
2.000000000000000096e-04
2.600000000000000314e-03
6.999999999999999929e-04
2.700000000000000143e-03
9.000000000000000838e-04
3.400000000000000244e-02
2.100000000000000304e-03
9.400000000000000369e-03
5.000000000000000104e-04
3.500000000000000073e-03
1.700000000000000122e-03
1.680000000000000243e-02
8.000000000000000383e-04
2.210000000000000159e-02
6.000000000000000559e-04
1.410000000000000142e-02
1.000000000000000048e-04
3.600000000000000335e-03
5.000000000000000104e-04
1.360000000000000098e-02
3.000000000000000062e-03
2.430000000000000215e-02
2.000000000000000096e-04
2.770000000000000240e-02
1.500000000000000031e-03
4.000000000000000192e-04
6.000000000000000559e-04
3.010000000000000175e-02
1.700000000000000122e-03
1.750000000000000167e-02
3.000000000000000279e-04
3.099999999999999978e-02
1.100000000000000066e-03
1.500000000000000118e-02
2.000000000000000096e-04
9.900000000000000813e-03
5.000000000000000104e-04
7.100000000000000408e-03
3.000000000000000279e-04
8.899999999999999925e-03
6.999999999999999929e-04
5.000000000000000104e-04
5.000000000000000104e-03
3.000000000000000279e-04
1.760000000000000106e-02
1.600000000000000077e-03
3.700000000000000164e-03
2.600000000000000228e-02
3.000000000000000279e-04
2.699999999999999969e-02
3.000000000000000062e-03
1.089999999999999997e-02
3.400000000000000244e-03
1.619999999999999912e-02
4.000000000000000192e-04
9.230000000000000704e-02
1.600000000000000077e-03
3.749999999999999861e-02
6.200000000000000649e-03
4.000000000000000083e-03
9.000000000000000838e-04
3.500000000000000073e-03
1.899999999999999996e-03
2.700000000000000143e-03
4.000000000000000192e-04
1.800000000000000211e-02
9.000000000000000838e-04
1.200000000000000025e-02
2.000000000000000096e-04
1.000000000000000021e-02
3.000000000000000279e-04
4.899999999999999842e-03
1.800000000000000168e-03
2.400000000000000050e-02
2.000000000000000096e-04
2.950000000000000192e-02
8.000000000000000383e-04
2.400000000000000223e-03
3.000000000000000279e-04
3.820000000000000479e-02
3.000000000000000279e-04
2.830000000000000224e-02
4.000000000000000192e-04
9.499999999999999764e-03
1.500000000000000031e-03
3.500000000000000073e-03
1.399999999999999986e-03
2.250000000000000264e-02
6.999999999999999929e-04
6.000000000000000559e-04
4.800000000000000447e-03
2.600000000000000314e-03
5.000000000000000104e-04
1.082000000000000045e-01
4.000000000000000083e-03
1.170000000000000033e-02
1.399999999999999986e-03
6.000000000000000559e-04
6.999999999999999929e-04
5.000000000000000104e-04
3.799999999999999992e-03
1.000000000000000021e-02
3.000000000000000279e-04
1.514999999999999958e-01
6.000000000000000559e-04
1.640000000000000138e-02
2.500000000000000052e-03
9.000000000000000838e-04
3.000000000000000279e-04
1.660000000000000017e-02
5.000000000000000104e-04
9.799999999999999684e-03
4.200000000000000608e-03
3.710000000000000103e-02
2.000000000000000096e-04
1.770000000000000046e-02
2.799999999999999972e-03
1.839999999999999969e-02
7.200000000000000670e-03
4.599999999999999922e-03
4.000000000000000192e-04
1.040000000000000126e-02
1.700000000000000122e-03
4.000000000000000192e-04
2.000000000000000096e-04
1.560000000000000102e-02
3.000000000000000279e-04
2.880000000000000268e-02
4.000000000000000192e-04
4.100000000000000346e-03
2.000000000000000096e-04
1.260000000000000009e-02
1.510000000000000057e-02
5.000000000000000104e-04
1.600000000000000077e-03
5.400000000000000286e-03
4.899999999999999842e-03
3.799999999999999992e-03
6.000000000000000559e-04
6.700000000000000226e-03
1.700000000000000122e-03
1.000000000000000048e-04
4.700000000000000185e-03
8.200000000000000691e-03
3.000000000000000279e-04
7.900000000000000772e-03
1.000000000000000021e-03
5.700000000000000205e-03
1.399999999999999986e-03
1.500000000000000118e-02
5.000000000000000104e-04
6.200000000000000649e-03
9.000000000000000838e-04
6.000000000000000559e-04
3.600000000000000335e-03
6.800000000000000488e-03
3.000000000000000279e-04
1.470000000000000126e-02
1.000000000000000021e-03
6.900000000000000751e-03
1.000000000000000048e-04
1.519999999999999997e-02
3.000000000000000279e-04
3.799999999999999992e-03
1.700000000000000122e-03
2.000000000000000096e-04
1.000000000000000021e-03
1.660000000000000017e-02
4.000000000000000192e-04
6.100000000000000387e-03
2.000000000000000096e-04
1.030000000000000013e-02
2.000000000000000096e-04
1.779999999999999985e-02
2.799999999999999972e-03
7.069999999999999896e-02
4.000000000000000192e-04
8.000000000000000167e-03
4.400000000000000265e-03
1.720000000000000001e-02
1.000000000000000048e-04
1.270000000000000122e-02
3.000000000000000279e-04
1.370000000000000037e-02
9.000000000000000838e-04
1.480000000000000066e-02
6.999999999999999929e-04
1.690000000000000183e-02
1.600000000000000077e-03
1.399999999999999986e-03
5.000000000000000104e-04
6.000000000000000559e-04
1.000000000000000021e-03
1.399999999999999986e-03
9.000000000000000838e-04
3.000000000000000062e-03
5.000000000000000104e-04
4.599999999999999922e-03
4.000000000000000192e-04
4.000000000000000083e-03
1.100000000000000066e-03
3.600000000000000335e-03
6.100000000000000387e-03
7.200000000000000670e-03
2.299999999999999961e-03
1.710000000000000062e-02
1.899999999999999996e-03
1.959999999999999937e-02
1.700000000000000122e-03
1.100000000000000066e-03
1.200000000000000112e-03
2.230000000000000038e-02
4.000000000000000192e-04
1.700000000000000122e-03
2.000000000000000096e-04
4.100000000000000346e-03
9.000000000000000838e-04
2.299999999999999961e-03
3.000000000000000279e-04
1.280000000000000061e-02
6.999999999999999929e-04
1.800000000000000168e-03
5.000000000000000104e-04
2.270000000000000143e-02
6.999999999999999929e-04
3.000000000000000279e-04
1.399999999999999986e-03
1.200000000000000112e-03
3.000000000000000279e-04
4.250000000000000305e-02
3.200000000000000153e-03
1.000000000000000048e-04
1.300000000000000157e-03
5.100000000000000366e-03
4.000000000000000192e-04
9.000000000000000838e-04
2.000000000000000096e-04
4.700000000000000011e-02
2.000000000000000096e-04
5.800000000000000468e-03
2.000000000000000096e-04
8.400000000000001216e-03
4.000000000000000192e-04
4.710000000000000298e-02
5.000000000000000104e-04
1.360000000000000098e-02
5.000000000000000104e-04
2.100000000000000304e-03
1.500000000000000031e-03
2.500000000000000052e-03
4.000000000000000192e-04
2.040000000000000147e-02
1.000000000000000021e-03
1.970000000000000223e-02
9.499999999999999764e-03
1.399999999999999986e-03
4.000000000000000192e-04
2.780000000000000179e-02
2.100000000000000304e-03
3.790000000000000313e-02
1.000000000000000021e-03
6.200000000000000649e-03
1.100000000000000066e-03
2.100000000000000304e-03
1.200000000000000112e-03
1.800000000000000168e-03
8.000000000000000383e-04
1.300000000000000157e-03
9.000000000000000838e-04
3.310000000000000442e-02
6.000000000000000559e-04
6.999999999999999929e-04
3.500000000000000073e-03
1.400000000000000029e-02
1.000000000000000021e-03
7.000000000000000146e-03
4.000000000000000192e-04
3.780000000000000027e-02
7.300000000000000065e-03
4.300000000000000003e-03
3.000000000000000279e-04
6.610000000000000597e-02
1.000000000000000021e-03
2.210000000000000159e-02
1.000000000000000048e-04
1.200000000000000112e-03
2.799999999999999972e-03
6.000000000000000559e-04
1.100000000000000066e-03
2.940000000000000252e-02
2.400000000000000223e-03
4.000000000000000192e-04
1.700000000000000122e-03
3.840000000000000357e-02
1.000000000000000048e-04
4.000000000000000192e-04
3.000000000000000279e-04
2.469999999999999973e-02
1.700000000000000122e-03
4.000000000000000192e-04
5.000000000000000104e-04
2.080000000000000251e-02
1.100000000000000066e-03
4.100000000000000346e-03
2.000000000000000096e-04
2.600000000000000314e-03
6.999999999999999929e-04
2.700000000000000143e-03
9.000000000000000838e-04
3.400000000000000244e-02
2.100000000000000304e-03
9.300000000000000974e-03
6.000000000000000559e-04
3.500000000000000073e-03
1.700000000000000122e-03
1.669999999999999957e-02
9.000000000000000838e-04
2.210000000000000159e-02
5.000000000000000104e-04
1.420000000000000082e-02
1.000000000000000048e-04
3.600000000000000335e-03
5.000000000000000104e-04
1.360000000000000098e-02
3.000000000000000062e-03
2.420000000000000276e-02
3.000000000000000279e-04
2.770000000000000240e-02
1.500000000000000031e-03
4.000000000000000192e-04
6.000000000000000559e-04
3.010000000000000175e-02
1.700000000000000122e-03
1.750000000000000167e-02
3.000000000000000279e-04
3.090000000000000038e-02
1.200000000000000112e-03
1.500000000000000118e-02
1.000000000000000048e-04
1.000000000000000021e-02
5.000000000000000104e-04
7.100000000000000408e-03
3.000000000000000279e-04
8.899999999999999925e-03
6.999999999999999929e-04
4.000000000000000192e-04
5.100000000000000366e-03
3.000000000000000279e-04
1.760000000000000106e-02
1.600000000000000077e-03
3.700000000000000164e-03
2.600000000000000228e-02
3.000000000000000279e-04
2.699999999999999969e-02
3.000000000000000062e-03
1.089999999999999997e-02
3.400000000000000244e-03
1.619999999999999912e-02
4.000000000000000192e-04
9.230000000000000704e-02
1.600000000000000077e-03
3.749999999999999861e-02
6.200000000000000649e-03
4.000000000000000083e-03
9.000000000000000838e-04
3.500000000000000073e-03
1.899999999999999996e-03
2.700000000000000143e-03
4.000000000000000192e-04
1.800000000000000211e-02
9.000000000000000838e-04
1.200000000000000025e-02
2.000000000000000096e-04
1.000000000000000021e-02
3.000000000000000279e-04
4.899999999999999842e-03
1.800000000000000168e-03
2.400000000000000050e-02
2.000000000000000096e-04
2.950000000000000192e-02
8.000000000000000383e-04
2.400000000000000223e-03
3.000000000000000279e-04
3.820000000000000479e-02
3.000000000000000279e-04
2.830000000000000224e-02
4.000000000000000192e-04
9.499999999999999764e-03
1.399999999999999986e-03
3.600000000000000335e-03
1.399999999999999986e-03
2.239999999999999977e-02
8.000000000000000383e-04
6.000000000000000559e-04
4.800000000000000447e-03
2.600000000000000314e-03
5.000000000000000104e-04
1.082000000000000045e-01
4.000000000000000083e-03
1.170000000000000033e-02
1.399999999999999986e-03
6.000000000000000559e-04
6.999999999999999929e-04
5.000000000000000104e-04
3.700000000000000164e-03
1.010000000000000134e-02
3.000000000000000279e-04
1.514999999999999958e-01
6.000000000000000559e-04
1.640000000000000138e-02
2.500000000000000052e-03
8.000000000000000383e-04
4.000000000000000192e-04
1.660000000000000017e-02
5.000000000000000104e-04
9.799999999999999684e-03
4.200000000000000608e-03
3.710000000000000103e-02
2.000000000000000096e-04
1.770000000000000046e-02
2.799999999999999972e-03
1.839999999999999969e-02
7.100000000000000408e-03
4.700000000000000185e-03
4.000000000000000192e-04
1.030000000000000013e-02
1.800000000000000168e-03
3.000000000000000279e-04
3.000000000000000279e-04
1.560000000000000102e-02
3.000000000000000279e-04
2.880000000000000268e-02
4.000000000000000192e-04
4.100000000000000346e-03
2.000000000000000096e-04
1.260000000000000009e-02
1.500000000000000118e-02
6.000000000000000559e-04
1.600000000000000077e-03
5.400000000000000286e-03
4.800000000000000447e-03
3.900000000000000255e-03
6.000000000000000559e-04
6.100000000000000387e-03
1.000000000000000048e-04
5.000000000000000104e-04
1.700000000000000122e-03
1.000000000000000048e-04
4.700000000000000185e-03
8.200000000000000691e-03
3.000000000000000279e-04
7.900000000000000772e-03
1.000000000000000021e-03
5.700000000000000205e-03
1.399999999999999986e-03
1.500000000000000118e-02
5.000000000000000104e-04
6.200000000000000649e-03
9.000000000000000838e-04
6.000000000000000559e-04
3.600000000000000335e-03
6.800000000000000488e-03
3.000000000000000279e-04
1.470000000000000126e-02
1.000000000000000021e-03
6.900000000000000751e-03
1.000000000000000048e-04
1.510000000000000057e-02
4.000000000000000192e-04
3.799999999999999992e-03
1.700000000000000122e-03
2.000000000000000096e-04
1.000000000000000021e-03
1.650000000000000078e-02
5.000000000000000104e-04
6.100000000000000387e-03
2.000000000000000096e-04
1.030000000000000013e-02
2.000000000000000096e-04
1.779999999999999985e-02
2.799999999999999972e-03
7.069999999999999896e-02
4.000000000000000192e-04
8.000000000000000167e-03
4.400000000000000265e-03
1.720000000000000001e-02
1.000000000000000048e-04
1.270000000000000122e-02
3.000000000000000279e-04
1.370000000000000037e-02
9.000000000000000838e-04
1.480000000000000066e-02
6.999999999999999929e-04
1.690000000000000183e-02
1.600000000000000077e-03
1.399999999999999986e-03
5.000000000000000104e-04
6.000000000000000559e-04
1.000000000000000021e-03
1.399999999999999986e-03
9.000000000000000838e-04
3.000000000000000062e-03
5.000000000000000104e-04
4.599999999999999922e-03
4.000000000000000192e-04
4.000000000000000083e-03
1.100000000000000066e-03
3.500000000000000073e-03
6.200000000000000649e-03
7.200000000000000670e-03
2.299999999999999961e-03
1.710000000000000062e-02
1.899999999999999996e-03
1.959999999999999937e-02
1.700000000000000122e-03
1.100000000000000066e-03
1.200000000000000112e-03
2.230000000000000038e-02
4.000000000000000192e-04
1.700000000000000122e-03
2.000000000000000096e-04
4.100000000000000346e-03
9.000000000000000838e-04
2.299999999999999961e-03
3.000000000000000279e-04
1.280000000000000061e-02
6.000000000000000559e-04
1.899999999999999996e-03
5.000000000000000104e-04
2.270000000000000143e-02
6.999999999999999929e-04
3.000000000000000279e-04
1.399999999999999986e-03
1.200000000000000112e-03
3.000000000000000279e-04
4.250000000000000305e-02
3.200000000000000153e-03
1.000000000000000048e-04
1.300000000000000157e-03
5.100000000000000366e-03
4.000000000000000192e-04
8.000000000000000383e-04
3.000000000000000279e-04
4.700000000000000011e-02
2.000000000000000096e-04
5.700000000000000205e-03
3.000000000000000279e-04
8.400000000000001216e-03
4.000000000000000192e-04
4.710000000000000298e-02
5.000000000000000104e-04
1.360000000000000098e-02
5.000000000000000104e-04
2.100000000000000304e-03
1.500000000000000031e-03
2.500000000000000052e-03
4.000000000000000192e-04
2.040000000000000147e-02
1.000000000000000021e-03
1.970000000000000223e-02
9.499999999999999764e-03
1.399999999999999986e-03
4.000000000000000192e-04
2.780000000000000179e-02
2.100000000000000304e-03
3.790000000000000313e-02
9.000000000000000838e-04
6.300000000000000044e-03
1.100000000000000066e-03
2.100000000000000304e-03
1.200000000000000112e-03
1.700000000000000122e-03
9.000000000000000838e-04
1.300000000000000157e-03
9.000000000000000838e-04
3.310000000000000442e-02
6.000000000000000559e-04
6.999999999999999929e-04
3.400000000000000244e-03
1.400000000000000029e-02
1.100000000000000066e-03
6.900000000000000751e-03
5.000000000000000104e-04
3.780000000000000027e-02
7.300000000000000065e-03
4.300000000000000003e-03
3.000000000000000279e-04
6.610000000000000597e-02
1.000000000000000021e-03
2.210000000000000159e-02
1.000000000000000048e-04
1.200000000000000112e-03
2.700000000000000143e-03
6.999999999999999929e-04
1.100000000000000066e-03
2.940000000000000252e-02
2.400000000000000223e-03
4.000000000000000192e-04
1.700000000000000122e-03
3.840000000000000357e-02
1.000000000000000048e-04
4.000000000000000192e-04
3.000000000000000279e-04
2.469999999999999973e-02
1.700000000000000122e-03
4.000000000000000192e-04
4.000000000000000192e-04
2.090000000000000191e-02
1.100000000000000066e-03
4.000000000000000083e-03
3.000000000000000279e-04
2.600000000000000314e-03
6.999999999999999929e-04
2.700000000000000143e-03
9.000000000000000838e-04
3.400000000000000244e-02
2.100000000000000304e-03
9.300000000000000974e-03
6.000000000000000559e-04
3.500000000000000073e-03
1.700000000000000122e-03
1.669999999999999957e-02
9.000000000000000838e-04
2.210000000000000159e-02
5.000000000000000104e-04
1.420000000000000082e-02
1.000000000000000048e-04
3.600000000000000335e-03
5.000000000000000104e-04
1.360000000000000098e-02
3.000000000000000062e-03
2.420000000000000276e-02
3.000000000000000279e-04
2.770000000000000240e-02
1.500000000000000031e-03
4.000000000000000192e-04
6.000000000000000559e-04
3.010000000000000175e-02
1.700000000000000122e-03
1.750000000000000167e-02
3.000000000000000279e-04
3.090000000000000038e-02
1.200000000000000112e-03
1.500000000000000118e-02
1.000000000000000048e-04
1.000000000000000021e-02
4.000000000000000192e-04
7.200000000000000670e-03
3.000000000000000279e-04
8.899999999999999925e-03
6.999999999999999929e-04
4.000000000000000192e-04
5.100000000000000366e-03
3.000000000000000279e-04
1.760000000000000106e-02
1.600000000000000077e-03
3.700000000000000164e-03
2.600000000000000228e-02
2.000000000000000096e-04
2.710000000000000256e-02
3.000000000000000062e-03
1.080000000000000057e-02
3.500000000000000073e-03
1.619999999999999912e-02
3.000000000000000279e-04
9.240000000000000990e-02
1.600000000000000077e-03
3.749999999999999861e-02
6.200000000000000649e-03
4.000000000000000083e-03
9.000000000000000838e-04
3.500000000000000073e-03
1.899999999999999996e-03
2.700000000000000143e-03
4.000000000000000192e-04
1.800000000000000211e-02
8.000000000000000383e-04
1.210000000000000138e-02
1.000000000000000048e-04
1.010000000000000134e-02
2.000000000000000096e-04
5.000000000000000104e-03
1.800000000000000168e-03
2.400000000000000050e-02
2.000000000000000096e-04
2.950000000000000192e-02
8.000000000000000383e-04
2.400000000000000223e-03
2.000000000000000096e-04
3.830000000000000071e-02
3.000000000000000279e-04
2.820000000000000284e-02
5.000000000000000104e-04
9.499999999999999764e-03
1.399999999999999986e-03
3.600000000000000335e-03
1.399999999999999986e-03
2.239999999999999977e-02
8.000000000000000383e-04
6.000000000000000559e-04
4.800000000000000447e-03
2.600000000000000314e-03
5.000000000000000104e-04
1.082000000000000045e-01
4.000000000000000083e-03
1.170000000000000033e-02
1.399999999999999986e-03
6.000000000000000559e-04
6.000000000000000559e-04
6.000000000000000559e-04
3.700000000000000164e-03
1.010000000000000134e-02
3.000000000000000279e-04
1.514999999999999958e-01
6.000000000000000559e-04
1.640000000000000138e-02
2.500000000000000052e-03
8.000000000000000383e-04
4.000000000000000192e-04
1.660000000000000017e-02
5.000000000000000104e-04
9.799999999999999684e-03
4.200000000000000608e-03
3.710000000000000103e-02
2.000000000000000096e-04
1.770000000000000046e-02
2.799999999999999972e-03
1.830000000000000029e-02
7.200000000000000670e-03
4.700000000000000185e-03
4.000000000000000192e-04
1.030000000000000013e-02
1.800000000000000168e-03
3.000000000000000279e-04
3.000000000000000279e-04
1.560000000000000102e-02
3.000000000000000279e-04
2.880000000000000268e-02
4.000000000000000192e-04
4.100000000000000346e-03
1.000000000000000048e-04
1.270000000000000122e-02
1.500000000000000118e-02
6.000000000000000559e-04
1.500000000000000031e-03
5.500000000000000548e-03
4.800000000000000447e-03
3.799999999999999992e-03
6.000000000000000559e-04
6.200000000000000649e-03
1.000000000000000048e-04
4.000000000000000192e-04
1.800000000000000168e-03
1.000000000000000048e-04
4.599999999999999922e-03
8.200000000000000691e-03
4.000000000000000192e-04
7.900000000000000772e-03
1.000000000000000021e-03
5.700000000000000205e-03
1.300000000000000157e-03
1.510000000000000057e-02
5.000000000000000104e-04
6.200000000000000649e-03
9.000000000000000838e-04
6.000000000000000559e-04
3.600000000000000335e-03
6.800000000000000488e-03
3.000000000000000279e-04
1.470000000000000126e-02
1.000000000000000021e-03
6.900000000000000751e-03
1.000000000000000048e-04
1.510000000000000057e-02
4.000000000000000192e-04
3.799999999999999992e-03
1.700000000000000122e-03
1.000000000000000048e-04
1.100000000000000066e-03
1.650000000000000078e-02
5.000000000000000104e-04
6.100000000000000387e-03
2.000000000000000096e-04
1.020000000000000073e-02
3.000000000000000279e-04
1.779999999999999985e-02
2.799999999999999972e-03
7.069999999999999896e-02
4.000000000000000192e-04
7.900000000000000772e-03
4.500000000000000527e-03
1.720000000000000001e-02
1.000000000000000048e-04
1.270000000000000122e-02
3.000000000000000279e-04
1.370000000000000037e-02
9.000000000000000838e-04
1.480000000000000066e-02
6.999999999999999929e-04
1.690000000000000183e-02
1.500000000000000031e-03
1.500000000000000031e-03
5.000000000000000104e-04
6.000000000000000559e-04
1.000000000000000021e-03
1.399999999999999986e-03
9.000000000000000838e-04
3.000000000000000062e-03
5.000000000000000104e-04
4.599999999999999922e-03
4.000000000000000192e-04
4.000000000000000083e-03
1.100000000000000066e-03
3.500000000000000073e-03
6.200000000000000649e-03
7.200000000000000670e-03
2.299999999999999961e-03
1.700000000000000122e-02
2.000000000000000042e-03
1.959999999999999937e-02
1.700000000000000122e-03
1.100000000000000066e-03
1.200000000000000112e-03
2.230000000000000038e-02
3.000000000000000279e-04
1.700000000000000122e-03
3.000000000000000279e-04
4.100000000000000346e-03
9.000000000000000838e-04
2.299999999999999961e-03
3.000000000000000279e-04
1.280000000000000061e-02
6.000000000000000559e-04
1.899999999999999996e-03
5.000000000000000104e-04
2.270000000000000143e-02
6.999999999999999929e-04
3.000000000000000279e-04
1.399999999999999986e-03
1.200000000000000112e-03
3.000000000000000279e-04
4.240000000000000019e-02
3.299999999999999982e-03
1.000000000000000048e-04
1.300000000000000157e-03
5.100000000000000366e-03
4.000000000000000192e-04
8.000000000000000383e-04
3.000000000000000279e-04
4.700000000000000011e-02
2.000000000000000096e-04
5.700000000000000205e-03
3.000000000000000279e-04
8.400000000000001216e-03
4.000000000000000192e-04
4.710000000000000298e-02
5.000000000000000104e-04
1.360000000000000098e-02
5.000000000000000104e-04
2.000000000000000042e-03
1.600000000000000077e-03
2.500000000000000052e-03
4.000000000000000192e-04
2.040000000000000147e-02
1.000000000000000021e-03
1.959999999999999937e-02
9.600000000000000894e-03
1.399999999999999986e-03
4.000000000000000192e-04
2.780000000000000179e-02
2.100000000000000304e-03
3.790000000000000313e-02
9.000000000000000838e-04
6.300000000000000044e-03
1.100000000000000066e-03
2.100000000000000304e-03
1.200000000000000112e-03
1.700000000000000122e-03
9.000000000000000838e-04
1.300000000000000157e-03
9.000000000000000838e-04
3.310000000000000442e-02
6.000000000000000559e-04
6.000000000000000559e-04
3.500000000000000073e-03
1.400000000000000029e-02
1.100000000000000066e-03
6.900000000000000751e-03
5.000000000000000104e-04
3.780000000000000027e-02
7.300000000000000065e-03
4.300000000000000003e-03
3.000000000000000279e-04
6.610000000000000597e-02
1.000000000000000021e-03
2.200000000000000219e-02
2.000000000000000096e-04
1.100000000000000066e-03
2.799999999999999972e-03
6.999999999999999929e-04
1.100000000000000066e-03
2.940000000000000252e-02
2.400000000000000223e-03
4.000000000000000192e-04
1.700000000000000122e-03
3.840000000000000357e-02
1.000000000000000048e-04
4.000000000000000192e-04
3.000000000000000279e-04
2.469999999999999973e-02
1.700000000000000122e-03
4.000000000000000192e-04
4.000000000000000192e-04
2.090000000000000191e-02
1.000000000000000021e-03
4.100000000000000346e-03
2.000000000000000096e-04
2.700000000000000143e-03
6.999999999999999929e-04
2.700000000000000143e-03
9.000000000000000838e-04
3.400000000000000244e-02
2.100000000000000304e-03
9.300000000000000974e-03
5.000000000000000104e-04
3.600000000000000335e-03
1.700000000000000122e-03
1.669999999999999957e-02
8.000000000000000383e-04
2.220000000000000098e-02
5.000000000000000104e-04
1.410000000000000142e-02
2.000000000000000096e-04
3.600000000000000335e-03
4.000000000000000192e-04
1.370000000000000037e-02
3.000000000000000062e-03
2.420000000000000276e-02
3.000000000000000279e-04
2.770000000000000240e-02
1.500000000000000031e-03
4.000000000000000192e-04
6.000000000000000559e-04
3.010000000000000175e-02
1.700000000000000122e-03
1.750000000000000167e-02
3.000000000000000279e-04
3.090000000000000038e-02
1.200000000000000112e-03
1.500000000000000118e-02
1.000000000000000048e-04
1.000000000000000021e-02
4.000000000000000192e-04
7.200000000000000670e-03
3.000000000000000279e-04
8.899999999999999925e-03
6.999999999999999929e-04
4.000000000000000192e-04
5.100000000000000366e-03
2.000000000000000096e-04
1.770000000000000046e-02
1.600000000000000077e-03
3.700000000000000164e-03
2.600000000000000228e-02
2.000000000000000096e-04
2.710000000000000256e-02
3.000000000000000062e-03
1.080000000000000057e-02
3.500000000000000073e-03
1.619999999999999912e-02
3.000000000000000279e-04
9.240000000000000990e-02
1.500000000000000031e-03
3.760000000000000148e-02
6.100000000000000387e-03
4.100000000000000346e-03
9.000000000000000838e-04
3.500000000000000073e-03
1.899999999999999996e-03
2.600000000000000314e-03
5.000000000000000104e-04
1.800000000000000211e-02
8.000000000000000383e-04
1.200000000000000025e-02
2.000000000000000096e-04
1.010000000000000134e-02
2.000000000000000096e-04
5.000000000000000104e-03
1.800000000000000168e-03
2.400000000000000050e-02
2.000000000000000096e-04
2.950000000000000192e-02
8.000000000000000383e-04
2.400000000000000223e-03
2.000000000000000096e-04
3.830000000000000071e-02
3.000000000000000279e-04
2.820000000000000284e-02
5.000000000000000104e-04
9.499999999999999764e-03
1.399999999999999986e-03
3.600000000000000335e-03
1.399999999999999986e-03
2.239999999999999977e-02
8.000000000000000383e-04
6.000000000000000559e-04
4.700000000000000185e-03
2.700000000000000143e-03
5.000000000000000104e-04
1.082000000000000045e-01
4.000000000000000083e-03
1.170000000000000033e-02
1.399999999999999986e-03
5.000000000000000104e-04
6.999999999999999929e-04
6.000000000000000559e-04
3.700000000000000164e-03
1.010000000000000134e-02
3.000000000000000279e-04
1.514999999999999958e-01
6.000000000000000559e-04
1.640000000000000138e-02
2.500000000000000052e-03
8.000000000000000383e-04
4.000000000000000192e-04
1.660000000000000017e-02
5.000000000000000104e-04
9.799999999999999684e-03
4.200000000000000608e-03
3.710000000000000103e-02
2.000000000000000096e-04
1.770000000000000046e-02
2.700000000000000143e-03
1.839999999999999969e-02
7.200000000000000670e-03
4.700000000000000185e-03
4.000000000000000192e-04
1.030000000000000013e-02
1.800000000000000168e-03
3.000000000000000279e-04
3.000000000000000279e-04
1.560000000000000102e-02
3.000000000000000279e-04
2.880000000000000268e-02
4.000000000000000192e-04
4.100000000000000346e-03
1.000000000000000048e-04
1.270000000000000122e-02
1.500000000000000118e-02
6.000000000000000559e-04
1.500000000000000031e-03
5.500000000000000548e-03
4.800000000000000447e-03
3.799999999999999992e-03
6.000000000000000559e-04
6.200000000000000649e-03
1.000000000000000048e-04
4.000000000000000192e-04
6.500000000000000569e-03
8.200000000000000691e-03
4.000000000000000192e-04
7.900000000000000772e-03
9.000000000000000838e-04
5.700000000000000205e-03
1.399999999999999986e-03
1.510000000000000057e-02
5.000000000000000104e-04
6.200000000000000649e-03
9.000000000000000838e-04
6.000000000000000559e-04
3.600000000000000335e-03
6.800000000000000488e-03
3.000000000000000279e-04
1.460000000000000013e-02
1.100000000000000066e-03
6.900000000000000751e-03
1.000000000000000048e-04
1.510000000000000057e-02
4.000000000000000192e-04
3.799999999999999992e-03
1.600000000000000077e-03
2.000000000000000096e-04
1.100000000000000066e-03
1.650000000000000078e-02
4.000000000000000192e-04
6.200000000000000649e-03
2.000000000000000096e-04
1.020000000000000073e-02
3.000000000000000279e-04
1.779999999999999985e-02
2.799999999999999972e-03
7.060000000000000997e-02
5.000000000000000104e-04
7.900000000000000772e-03
4.500000000000000527e-03
1.720000000000000001e-02
1.000000000000000048e-04
1.270000000000000122e-02
3.000000000000000279e-04
1.370000000000000037e-02
9.000000000000000838e-04
1.480000000000000066e-02
6.999999999999999929e-04
1.690000000000000183e-02
1.500000000000000031e-03
1.500000000000000031e-03
5.000000000000000104e-04
6.000000000000000559e-04
1.000000000000000021e-03
1.399999999999999986e-03
8.000000000000000383e-04
3.100000000000000325e-03
5.000000000000000104e-04
4.599999999999999922e-03
4.000000000000000192e-04
4.000000000000000083e-03
1.100000000000000066e-03
3.500000000000000073e-03
6.100000000000000387e-03
7.300000000000000065e-03
2.200000000000000133e-03
1.710000000000000062e-02
2.000000000000000042e-03
1.959999999999999937e-02
1.700000000000000122e-03
1.100000000000000066e-03
1.200000000000000112e-03
2.230000000000000038e-02
3.000000000000000279e-04
1.700000000000000122e-03
3.000000000000000279e-04
4.100000000000000346e-03
9.000000000000000838e-04
2.299999999999999961e-03
3.000000000000000279e-04
1.280000000000000061e-02
6.000000000000000559e-04
1.899999999999999996e-03
4.000000000000000192e-04
2.270000000000000143e-02
8.000000000000000383e-04
3.000000000000000279e-04
1.300000000000000157e-03
1.300000000000000157e-03
2.000000000000000096e-04
4.250000000000000305e-02
3.299999999999999982e-03
1.000000000000000048e-04
1.300000000000000157e-03
5.100000000000000366e-03
4.000000000000000192e-04
8.000000000000000383e-04
3.000000000000000279e-04
4.700000000000000011e-02
2.000000000000000096e-04
5.700000000000000205e-03
3.000000000000000279e-04
8.400000000000001216e-03
3.000000000000000279e-04
4.719999999999999890e-02
4.000000000000000192e-04
1.370000000000000037e-02
5.000000000000000104e-04
2.000000000000000042e-03
1.600000000000000077e-03
2.500000000000000052e-03
4.000000000000000192e-04
2.040000000000000147e-02
1.000000000000000021e-03
1.959999999999999937e-02
9.600000000000000894e-03
1.399999999999999986e-03
4.000000000000000192e-04
2.780000000000000179e-02
2.100000000000000304e-03
3.780000000000000027e-02
1.000000000000000021e-03
6.300000000000000044e-03
1.100000000000000066e-03
2.100000000000000304e-03
1.200000000000000112e-03
1.700000000000000122e-03
9.000000000000000838e-04
1.300000000000000157e-03
9.000000000000000838e-04
3.310000000000000442e-02
6.000000000000000559e-04
6.000000000000000559e-04
3.500000000000000073e-03
1.400000000000000029e-02
1.100000000000000066e-03
6.900000000000000751e-03
5.000000000000000104e-04
3.780000000000000027e-02
7.300000000000000065e-03
4.300000000000000003e-03
3.000000000000000279e-04
6.610000000000000597e-02
9.000000000000000838e-04
2.210000000000000159e-02
2.000000000000000096e-04
1.100000000000000066e-03
2.799999999999999972e-03
6.999999999999999929e-04
1.100000000000000066e-03
2.930000000000000313e-02
2.500000000000000052e-03
4.000000000000000192e-04
1.700000000000000122e-03
3.840000000000000357e-02
1.000000000000000048e-04
4.000000000000000192e-04
3.000000000000000279e-04
2.469999999999999973e-02
1.700000000000000122e-03
4.000000000000000192e-04
4.000000000000000192e-04
2.090000000000000191e-02
1.000000000000000021e-03
4.100000000000000346e-03
2.000000000000000096e-04
2.700000000000000143e-03
6.999999999999999929e-04
2.700000000000000143e-03
9.000000000000000838e-04
3.389999999999999958e-02
2.200000000000000133e-03
9.300000000000000974e-03
5.000000000000000104e-04
3.600000000000000335e-03
1.700000000000000122e-03
1.669999999999999957e-02
8.000000000000000383e-04
2.220000000000000098e-02
5.000000000000000104e-04
1.410000000000000142e-02
2.000000000000000096e-04
3.600000000000000335e-03
4.000000000000000192e-04
1.370000000000000037e-02
3.000000000000000062e-03
2.420000000000000276e-02
3.000000000000000279e-04
2.770000000000000240e-02
1.500000000000000031e-03
4.000000000000000192e-04
6.000000000000000559e-04
3.000000000000000236e-02
1.800000000000000168e-03
1.750000000000000167e-02
3.000000000000000279e-04
3.090000000000000038e-02
1.200000000000000112e-03
1.490000000000000005e-02
2.000000000000000096e-04
1.000000000000000021e-02
4.000000000000000192e-04
7.200000000000000670e-03
2.000000000000000096e-04
8.899999999999999925e-03
8.000000000000000383e-04
4.000000000000000192e-04
5.100000000000000366e-03
2.000000000000000096e-04
1.770000000000000046e-02
1.500000000000000031e-03
3.799999999999999992e-03
2.600000000000000228e-02
2.000000000000000096e-04
2.710000000000000256e-02
3.000000000000000062e-03
1.080000000000000057e-02
3.500000000000000073e-03
1.609999999999999973e-02
4.000000000000000192e-04
9.230000000000000704e-02
1.600000000000000077e-03
3.760000000000000148e-02
6.100000000000000387e-03
4.000000000000000083e-03
1.000000000000000021e-03
3.500000000000000073e-03
1.899999999999999996e-03
2.600000000000000314e-03
5.000000000000000104e-04
1.800000000000000211e-02
8.000000000000000383e-04
1.200000000000000025e-02
2.000000000000000096e-04
1.010000000000000134e-02
2.000000000000000096e-04
4.899999999999999842e-03
1.899999999999999996e-03
2.400000000000000050e-02
1.000000000000000048e-04
2.960000000000000131e-02
8.000000000000000383e-04
2.299999999999999961e-03
3.000000000000000279e-04
3.830000000000000071e-02
2.000000000000000096e-04
2.830000000000000224e-02
4.000000000000000192e-04
9.600000000000000894e-03
1.399999999999999986e-03
3.600000000000000335e-03
1.399999999999999986e-03
2.239999999999999977e-02
6.999999999999999929e-04
6.999999999999999929e-04
4.700000000000000185e-03
2.700000000000000143e-03
5.000000000000000104e-04
