9.199999999999999845e-03
8.300000000000000086e-03
1.609999999999999973e-02
1.190000000000000085e-02
4.899999999999999842e-03
6.700000000000000226e-03
3.000000000000000279e-04
9.000000000000000838e-04
2.600000000000000314e-03
2.799999999999999972e-03
7.800000000000000509e-03
3.100000000000000325e-03
6.999999999999999929e-04
3.600000000000000335e-03
1.000000000000000021e-03
3.500000000000000073e-03
1.089999999999999997e-02
3.000000000000000279e-04
1.910000000000000239e-02
2.000000000000000096e-04
1.300000000000000157e-03
4.000000000000000083e-03
1.720000000000000001e-02
3.400000000000000244e-03
1.210000000000000138e-02
2.400000000000000223e-03
1.920000000000000179e-02
6.999999999999999929e-04
1.770000000000000046e-02
4.400000000000000265e-03
3.060000000000000220e-02
3.400000000000000244e-03
2.069999999999999965e-02
8.000000000000000383e-04
3.600000000000000335e-03
1.399999999999999986e-03
1.000000000000000048e-04
9.000000000000000838e-04
4.500000000000000527e-03
6.999999999999999929e-04
4.470000000000000362e-02
4.500000000000000527e-03
3.899999999999999994e-02
2.200000000000000133e-03
2.129999999999999949e-02
9.000000000000000838e-04
6.999999999999999929e-04
6.999999999999999929e-04
4.000000000000000192e-04
7.000000000000000146e-03
1.380000000000000150e-02
4.000000000000000083e-03
3.000000000000000279e-04
4.899999999999999842e-03
1.580000000000000154e-02
1.000000000000000021e-03
1.440000000000000134e-02
2.000000000000000096e-04
5.100000000000000366e-03
2.000000000000000096e-04
1.200000000000000112e-03
9.000000000000000838e-04
3.000000000000000062e-03
2.799999999999999972e-03
2.000000000000000096e-04
4.000000000000000192e-04
1.060000000000000005e-02
2.200000000000000133e-03
1.370000000000000037e-02
8.000000000000000383e-04
2.000000000000000096e-04
1.700000000000000122e-03
1.890000000000000013e-02
1.040000000000000126e-02
2.060000000000000026e-02
9.000000000000000838e-04
4.100000000000000346e-03
8.000000000000000383e-04
2.690000000000000030e-02
5.000000000000000104e-04
3.600000000000000335e-03
1.000000000000000021e-03
3.010000000000000175e-02
7.400000000000000328e-03
5.100000000000000366e-03
8.899999999999999925e-03
1.000000000000000021e-03
2.000000000000000096e-04
1.940000000000000058e-02
9.000000000000000838e-04
5.800000000000000468e-03
7.100000000000000408e-03
6.900000000000000751e-03
6.100000000000000387e-03
5.000000000000000104e-04
3.400000000000000244e-03
6.700000000000000226e-03
1.700000000000000122e-03
5.300000000000000024e-03
1.040000000000000126e-02
3.200000000000000153e-03
8.000000000000000383e-04
2.400000000000000223e-03
3.500000000000000073e-03
6.999999999999999929e-04
1.000000000000000021e-03
4.300000000000000003e-03
3.100000000000000325e-03
3.200000000000000153e-03
3.100000000000000325e-03
3.200000000000000153e-03
4.000000000000000083e-03
6.500000000000000569e-03
1.000000000000000021e-03
1.179999999999999973e-02
1.000000000000000048e-04
1.399999999999999986e-03
2.000000000000000096e-04
2.900000000000000234e-03
2.000000000000000096e-04
4.910000000000000475e-02
9.000000000000000838e-04
1.310000000000000053e-02
1.000000000000000048e-04
8.500000000000000611e-03
1.300000000000000157e-03
4.899999999999999842e-03
1.700000000000000122e-03
2.900000000000000234e-03
1.899999999999999996e-03
1.860000000000000195e-02
5.000000000000000104e-03
6.400000000000000133e-02
1.800000000000000168e-03
1.570000000000000215e-02
2.400000000000000223e-03
1.470000000000000126e-02
2.299999999999999961e-03
3.000000000000000062e-03
2.000000000000000096e-04
1.870000000000000134e-02
1.089999999999999997e-02
3.350000000000000200e-02
3.600000000000000335e-03
4.750000000000000056e-02
5.000000000000000104e-04
1.280000000000000061e-02
2.700000000000000143e-03
3.900000000000000255e-03
1.300000000000000157e-03
5.700000000000000205e-03
1.100000000000000066e-03
8.000000000000000383e-04
1.200000000000000112e-03
3.000000000000000279e-04
1.600000000000000077e-03
1.430000000000000021e-02
6.800000000000000488e-03
6.400000000000000307e-03
4.899999999999999842e-03
1.650000000000000078e-02
2.200000000000000133e-03
6.700000000000000226e-03
6.300000000000000044e-03
1.580000000000000154e-02
2.000000000000000096e-04
1.340000000000000045e-02
9.000000000000000838e-04
6.599999999999999964e-03
2.100000000000000304e-03
2.600000000000000314e-03
1.000000000000000048e-04
3.430000000000000410e-02
3.000000000000000279e-04
1.250000000000000069e-02
8.000000000000000383e-04
5.800000000000000468e-03
2.600000000000000314e-03
2.210000000000000159e-02
2.299999999999999961e-03
7.700000000000000247e-03
3.600000000000000335e-03
6.700000000000000226e-03
5.599999999999999943e-03
3.000000000000000279e-04
3.799999999999999992e-03
4.200000000000000261e-02
1.200000000000000112e-03
4.000000000000000192e-04
6.000000000000000559e-04
7.000000000000000146e-03
1.200000000000000112e-03
3.400000000000000244e-03
2.000000000000000042e-03
2.000000000000000042e-03
6.000000000000000125e-03
4.100000000000000346e-03
1.140000000000000041e-02
2.500000000000000052e-03
1.319999999999999993e-02
1.200000000000000112e-03
4.000000000000000192e-04
5.000000000000000104e-03
4.300000000000000003e-03
1.000000000000000021e-03
1.899999999999999996e-03
4.000000000000000192e-04
1.839999999999999969e-02
5.000000000000000104e-03
2.000000000000000042e-03
9.100000000000000450e-03
4.500000000000000527e-03
6.000000000000000559e-04
1.000000000000000048e-04
3.299999999999999982e-03
3.700000000000000164e-03
2.500000000000000052e-03
1.700000000000000122e-03
2.340000000000000066e-02
5.599999999999999943e-03
4.000000000000000192e-04
4.700000000000000185e-03
3.000000000000000062e-03
2.700000000000000143e-03
8.000000000000000383e-04
2.400000000000000223e-03
1.399999999999999986e-03
2.900000000000000234e-03
5.000000000000000104e-04
5.000000000000000104e-04
2.700000000000000143e-03
3.000000000000000279e-04
5.000000000000000104e-04
1.000000000000000021e-03
1.170000000000000033e-02
4.000000000000000192e-04
1.380000000000000150e-02
3.000000000000000279e-04
1.080000000000000057e-02
2.000000000000000096e-04
4.429999999999999910e-02
3.000000000000000279e-04
2.100000000000000304e-03
1.300000000000000157e-03
2.200000000000000133e-03
1.600000000000000077e-03
1.500000000000000031e-03
1.800000000000000168e-03
1.600000000000000077e-03
1.700000000000000122e-03
8.000000000000000383e-04
2.400000000000000223e-03
4.599999999999999922e-03
2.500000000000000052e-03
1.959999999999999937e-02
3.000000000000000279e-04
1.040000000000000126e-02
4.000000000000000192e-04
4.490000000000000241e-02
3.200000000000000153e-03
1.280000000000000061e-02
1.000000000000000048e-04
2.790000000000000119e-02
1.100000000000000066e-03
3.799999999999999992e-03
4.000000000000000192e-04
3.799999999999999906e-02
9.900000000000000813e-03
1.880000000000000074e-02
1.500000000000000031e-03
1.590000000000000094e-02
2.000000000000000096e-04
4.000000000000000192e-04
5.000000000000000104e-04
1.619999999999999912e-02
1.700000000000000122e-03
1.949999999999999997e-02
2.600000000000000314e-03
6.500000000000000569e-03
3.000000000000000279e-04
9.799999999999999684e-03
2.700000000000000143e-03
5.300000000000000024e-03
1.000000000000000048e-04
6.300000000000000044e-03
2.000000000000000096e-04
2.386000000000000065e-01
3.000000000000000279e-04
5.440000000000000391e-02
2.000000000000000096e-04
5.490000000000000435e-02
1.700000000000000122e-03
4.800000000000000447e-03
8.000000000000000383e-04
6.999999999999999929e-04
1.800000000000000168e-03
7.200000000000000670e-03
1.300000000000000157e-03
1.800000000000000168e-03
4.000000000000000192e-04
2.900000000000000234e-03
1.600000000000000077e-03
7.660000000000000142e-02
2.000000000000000096e-04
2.600000000000000314e-03
2.000000000000000096e-04
4.000000000000000192e-04
3.000000000000000279e-04
5.840000000000000052e-02
2.500000000000000052e-03
2.000000000000000096e-04
2.000000000000000096e-04
3.600000000000000335e-03
7.000000000000000146e-03
1.400000000000000029e-02
3.000000000000000279e-04
1.200000000000000112e-03
2.299999999999999961e-03
2.299999999999999961e-03
4.599999999999999922e-03
1.000000000000000048e-04
2.100000000000000304e-03
9.199999999999999845e-03
8.300000000000000086e-03
1.609999999999999973e-02
1.190000000000000085e-02
4.899999999999999842e-03
6.700000000000000226e-03
3.000000000000000279e-04
8.000000000000000383e-04
2.700000000000000143e-03
2.799999999999999972e-03
7.800000000000000509e-03
3.000000000000000062e-03
8.000000000000000383e-04
3.600000000000000335e-03
1.000000000000000021e-03
3.500000000000000073e-03
1.089999999999999997e-02
3.000000000000000279e-04
1.910000000000000239e-02
1.000000000000000048e-04
1.399999999999999986e-03
4.000000000000000083e-03
1.720000000000000001e-02
3.400000000000000244e-03
1.210000000000000138e-02
2.400000000000000223e-03
1.920000000000000179e-02
6.999999999999999929e-04
1.770000000000000046e-02
4.400000000000000265e-03
3.060000000000000220e-02
3.299999999999999982e-03
2.080000000000000251e-02
6.999999999999999929e-04
3.700000000000000164e-03
1.399999999999999986e-03
1.000000000000000048e-04
9.000000000000000838e-04
4.500000000000000527e-03
6.999999999999999929e-04
4.470000000000000362e-02
4.500000000000000527e-03
3.899999999999999994e-02
2.200000000000000133e-03
2.129999999999999949e-02
9.000000000000000838e-04
6.999999999999999929e-04
6.999999999999999929e-04
4.000000000000000192e-04
7.000000000000000146e-03
1.380000000000000150e-02
4.000000000000000083e-03
3.000000000000000279e-04
4.899999999999999842e-03
1.580000000000000154e-02
9.000000000000000838e-04
1.450000000000000074e-02
2.000000000000000096e-04
5.100000000000000366e-03
2.000000000000000096e-04
1.200000000000000112e-03
9.000000000000000838e-04
3.000000000000000062e-03
2.799999999999999972e-03
2.000000000000000096e-04
4.000000000000000192e-04
1.060000000000000005e-02
2.200000000000000133e-03
1.370000000000000037e-02
8.000000000000000383e-04
2.000000000000000096e-04
1.700000000000000122e-03
1.890000000000000013e-02
1.040000000000000126e-02
2.060000000000000026e-02
9.000000000000000838e-04
4.100000000000000346e-03
8.000000000000000383e-04
2.690000000000000030e-02
5.000000000000000104e-04
3.600000000000000335e-03
1.000000000000000021e-03
3.010000000000000175e-02
7.400000000000000328e-03
5.100000000000000366e-03
8.899999999999999925e-03
1.000000000000000021e-03
2.000000000000000096e-04
1.930000000000000118e-02
1.000000000000000021e-03
5.700000000000000205e-03
7.200000000000000670e-03
6.900000000000000751e-03
6.100000000000000387e-03
5.000000000000000104e-04
3.400000000000000244e-03
6.700000000000000226e-03
1.600000000000000077e-03
5.400000000000000286e-03
1.040000000000000126e-02
3.200000000000000153e-03
8.000000000000000383e-04
2.400000000000000223e-03
3.500000000000000073e-03
6.999999999999999929e-04
1.000000000000000021e-03
4.300000000000000003e-03
3.100000000000000325e-03
3.200000000000000153e-03
3.100000000000000325e-03
3.200000000000000153e-03
4.000000000000000083e-03
6.500000000000000569e-03
1.000000000000000021e-03
1.170000000000000033e-02
2.000000000000000096e-04
1.399999999999999986e-03
2.000000000000000096e-04
2.900000000000000234e-03
2.000000000000000096e-04
4.910000000000000475e-02
9.000000000000000838e-04
1.310000000000000053e-02
1.000000000000000048e-04
8.500000000000000611e-03
1.300000000000000157e-03
4.899999999999999842e-03
1.700000000000000122e-03
2.900000000000000234e-03
1.899999999999999996e-03
1.860000000000000195e-02
5.000000000000000104e-03
6.400000000000000133e-02
1.800000000000000168e-03
1.570000000000000215e-02
2.400000000000000223e-03
1.470000000000000126e-02
2.299999999999999961e-03
3.000000000000000062e-03
2.000000000000000096e-04
1.870000000000000134e-02
1.089999999999999997e-02
3.350000000000000200e-02
3.600000000000000335e-03
4.719999999999999890e-02
1.000000000000000048e-04
2.000000000000000096e-04
5.000000000000000104e-04
1.280000000000000061e-02
2.700000000000000143e-03
3.900000000000000255e-03
1.300000000000000157e-03
5.700000000000000205e-03
1.100000000000000066e-03
8.000000000000000383e-04
1.200000000000000112e-03
3.000000000000000279e-04
1.600000000000000077e-03
1.430000000000000021e-02
6.800000000000000488e-03
6.400000000000000307e-03
4.899999999999999842e-03
1.650000000000000078e-02
2.200000000000000133e-03
6.700000000000000226e-03
6.300000000000000044e-03
1.580000000000000154e-02
2.000000000000000096e-04
1.340000000000000045e-02
8.000000000000000383e-04
6.700000000000000226e-03
2.000000000000000042e-03
2.700000000000000143e-03
1.000000000000000048e-04
3.420000000000000123e-02
4.000000000000000192e-04
1.250000000000000069e-02
6.999999999999999929e-04
5.899999999999999863e-03
2.600000000000000314e-03
2.210000000000000159e-02
2.299999999999999961e-03
7.700000000000000247e-03
3.600000000000000335e-03
6.700000000000000226e-03
5.599999999999999943e-03
3.000000000000000279e-04
3.799999999999999992e-03
4.200000000000000261e-02
1.200000000000000112e-03
4.000000000000000192e-04
6.000000000000000559e-04
6.900000000000000751e-03
1.300000000000000157e-03
3.400000000000000244e-03
2.000000000000000042e-03
2.000000000000000042e-03
6.000000000000000125e-03
4.100000000000000346e-03
1.140000000000000041e-02
2.500000000000000052e-03
1.319999999999999993e-02
1.200000000000000112e-03
4.000000000000000192e-04
4.899999999999999842e-03
4.400000000000000265e-03
1.000000000000000021e-03
1.899999999999999996e-03
4.000000000000000192e-04
1.839999999999999969e-02
5.000000000000000104e-03
2.000000000000000042e-03
9.100000000000000450e-03
4.500000000000000527e-03
6.000000000000000559e-04
1.000000000000000048e-04
3.299999999999999982e-03
3.700000000000000164e-03
2.500000000000000052e-03
1.700000000000000122e-03
2.340000000000000066e-02
5.599999999999999943e-03
4.000000000000000192e-04
4.700000000000000185e-03
3.000000000000000062e-03
2.700000000000000143e-03
8.000000000000000383e-04
2.400000000000000223e-03
1.399999999999999986e-03
2.900000000000000234e-03
5.000000000000000104e-04
5.000000000000000104e-04
2.700000000000000143e-03
3.000000000000000279e-04
5.000000000000000104e-04
9.000000000000000838e-04
1.179999999999999973e-02
4.000000000000000192e-04
1.380000000000000150e-02
3.000000000000000279e-04
1.080000000000000057e-02
2.000000000000000096e-04
4.429999999999999910e-02
3.000000000000000279e-04
2.000000000000000042e-03
1.399999999999999986e-03
2.200000000000000133e-03
1.600000000000000077e-03
1.500000000000000031e-03
1.800000000000000168e-03
1.600000000000000077e-03
1.700000000000000122e-03
8.000000000000000383e-04
2.400000000000000223e-03
4.599999999999999922e-03
2.500000000000000052e-03
1.959999999999999937e-02
3.000000000000000279e-04
1.040000000000000126e-02
4.000000000000000192e-04
4.490000000000000241e-02
3.200000000000000153e-03
1.280000000000000061e-02
1.000000000000000048e-04
2.790000000000000119e-02
1.100000000000000066e-03
3.700000000000000164e-03
5.000000000000000104e-04
3.799999999999999906e-02
9.900000000000000813e-03
1.880000000000000074e-02
1.500000000000000031e-03
1.590000000000000094e-02
2.000000000000000096e-04
4.000000000000000192e-04
5.000000000000000104e-04
1.619999999999999912e-02
1.700000000000000122e-03
1.949999999999999997e-02
2.600000000000000314e-03
6.500000000000000569e-03
3.000000000000000279e-04
9.700000000000000289e-03
2.799999999999999972e-03
5.300000000000000024e-03
1.000000000000000048e-04
6.200000000000000649e-03
3.000000000000000279e-04
2.385000000000000175e-01
4.000000000000000192e-04
5.440000000000000391e-02
1.000000000000000048e-04
5.500000000000000028e-02
1.700000000000000122e-03
4.800000000000000447e-03
8.000000000000000383e-04
6.999999999999999929e-04
1.800000000000000168e-03
7.200000000000000670e-03
1.300000000000000157e-03
1.800000000000000168e-03
3.000000000000000279e-04
2.900000000000000234e-03
1.700000000000000122e-03
7.660000000000000142e-02
2.000000000000000096e-04
2.600000000000000314e-03
2.000000000000000096e-04
4.000000000000000192e-04
3.000000000000000279e-04
5.840000000000000052e-02
2.500000000000000052e-03
2.000000000000000096e-04
2.000000000000000096e-04
3.600000000000000335e-03
7.000000000000000146e-03
1.400000000000000029e-02
3.000000000000000279e-04
1.200000000000000112e-03
2.299999999999999961e-03
2.299999999999999961e-03
4.599999999999999922e-03
1.000000000000000048e-04
2.100000000000000304e-03
9.199999999999999845e-03
8.300000000000000086e-03
1.609999999999999973e-02
1.190000000000000085e-02
4.899999999999999842e-03
6.700000000000000226e-03
3.000000000000000279e-04
8.000000000000000383e-04
2.700000000000000143e-03
2.799999999999999972e-03
7.800000000000000509e-03
3.000000000000000062e-03
6.999999999999999929e-04
3.700000000000000164e-03
1.000000000000000021e-03
3.500000000000000073e-03
1.080000000000000057e-02
4.000000000000000192e-04
1.899999999999999953e-02
2.000000000000000096e-04
1.399999999999999986e-03
3.900000000000000255e-03
1.729999999999999941e-02
3.400000000000000244e-03
1.210000000000000138e-02
2.400000000000000223e-03
1.920000000000000179e-02
6.000000000000000559e-04
1.779999999999999985e-02
4.300000000000000003e-03
3.070000000000000159e-02
3.299999999999999982e-03
2.069999999999999965e-02
8.000000000000000383e-04
3.700000000000000164e-03
1.399999999999999986e-03
1.000000000000000048e-04
9.000000000000000838e-04
4.500000000000000527e-03
6.999999999999999929e-04
4.470000000000000362e-02
4.500000000000000527e-03
3.899999999999999994e-02
2.200000000000000133e-03
2.129999999999999949e-02
9.000000000000000838e-04
6.999999999999999929e-04
6.999999999999999929e-04
4.000000000000000192e-04
7.000000000000000146e-03
1.370000000000000037e-02
4.100000000000000346e-03
3.000000000000000279e-04
4.899999999999999842e-03
1.580000000000000154e-02
9.000000000000000838e-04
1.450000000000000074e-02
2.000000000000000096e-04
5.000000000000000104e-03
3.000000000000000279e-04
1.100000000000000066e-03
1.000000000000000021e-03
3.000000000000000062e-03
2.799999999999999972e-03
2.000000000000000096e-04
4.000000000000000192e-04
1.060000000000000005e-02
2.200000000000000133e-03
1.370000000000000037e-02
6.999999999999999929e-04
3.000000000000000279e-04
1.700000000000000122e-03
1.890000000000000013e-02
1.040000000000000126e-02
2.060000000000000026e-02
9.000000000000000838e-04
4.100000000000000346e-03
8.000000000000000383e-04
2.690000000000000030e-02
5.000000000000000104e-04
3.600000000000000335e-03
9.000000000000000838e-04
3.020000000000000115e-02
7.400000000000000328e-03
5.100000000000000366e-03
8.899999999999999925e-03
1.000000000000000021e-03
2.000000000000000096e-04
1.930000000000000118e-02
1.000000000000000021e-03
5.700000000000000205e-03
7.200000000000000670e-03
6.900000000000000751e-03
6.100000000000000387e-03
5.000000000000000104e-04
3.400000000000000244e-03
6.700000000000000226e-03
1.600000000000000077e-03
5.400000000000000286e-03
1.040000000000000126e-02
3.200000000000000153e-03
8.000000000000000383e-04
2.400000000000000223e-03
3.400000000000000244e-03
8.000000000000000383e-04
1.000000000000000021e-03
4.300000000000000003e-03
3.100000000000000325e-03
3.200000000000000153e-03
3.100000000000000325e-03
3.200000000000000153e-03
4.000000000000000083e-03
6.500000000000000569e-03
1.000000000000000021e-03
1.170000000000000033e-02
1.000000000000000048e-04
1.500000000000000031e-03
2.000000000000000096e-04
2.900000000000000234e-03
2.000000000000000096e-04
4.910000000000000475e-02
8.000000000000000383e-04
1.319999999999999993e-02
1.000000000000000048e-04
8.500000000000000611e-03
1.200000000000000112e-03
5.000000000000000104e-03
1.700000000000000122e-03
2.900000000000000234e-03
1.899999999999999996e-03
1.860000000000000195e-02
5.000000000000000104e-03
6.400000000000000133e-02
1.800000000000000168e-03
1.570000000000000215e-02
2.400000000000000223e-03
1.470000000000000126e-02
2.299999999999999961e-03
3.000000000000000062e-03
2.000000000000000096e-04
1.870000000000000134e-02
1.089999999999999997e-02
3.339999999999999913e-02
3.700000000000000164e-03
4.719999999999999890e-02
1.000000000000000048e-04
2.000000000000000096e-04
5.000000000000000104e-04
1.280000000000000061e-02
2.700000000000000143e-03
3.900000000000000255e-03
1.300000000000000157e-03
5.700000000000000205e-03
1.100000000000000066e-03
8.000000000000000383e-04
1.100000000000000066e-03
4.000000000000000192e-04
1.600000000000000077e-03
1.420000000000000082e-02
6.900000000000000751e-03
6.300000000000000044e-03
4.899999999999999842e-03
1.660000000000000017e-02
2.100000000000000304e-03
6.800000000000000488e-03
6.300000000000000044e-03
1.580000000000000154e-02
2.000000000000000096e-04
1.340000000000000045e-02
8.000000000000000383e-04
6.700000000000000226e-03
2.000000000000000042e-03
2.700000000000000143e-03
1.000000000000000048e-04
3.420000000000000123e-02
4.000000000000000192e-04
1.250000000000000069e-02
6.999999999999999929e-04
5.899999999999999863e-03
2.600000000000000314e-03
2.210000000000000159e-02
2.299999999999999961e-03
7.700000000000000247e-03
3.600000000000000335e-03
6.700000000000000226e-03
5.599999999999999943e-03
2.000000000000000096e-04
3.799999999999999992e-03
4.210000000000000547e-02
1.200000000000000112e-03
4.000000000000000192e-04
6.000000000000000559e-04
6.900000000000000751e-03
1.300000000000000157e-03
3.299999999999999982e-03
2.100000000000000304e-03
2.000000000000000042e-03
6.000000000000000125e-03
4.100000000000000346e-03
1.130000000000000102e-02
2.600000000000000314e-03
1.319999999999999993e-02
1.100000000000000066e-03
5.000000000000000104e-04
4.899999999999999842e-03
4.400000000000000265e-03
9.000000000000000838e-04
2.000000000000000042e-03
4.000000000000000192e-04
1.839999999999999969e-02
5.000000000000000104e-03
2.000000000000000042e-03
9.100000000000000450e-03
4.500000000000000527e-03
6.000000000000000559e-04
1.000000000000000048e-04
3.299999999999999982e-03
3.700000000000000164e-03
2.500000000000000052e-03
1.700000000000000122e-03
2.340000000000000066e-02
5.500000000000000548e-03
5.000000000000000104e-04
4.700000000000000185e-03
2.900000000000000234e-03
2.799999999999999972e-03
8.000000000000000383e-04
2.400000000000000223e-03
1.399999999999999986e-03
2.900000000000000234e-03
5.000000000000000104e-04
5.000000000000000104e-04
2.700000000000000143e-03
2.000000000000000096e-04
5.000000000000000104e-04
1.000000000000000021e-03
1.179999999999999973e-02
4.000000000000000192e-04
1.380000000000000150e-02
3.000000000000000279e-04
1.080000000000000057e-02
2.000000000000000096e-04
4.429999999999999910e-02
3.000000000000000279e-04
2.000000000000000042e-03
1.399999999999999986e-03
2.200000000000000133e-03
1.600000000000000077e-03
1.500000000000000031e-03
1.800000000000000168e-03
1.500000000000000031e-03
1.800000000000000168e-03
8.000000000000000383e-04
2.400000000000000223e-03
4.500000000000000527e-03
2.600000000000000314e-03
1.959999999999999937e-02
2.000000000000000096e-04
1.050000000000000065e-02
4.000000000000000192e-04
4.490000000000000241e-02
3.200000000000000153e-03
1.280000000000000061e-02
1.000000000000000048e-04
2.780000000000000179e-02
1.200000000000000112e-03
3.700000000000000164e-03
5.000000000000000104e-04
3.799999999999999906e-02
9.900000000000000813e-03
1.880000000000000074e-02
1.500000000000000031e-03
1.590000000000000094e-02
2.000000000000000096e-04
4.000000000000000192e-04
5.000000000000000104e-04
1.619999999999999912e-02
1.700000000000000122e-03
1.949999999999999997e-02
2.600000000000000314e-03
6.500000000000000569e-03
3.000000000000000279e-04
9.700000000000000289e-03
2.799999999999999972e-03
5.300000000000000024e-03
1.000000000000000048e-04
6.200000000000000649e-03
3.000000000000000279e-04
2.385000000000000175e-01
4.000000000000000192e-04
5.440000000000000391e-02
1.000000000000000048e-04
5.500000000000000028e-02
1.700000000000000122e-03
4.800000000000000447e-03
8.000000000000000383e-04
6.999999999999999929e-04
1.800000000000000168e-03
7.200000000000000670e-03
1.300000000000000157e-03
1.800000000000000168e-03
3.000000000000000279e-04
2.900000000000000234e-03
1.700000000000000122e-03
7.660000000000000142e-02
2.000000000000000096e-04
2.600000000000000314e-03
2.000000000000000096e-04
4.000000000000000192e-04
3.000000000000000279e-04
5.840000000000000052e-02
2.500000000000000052e-03
2.000000000000000096e-04
2.000000000000000096e-04
3.600000000000000335e-03
7.000000000000000146e-03
1.400000000000000029e-02
3.000000000000000279e-04
1.200000000000000112e-03
2.299999999999999961e-03
2.299999999999999961e-03
4.599999999999999922e-03
1.000000000000000048e-04
2.100000000000000304e-03
9.199999999999999845e-03
8.300000000000000086e-03
1.609999999999999973e-02
1.190000000000000085e-02
4.899999999999999842e-03
6.700000000000000226e-03
3.000000000000000279e-04
8.000000000000000383e-04
2.700000000000000143e-03
2.799999999999999972e-03
7.800000000000000509e-03
3.000000000000000062e-03
6.999999999999999929e-04
3.700000000000000164e-03
1.000000000000000021e-03
3.500000000000000073e-03
1.080000000000000057e-02
4.000000000000000192e-04
1.899999999999999953e-02
2.000000000000000096e-04
1.399999999999999986e-03
3.900000000000000255e-03
1.729999999999999941e-02
3.400000000000000244e-03
1.210000000000000138e-02
2.400000000000000223e-03
1.920000000000000179e-02
6.000000000000000559e-04
1.779999999999999985e-02
4.300000000000000003e-03
3.070000000000000159e-02
3.299999999999999982e-03
2.069999999999999965e-02
8.000000000000000383e-04
3.700000000000000164e-03
1.399999999999999986e-03
1.000000000000000048e-04
9.000000000000000838e-04
4.500000000000000527e-03
6.999999999999999929e-04
4.460000000000000075e-02
4.599999999999999922e-03
3.890000000000000402e-02
2.299999999999999961e-03
2.129999999999999949e-02
9.000000000000000838e-04
6.999999999999999929e-04
6.999999999999999929e-04
4.000000000000000192e-04
6.900000000000000751e-03
1.380000000000000150e-02
4.000000000000000083e-03
4.000000000000000192e-04
4.899999999999999842e-03
1.580000000000000154e-02
9.000000000000000838e-04
1.450000000000000074e-02
2.000000000000000096e-04
5.000000000000000104e-03
3.000000000000000279e-04
1.100000000000000066e-03
1.000000000000000021e-03
3.000000000000000062e-03
2.799999999999999972e-03
2.000000000000000096e-04
4.000000000000000192e-04
1.060000000000000005e-02
2.200000000000000133e-03
1.370000000000000037e-02
6.999999999999999929e-04
2.000000000000000096e-04
1.800000000000000168e-03
1.890000000000000013e-02
1.040000000000000126e-02
2.060000000000000026e-02
9.000000000000000838e-04
4.100000000000000346e-03
8.000000000000000383e-04
2.690000000000000030e-02
5.000000000000000104e-04
3.600000000000000335e-03
9.000000000000000838e-04
3.020000000000000115e-02
7.300000000000000065e-03
5.200000000000000629e-03
8.899999999999999925e-03
1.000000000000000021e-03
1.000000000000000048e-04
1.940000000000000058e-02
1.000000000000000021e-03
5.700000000000000205e-03
7.200000000000000670e-03
6.900000000000000751e-03
6.100000000000000387e-03
5.000000000000000104e-04
3.400000000000000244e-03
6.700000000000000226e-03
1.600000000000000077e-03
5.300000000000000024e-03
1.050000000000000065e-02
3.200000000000000153e-03
8.000000000000000383e-04
2.400000000000000223e-03
3.400000000000000244e-03
8.000000000000000383e-04
9.000000000000000838e-04
4.400000000000000265e-03
3.100000000000000325e-03
3.200000000000000153e-03
3.100000000000000325e-03
3.100000000000000325e-03
4.100000000000000346e-03
6.400000000000000307e-03
1.100000000000000066e-03
1.170000000000000033e-02
1.000000000000000048e-04
1.500000000000000031e-03
2.000000000000000096e-04
2.799999999999999972e-03
3.000000000000000279e-04
4.910000000000000475e-02
8.000000000000000383e-04
1.319999999999999993e-02
1.000000000000000048e-04
8.500000000000000611e-03
1.200000000000000112e-03
5.000000000000000104e-03
1.700000000000000122e-03
2.900000000000000234e-03
1.899999999999999996e-03
1.850000000000000255e-02
5.100000000000000366e-03
6.400000000000000133e-02
1.800000000000000168e-03
1.570000000000000215e-02
2.400000000000000223e-03
1.470000000000000126e-02
2.200000000000000133e-03
3.100000000000000325e-03
1.000000000000000048e-04
1.880000000000000074e-02
1.089999999999999997e-02
3.339999999999999913e-02
3.700000000000000164e-03
4.719999999999999890e-02
1.000000000000000048e-04
2.000000000000000096e-04
4.000000000000000192e-04
1.290000000000000001e-02
2.700000000000000143e-03
3.900000000000000255e-03
1.300000000000000157e-03
5.700000000000000205e-03
1.100000000000000066e-03
8.000000000000000383e-04
1.100000000000000066e-03
4.000000000000000192e-04
1.600000000000000077e-03
1.420000000000000082e-02
6.900000000000000751e-03
6.300000000000000044e-03
4.899999999999999842e-03
1.660000000000000017e-02
2.100000000000000304e-03
6.800000000000000488e-03
6.300000000000000044e-03
1.580000000000000154e-02
2.000000000000000096e-04
1.330000000000000106e-02
9.000000000000000838e-04
6.700000000000000226e-03
2.000000000000000042e-03
2.700000000000000143e-03
1.000000000000000048e-04
3.420000000000000123e-02
4.000000000000000192e-04
1.250000000000000069e-02
6.999999999999999929e-04
5.899999999999999863e-03
2.600000000000000314e-03
2.210000000000000159e-02
2.299999999999999961e-03
7.700000000000000247e-03
3.600000000000000335e-03
6.599999999999999964e-03
5.700000000000000205e-03
2.000000000000000096e-04
3.799999999999999992e-03
4.210000000000000547e-02
1.200000000000000112e-03
4.000000000000000192e-04
6.000000000000000559e-04
6.900000000000000751e-03
1.300000000000000157e-03
3.299999999999999982e-03
2.100000000000000304e-03
2.000000000000000042e-03
6.000000000000000125e-03
4.100000000000000346e-03
1.130000000000000102e-02
2.500000000000000052e-03
1.330000000000000106e-02
1.100000000000000066e-03
5.000000000000000104e-04
4.899999999999999842e-03
4.400000000000000265e-03
9.000000000000000838e-04
2.000000000000000042e-03
4.000000000000000192e-04
1.839999999999999969e-02
5.000000000000000104e-03
2.000000000000000042e-03
9.100000000000000450e-03
4.500000000000000527e-03
4.000000000000000083e-03
3.700000000000000164e-03
2.400000000000000223e-03
1.800000000000000168e-03
2.340000000000000066e-02
5.500000000000000548e-03
5.000000000000000104e-04
4.599999999999999922e-03
3.000000000000000062e-03
2.799999999999999972e-03
8.000000000000000383e-04
2.400000000000000223e-03
1.399999999999999986e-03
2.900000000000000234e-03
5.000000000000000104e-04
5.000000000000000104e-04
2.700000000000000143e-03
2.000000000000000096e-04
5.000000000000000104e-04
1.000000000000000021e-03
1.179999999999999973e-02
4.000000000000000192e-04
1.370000000000000037e-02
4.000000000000000192e-04
1.080000000000000057e-02
2.000000000000000096e-04
4.429999999999999910e-02
3.000000000000000279e-04
2.000000000000000042e-03
1.399999999999999986e-03
2.200000000000000133e-03
1.600000000000000077e-03
1.500000000000000031e-03
1.800000000000000168e-03
1.500000000000000031e-03
1.700000000000000122e-03
9.000000000000000838e-04
2.400000000000000223e-03
4.500000000000000527e-03
2.600000000000000314e-03
1.959999999999999937e-02
2.000000000000000096e-04
1.050000000000000065e-02
4.000000000000000192e-04
4.479999999999999954e-02
3.299999999999999982e-03
1.280000000000000061e-02
1.000000000000000048e-04
2.780000000000000179e-02
1.200000000000000112e-03
3.700000000000000164e-03
4.000000000000000192e-04
3.810000000000000192e-02
9.900000000000000813e-03
1.880000000000000074e-02
1.500000000000000031e-03
1.590000000000000094e-02
2.000000000000000096e-04
4.000000000000000192e-04
4.000000000000000192e-04
1.630000000000000199e-02
1.700000000000000122e-03
1.949999999999999997e-02
2.600000000000000314e-03
6.500000000000000569e-03
2.000000000000000096e-04
9.799999999999999684e-03
2.799999999999999972e-03
5.300000000000000024e-03
1.000000000000000048e-04
6.200000000000000649e-03
3.000000000000000279e-04
2.385000000000000175e-01
3.000000000000000279e-04
5.449999999999999983e-02
1.000000000000000048e-04
5.500000000000000028e-02
1.700000000000000122e-03
4.800000000000000447e-03
8.000000000000000383e-04
6.999999999999999929e-04
1.800000000000000168e-03
7.200000000000000670e-03
1.200000000000000112e-03
1.899999999999999996e-03
3.000000000000000279e-04
2.900000000000000234e-03
1.700000000000000122e-03
7.660000000000000142e-02
2.000000000000000096e-04
2.600000000000000314e-03
2.000000000000000096e-04
4.000000000000000192e-04
3.000000000000000279e-04
5.840000000000000052e-02
2.500000000000000052e-03
2.000000000000000096e-04
2.000000000000000096e-04
3.500000000000000073e-03
7.100000000000000408e-03
1.400000000000000029e-02
3.000000000000000279e-04
1.200000000000000112e-03
2.299999999999999961e-03
2.299999999999999961e-03
4.599999999999999922e-03
1.000000000000000048e-04
2.100000000000000304e-03
9.100000000000000450e-03
8.400000000000001216e-03
1.609999999999999973e-02
1.190000000000000085e-02
4.899999999999999842e-03
6.700000000000000226e-03
3.000000000000000279e-04
8.000000000000000383e-04
2.700000000000000143e-03
2.799999999999999972e-03
7.800000000000000509e-03
3.000000000000000062e-03
6.999999999999999929e-04
3.700000000000000164e-03
1.000000000000000021e-03
3.400000000000000244e-03
1.089999999999999997e-02
3.000000000000000279e-04
1.910000000000000239e-02
2.000000000000000096e-04
1.399999999999999986e-03
3.900000000000000255e-03
1.729999999999999941e-02
3.400000000000000244e-03
1.210000000000000138e-02
2.400000000000000223e-03
1.920000000000000179e-02
6.000000000000000559e-04
1.779999999999999985e-02
4.300000000000000003e-03
3.070000000000000159e-02
3.299999999999999982e-03
2.069999999999999965e-02
8.000000000000000383e-04
3.700000000000000164e-03
1.399999999999999986e-03
1.000000000000000048e-04
9.000000000000000838e-04
4.500000000000000527e-03
6.000000000000000559e-04
4.470000000000000362e-02
4.599999999999999922e-03
3.890000000000000402e-02
2.299999999999999961e-03
2.129999999999999949e-02
9.000000000000000838e-04
6.999999999999999929e-04
6.999999999999999929e-04
4.000000000000000192e-04
6.900000000000000751e-03
1.380000000000000150e-02
4.000000000000000083e-03
4.000000000000000192e-04
4.899999999999999842e-03
1.580000000000000154e-02
9.000000000000000838e-04
1.450000000000000074e-02
1.000000000000000048e-04
5.100000000000000366e-03
3.000000000000000279e-04
1.100000000000000066e-03
9.000000000000000838e-04
3.100000000000000325e-03
2.799999999999999972e-03
2.000000000000000096e-04
3.000000000000000279e-04
1.070000000000000118e-02
2.200000000000000133e-03
1.370000000000000037e-02
6.999999999999999929e-04
2.000000000000000096e-04
1.800000000000000168e-03
1.880000000000000074e-02
1.050000000000000065e-02
2.060000000000000026e-02
9.000000000000000838e-04
4.100000000000000346e-03
8.000000000000000383e-04
2.680000000000000090e-02
5.000000000000000104e-04
3.600000000000000335e-03
1.000000000000000021e-03
3.020000000000000115e-02
7.300000000000000065e-03
5.200000000000000629e-03
8.899999999999999925e-03
1.000000000000000021e-03
1.000000000000000048e-04
1.940000000000000058e-02
1.000000000000000021e-03
5.700000000000000205e-03
7.200000000000000670e-03
6.900000000000000751e-03
6.100000000000000387e-03
5.000000000000000104e-04
3.400000000000000244e-03
6.599999999999999964e-03
1.700000000000000122e-03
5.300000000000000024e-03
1.050000000000000065e-02
3.200000000000000153e-03
8.000000000000000383e-04
2.400000000000000223e-03
3.400000000000000244e-03
8.000000000000000383e-04
9.000000000000000838e-04
4.400000000000000265e-03
3.100000000000000325e-03
3.200000000000000153e-03
3.100000000000000325e-03
3.100000000000000325e-03
4.000000000000000083e-03
6.500000000000000569e-03
1.100000000000000066e-03
1.170000000000000033e-02
1.000000000000000048e-04
1.500000000000000031e-03
2.000000000000000096e-04
2.799999999999999972e-03
2.000000000000000096e-04
4.920000000000000068e-02
8.000000000000000383e-04
1.319999999999999993e-02
1.000000000000000048e-04
8.500000000000000611e-03
1.200000000000000112e-03
5.000000000000000104e-03
1.700000000000000122e-03
2.900000000000000234e-03
1.899999999999999996e-03
1.850000000000000255e-02
5.100000000000000366e-03
6.400000000000000133e-02
1.800000000000000168e-03
1.570000000000000215e-02
2.400000000000000223e-03
1.470000000000000126e-02
2.200000000000000133e-03
3.100000000000000325e-03
1.000000000000000048e-04
1.880000000000000074e-02
1.089999999999999997e-02
3.339999999999999913e-02
3.700000000000000164e-03
4.719999999999999890e-02
1.000000000000000048e-04
2.000000000000000096e-04
4.000000000000000192e-04
1.290000000000000001e-02
2.700000000000000143e-03
3.900000000000000255e-03
1.300000000000000157e-03
5.700000000000000205e-03
1.100000000000000066e-03
8.000000000000000383e-04
1.100000000000000066e-03
4.000000000000000192e-04
1.600000000000000077e-03
1.420000000000000082e-02
6.900000000000000751e-03
6.300000000000000044e-03
4.899999999999999842e-03
1.660000000000000017e-02
2.100000000000000304e-03
6.800000000000000488e-03
6.300000000000000044e-03
1.580000000000000154e-02
2.000000000000000096e-04
1.330000000000000106e-02
9.000000000000000838e-04
6.700000000000000226e-03
2.000000000000000042e-03
2.700000000000000143e-03
1.000000000000000048e-04
3.420000000000000123e-02
4.000000000000000192e-04
1.250000000000000069e-02
6.999999999999999929e-04
5.899999999999999863e-03
2.500000000000000052e-03
2.220000000000000098e-02
2.299999999999999961e-03
7.700000000000000247e-03
3.600000000000000335e-03
6.599999999999999964e-03
5.599999999999999943e-03
3.000000000000000279e-04
3.799999999999999992e-03
4.210000000000000547e-02
1.200000000000000112e-03
3.000000000000000279e-04
6.999999999999999929e-04
6.900000000000000751e-03
1.300000000000000157e-03
3.299999999999999982e-03
2.100000000000000304e-03
2.000000000000000042e-03
6.000000000000000125e-03
4.100000000000000346e-03
1.130000000000000102e-02
2.500000000000000052e-03
1.330000000000000106e-02
1.100000000000000066e-03
5.000000000000000104e-04
4.899999999999999842e-03
4.300000000000000003e-03
1.000000000000000021e-03
2.000000000000000042e-03
3.000000000000000279e-04
1.850000000000000255e-02
4.899999999999999842e-03
2.000000000000000042e-03
9.199999999999999845e-03
4.500000000000000527e-03
5.000000000000000104e-04
1.000000000000000048e-04
3.400000000000000244e-03
3.700000000000000164e-03
2.400000000000000223e-03
1.800000000000000168e-03
2.340000000000000066e-02
5.500000000000000548e-03
5.000000000000000104e-04
4.599999999999999922e-03
3.000000000000000062e-03
2.799999999999999972e-03
6.999999999999999929e-04
2.500000000000000052e-03
1.399999999999999986e-03
2.900000000000000234e-03
5.000000000000000104e-04
4.000000000000000192e-04
2.799999999999999972e-03
2.000000000000000096e-04
5.000000000000000104e-04
1.000000000000000021e-03
1.179999999999999973e-02
4.000000000000000192e-04
1.370000000000000037e-02
4.000000000000000192e-04
1.080000000000000057e-02
2.000000000000000096e-04
1.880000000000000074e-02
1.000000000000000048e-04
2.529999999999999957e-02
3.000000000000000279e-04
2.100000000000000304e-03
1.399999999999999986e-03
2.100000000000000304e-03
1.700000000000000122e-03
1.500000000000000031e-03
1.800000000000000168e-03
1.500000000000000031e-03
1.700000000000000122e-03
8.000000000000000383e-04
2.500000000000000052e-03
4.500000000000000527e-03
2.500000000000000052e-03
1.970000000000000223e-02
2.000000000000000096e-04
1.050000000000000065e-02
4.000000000000000192e-04
4.479999999999999954e-02
3.299999999999999982e-03
1.280000000000000061e-02
1.000000000000000048e-04
2.780000000000000179e-02
1.200000000000000112e-03
3.700000000000000164e-03
4.000000000000000192e-04
3.810000000000000192e-02
9.900000000000000813e-03
1.880000000000000074e-02
1.500000000000000031e-03
1.590000000000000094e-02
2.000000000000000096e-04
4.000000000000000192e-04
4.000000000000000192e-04
1.619999999999999912e-02
1.800000000000000168e-03
1.949999999999999997e-02
2.500000000000000052e-03
6.599999999999999964e-03
2.000000000000000096e-04
9.799999999999999684e-03
2.799999999999999972e-03
5.300000000000000024e-03
1.000000000000000048e-04
6.200000000000000649e-03
3.000000000000000279e-04
2.385000000000000175e-01
3.000000000000000279e-04
5.449999999999999983e-02
1.000000000000000048e-04
5.500000000000000028e-02
1.700000000000000122e-03
4.800000000000000447e-03
8.000000000000000383e-04
6.999999999999999929e-04
1.800000000000000168e-03
7.200000000000000670e-03
1.200000000000000112e-03
1.899999999999999996e-03
3.000000000000000279e-04
2.900000000000000234e-03
1.700000000000000122e-03
7.660000000000000142e-02
2.000000000000000096e-04
2.600000000000000314e-03
2.000000000000000096e-04
4.000000000000000192e-04
3.000000000000000279e-04
5.840000000000000052e-02
2.500000000000000052e-03
2.000000000000000096e-04
2.000000000000000096e-04
3.500000000000000073e-03
7.000000000000000146e-03
1.410000000000000142e-02
3.000000000000000279e-04
1.200000000000000112e-03
2.200000000000000133e-03
2.400000000000000223e-03
4.599999999999999922e-03
1.000000000000000048e-04
2.100000000000000304e-03
9.100000000000000450e-03
8.400000000000001216e-03
1.600000000000000033e-02
1.190000000000000085e-02
5.000000000000000104e-03
6.700000000000000226e-03
2.000000000000000096e-04
9.000000000000000838e-04
2.600000000000000314e-03
2.799999999999999972e-03
7.900000000000000772e-03
3.000000000000000062e-03
6.999999999999999929e-04
3.700000000000000164e-03
1.000000000000000021e-03
3.400000000000000244e-03
1.089999999999999997e-02
3.000000000000000279e-04
1.910000000000000239e-02
2.000000000000000096e-04
1.300000000000000157e-03
4.000000000000000083e-03
1.729999999999999941e-02
3.400000000000000244e-03
1.210000000000000138e-02
2.400000000000000223e-03
1.920000000000000179e-02
6.000000000000000559e-04
1.779999999999999985e-02
4.300000000000000003e-03
3.070000000000000159e-02
3.299999999999999982e-03
2.069999999999999965e-02
8.000000000000000383e-04
3.700000000000000164e-03
1.300000000000000157e-03
2.000000000000000096e-04
9.000000000000000838e-04
4.400000000000000265e-03
6.999999999999999929e-04
4.470000000000000362e-02
4.599999999999999922e-03
3.890000000000000402e-02
2.299999999999999961e-03
2.120000000000000009e-02
1.000000000000000021e-03
6.999999999999999929e-04
6.000000000000000559e-04
5.000000000000000104e-04
6.900000000000000751e-03
1.380000000000000150e-02
4.000000000000000083e-03
3.000000000000000279e-04
5.000000000000000104e-03
1.580000000000000154e-02
9.000000000000000838e-04
1.450000000000000074e-02
1.000000000000000048e-04
5.100000000000000366e-03
3.000000000000000279e-04
1.100000000000000066e-03
9.000000000000000838e-04
3.100000000000000325e-03
2.799999999999999972e-03
2.000000000000000096e-04
3.000000000000000279e-04
1.070000000000000118e-02
2.200000000000000133e-03
1.370000000000000037e-02
6.999999999999999929e-04
2.000000000000000096e-04
1.800000000000000168e-03
1.880000000000000074e-02
1.050000000000000065e-02
2.060000000000000026e-02
8.000000000000000383e-04
4.100000000000000346e-03
9.000000000000000838e-04
2.680000000000000090e-02
5.000000000000000104e-04
3.600000000000000335e-03
1.000000000000000021e-03
3.010000000000000175e-02
7.400000000000000328e-03
5.100000000000000366e-03
9.000000000000001055e-03
1.000000000000000021e-03
1.000000000000000048e-04
1.940000000000000058e-02
1.000000000000000021e-03
5.700000000000000205e-03
7.200000000000000670e-03
6.900000000000000751e-03
6.100000000000000387e-03
4.000000000000000192e-04
3.500000000000000073e-03
6.599999999999999964e-03
1.700000000000000122e-03
5.300000000000000024e-03
1.050000000000000065e-02
3.200000000000000153e-03
8.000000000000000383e-04
2.400000000000000223e-03
3.400000000000000244e-03
8.000000000000000383e-04
9.000000000000000838e-04
4.400000000000000265e-03
3.100000000000000325e-03
3.200000000000000153e-03
3.100000000000000325e-03
3.100000000000000325e-03
4.000000000000000083e-03
6.500000000000000569e-03
1.100000000000000066e-03
1.170000000000000033e-02
1.000000000000000048e-04
1.500000000000000031e-03
2.000000000000000096e-04
2.799999999999999972e-03
2.000000000000000096e-04
4.920000000000000068e-02
8.000000000000000383e-04
1.319999999999999993e-02
1.000000000000000048e-04
8.500000000000000611e-03
1.200000000000000112e-03
5.000000000000000104e-03
1.700000000000000122e-03
2.900000000000000234e-03
1.899999999999999996e-03
1.850000000000000255e-02
5.100000000000000366e-03
6.389999999999999847e-02
1.899999999999999996e-03
1.570000000000000215e-02
2.400000000000000223e-03
1.470000000000000126e-02
2.200000000000000133e-03
3.000000000000000062e-03
2.000000000000000096e-04
1.870000000000000134e-02
1.089999999999999997e-02
3.350000000000000200e-02
3.700000000000000164e-03
4.719999999999999890e-02
1.000000000000000048e-04
2.000000000000000096e-04
4.000000000000000192e-04
1.290000000000000001e-02
2.600000000000000314e-03
4.000000000000000083e-03
1.300000000000000157e-03
5.700000000000000205e-03
1.100000000000000066e-03
8.000000000000000383e-04
1.100000000000000066e-03
4.000000000000000192e-04
1.600000000000000077e-03
1.420000000000000082e-02
6.900000000000000751e-03
6.300000000000000044e-03
4.899999999999999842e-03
1.660000000000000017e-02
2.100000000000000304e-03
6.800000000000000488e-03
6.300000000000000044e-03
1.580000000000000154e-02
2.000000000000000096e-04
1.330000000000000106e-02
9.000000000000000838e-04
6.599999999999999964e-03
2.100000000000000304e-03
2.600000000000000314e-03
2.000000000000000096e-04
3.420000000000000123e-02
4.000000000000000192e-04
1.250000000000000069e-02
6.999999999999999929e-04
5.899999999999999863e-03
2.500000000000000052e-03
2.210000000000000159e-02
2.400000000000000223e-03
7.700000000000000247e-03
3.600000000000000335e-03
6.599999999999999964e-03
5.599999999999999943e-03
3.000000000000000279e-04
3.799999999999999992e-03
4.210000000000000547e-02
1.100000000000000066e-03
4.000000000000000192e-04
6.999999999999999929e-04
6.900000000000000751e-03
1.300000000000000157e-03
3.299999999999999982e-03
2.100000000000000304e-03
2.000000000000000042e-03
6.000000000000000125e-03
4.100000000000000346e-03
1.130000000000000102e-02
2.500000000000000052e-03
1.330000000000000106e-02
1.100000000000000066e-03
5.000000000000000104e-04
4.899999999999999842e-03
4.300000000000000003e-03
1.000000000000000021e-03
2.000000000000000042e-03
3.000000000000000279e-04
1.839999999999999969e-02
5.000000000000000104e-03
2.000000000000000042e-03
9.100000000000000450e-03
4.599999999999999922e-03
5.000000000000000104e-04
1.000000000000000048e-04
3.400000000000000244e-03
3.700000000000000164e-03
2.400000000000000223e-03
1.800000000000000168e-03
2.340000000000000066e-02
5.500000000000000548e-03
5.000000000000000104e-04
4.599999999999999922e-03
3.000000000000000062e-03
2.799999999999999972e-03
6.999999999999999929e-04
2.500000000000000052e-03
1.399999999999999986e-03
2.900000000000000234e-03
4.000000000000000192e-04
5.000000000000000104e-04
2.799999999999999972e-03
2.000000000000000096e-04
5.000000000000000104e-04
1.000000000000000021e-03
1.179999999999999973e-02
4.000000000000000192e-04
1.370000000000000037e-02
4.000000000000000192e-04
1.080000000000000057e-02
1.000000000000000048e-04
1.890000000000000013e-02
1.000000000000000048e-04
2.529999999999999957e-02
3.000000000000000279e-04
2.100000000000000304e-03
1.399999999999999986e-03
2.100000000000000304e-03
1.700000000000000122e-03
1.500000000000000031e-03
1.800000000000000168e-03
1.500000000000000031e-03
1.700000000000000122e-03
8.000000000000000383e-04
2.500000000000000052e-03
4.500000000000000527e-03
2.500000000000000052e-03
1.970000000000000223e-02
2.000000000000000096e-04
1.050000000000000065e-02
4.000000000000000192e-04
4.479999999999999954e-02
3.299999999999999982e-03
1.280000000000000061e-02
1.000000000000000048e-04
2.780000000000000179e-02
1.200000000000000112e-03
3.700000000000000164e-03
4.000000000000000192e-04
3.810000000000000192e-02
9.900000000000000813e-03
1.870000000000000134e-02
1.600000000000000077e-03
1.590000000000000094e-02
2.000000000000000096e-04
4.000000000000000192e-04
4.000000000000000192e-04
1.619999999999999912e-02
1.700000000000000122e-03
1.959999999999999937e-02
2.500000000000000052e-03
6.599999999999999964e-03
2.000000000000000096e-04
9.799999999999999684e-03
2.799999999999999972e-03
5.300000000000000024e-03
1.000000000000000048e-04
6.200000000000000649e-03
3.000000000000000279e-04
2.385000000000000175e-01
3.000000000000000279e-04
5.449999999999999983e-02
1.000000000000000048e-04
5.500000000000000028e-02
1.700000000000000122e-03
4.800000000000000447e-03
8.000000000000000383e-04
6.999999999999999929e-04
1.800000000000000168e-03
7.100000000000000408e-03
1.300000000000000157e-03
1.800000000000000168e-03
4.000000000000000192e-04
2.900000000000000234e-03
1.600000000000000077e-03
7.670000000000000429e-02
1.000000000000000048e-04
2.700000000000000143e-03
2.000000000000000096e-04
4.000000000000000192e-04
3.000000000000000279e-04
5.840000000000000052e-02
2.500000000000000052e-03
2.000000000000000096e-04
2.000000000000000096e-04
3.500000000000000073e-03
7.000000000000000146e-03
1.410000000000000142e-02
3.000000000000000279e-04
1.200000000000000112e-03
2.200000000000000133e-03
2.299999999999999961e-03
4.599999999999999922e-03
2.000000000000000096e-04
2.100000000000000304e-03
9.100000000000000450e-03
8.400000000000001216e-03
1.600000000000000033e-02
1.190000000000000085e-02
5.000000000000000104e-03
6.599999999999999964e-03
3.000000000000000279e-04
9.000000000000000838e-04
2.600000000000000314e-03
2.799999999999999972e-03
7.900000000000000772e-03
3.000000000000000062e-03
6.999999999999999929e-04
3.700000000000000164e-03
1.000000000000000021e-03
3.400000000000000244e-03
1.089999999999999997e-02
3.000000000000000279e-04
1.910000000000000239e-02
2.000000000000000096e-04
1.300000000000000157e-03
4.000000000000000083e-03
1.729999999999999941e-02
3.400000000000000244e-03
1.200000000000000025e-02
2.500000000000000052e-03
1.920000000000000179e-02
6.000000000000000559e-04
1.779999999999999985e-02
4.300000000000000003e-03
3.070000000000000159e-02
3.299999999999999982e-03
2.069999999999999965e-02
8.000000000000000383e-04
3.700000000000000164e-03
1.300000000000000157e-03
2.000000000000000096e-04
9.000000000000000838e-04
4.400000000000000265e-03
6.999999999999999929e-04
4.470000000000000362e-02
4.599999999999999922e-03
3.890000000000000402e-02
2.200000000000000133e-03
2.129999999999999949e-02
1.000000000000000021e-03
6.999999999999999929e-04
6.000000000000000559e-04
4.000000000000000192e-04
7.000000000000000146e-03
1.380000000000000150e-02
4.000000000000000083e-03
3.000000000000000279e-04
5.000000000000000104e-03
1.580000000000000154e-02
9.000000000000000838e-04
1.450000000000000074e-02
1.000000000000000048e-04
5.100000000000000366e-03
3.000000000000000279e-04
1.100000000000000066e-03
9.000000000000000838e-04
3.100000000000000325e-03
2.700000000000000143e-03
3.000000000000000279e-04
3.000000000000000279e-04
1.070000000000000118e-02
2.200000000000000133e-03
1.370000000000000037e-02
6.999999999999999929e-04
2.000000000000000096e-04
1.800000000000000168e-03
1.880000000000000074e-02
1.050000000000000065e-02
2.050000000000000086e-02
9.000000000000000838e-04
4.100000000000000346e-03
9.000000000000000838e-04
2.680000000000000090e-02
5.000000000000000104e-04
3.600000000000000335e-03
1.000000000000000021e-03
3.010000000000000175e-02
7.400000000000000328e-03
5.100000000000000366e-03
9.000000000000001055e-03
1.000000000000000021e-03
1.000000000000000048e-04
1.940000000000000058e-02
1.000000000000000021e-03
5.700000000000000205e-03
7.200000000000000670e-03
6.900000000000000751e-03
6.100000000000000387e-03
4.000000000000000192e-04
3.500000000000000073e-03
6.599999999999999964e-03
1.700000000000000122e-03
5.300000000000000024e-03
1.040000000000000126e-02
3.200000000000000153e-03
9.000000000000000838e-04
2.299999999999999961e-03
3.500000000000000073e-03
6.999999999999999929e-04
1.000000000000000021e-03
4.300000000000000003e-03
3.200000000000000153e-03
3.200000000000000153e-03
3.100000000000000325e-03
3.100000000000000325e-03
4.000000000000000083e-03
6.500000000000000569e-03
1.100000000000000066e-03
1.170000000000000033e-02
1.000000000000000048e-04
1.500000000000000031e-03
1.000000000000000048e-04
2.900000000000000234e-03
2.000000000000000096e-04
4.920000000000000068e-02
8.000000000000000383e-04
2.170000000000000054e-02
1.300000000000000157e-03
5.000000000000000104e-03
1.700000000000000122e-03
2.900000000000000234e-03
1.899999999999999996e-03
1.850000000000000255e-02
5.100000000000000366e-03
6.389999999999999847e-02
1.899999999999999996e-03
1.560000000000000102e-02
2.500000000000000052e-03
1.470000000000000126e-02
2.200000000000000133e-03
3.000000000000000062e-03
2.000000000000000096e-04
1.870000000000000134e-02
1.089999999999999997e-02
3.350000000000000200e-02
3.700000000000000164e-03
4.719999999999999890e-02
1.000000000000000048e-04
2.000000000000000096e-04
4.000000000000000192e-04
1.280000000000000061e-02
2.700000000000000143e-03
4.000000000000000083e-03
1.300000000000000157e-03
5.700000000000000205e-03
1.100000000000000066e-03
8.000000000000000383e-04
1.100000000000000066e-03
4.000000000000000192e-04
1.600000000000000077e-03
1.420000000000000082e-02
6.900000000000000751e-03
6.300000000000000044e-03
4.899999999999999842e-03
1.660000000000000017e-02
2.100000000000000304e-03
6.800000000000000488e-03
6.300000000000000044e-03
1.570000000000000215e-02
3.000000000000000279e-04
1.330000000000000106e-02
9.000000000000000838e-04
6.599999999999999964e-03
2.100000000000000304e-03
2.600000000000000314e-03
2.000000000000000096e-04
3.420000000000000123e-02
3.000000000000000279e-04
1.250000000000000069e-02
8.000000000000000383e-04
5.800000000000000468e-03
2.600000000000000314e-03
2.210000000000000159e-02
2.400000000000000223e-03
7.700000000000000247e-03
3.600000000000000335e-03
6.599999999999999964e-03
5.599999999999999943e-03
3.000000000000000279e-04
3.799999999999999992e-03
4.210000000000000547e-02
1.100000000000000066e-03
4.000000000000000192e-04
6.000000000000000559e-04
7.000000000000000146e-03
1.200000000000000112e-03
3.400000000000000244e-03
2.100000000000000304e-03
2.000000000000000042e-03
6.000000000000000125e-03
4.100000000000000346e-03
1.130000000000000102e-02
2.500000000000000052e-03
1.319999999999999993e-02
1.200000000000000112e-03
4.000000000000000192e-04
5.000000000000000104e-03
4.300000000000000003e-03
1.000000000000000021e-03
2.000000000000000042e-03
3.000000000000000279e-04
1.839999999999999969e-02
5.000000000000000104e-03
2.000000000000000042e-03
9.100000000000000450e-03
4.599999999999999922e-03
5.000000000000000104e-04
1.000000000000000048e-04
3.400000000000000244e-03
3.700000000000000164e-03
2.400000000000000223e-03
1.700000000000000122e-03
2.350000000000000006e-02
5.500000000000000548e-03
5.000000000000000104e-04
4.599999999999999922e-03
3.000000000000000062e-03
2.799999999999999972e-03
6.999999999999999929e-04
2.500000000000000052e-03
1.399999999999999986e-03
2.900000000000000234e-03
4.000000000000000192e-04
5.000000000000000104e-04
2.799999999999999972e-03
2.000000000000000096e-04
5.000000000000000104e-04
1.000000000000000021e-03
1.179999999999999973e-02
4.000000000000000192e-04
1.370000000000000037e-02
4.000000000000000192e-04
1.080000000000000057e-02
1.000000000000000048e-04
1.890000000000000013e-02
1.000000000000000048e-04
2.529999999999999957e-02
3.000000000000000279e-04
2.100000000000000304e-03
1.300000000000000157e-03
2.200000000000000133e-03
1.700000000000000122e-03
1.399999999999999986e-03
1.800000000000000168e-03
1.600000000000000077e-03
1.700000000000000122e-03
8.000000000000000383e-04
2.400000000000000223e-03
4.599999999999999922e-03
2.500000000000000052e-03
1.970000000000000223e-02
2.000000000000000096e-04
1.050000000000000065e-02
4.000000000000000192e-04
4.479999999999999954e-02
3.200000000000000153e-03
1.280000000000000061e-02
1.000000000000000048e-04
2.790000000000000119e-02
1.100000000000000066e-03
3.799999999999999992e-03
4.000000000000000192e-04
3.810000000000000192e-02
9.900000000000000813e-03
1.870000000000000134e-02
1.500000000000000031e-03
1.600000000000000033e-02
2.000000000000000096e-04
4.000000000000000192e-04
4.000000000000000192e-04
1.619999999999999912e-02
1.700000000000000122e-03
1.959999999999999937e-02
2.500000000000000052e-03
6.599999999999999964e-03
2.000000000000000096e-04
9.799999999999999684e-03
2.799999999999999972e-03
5.300000000000000024e-03
1.000000000000000048e-04
6.200000000000000649e-03
3.000000000000000279e-04
2.385000000000000175e-01
3.000000000000000279e-04
5.449999999999999983e-02
1.000000000000000048e-04
5.500000000000000028e-02
1.700000000000000122e-03
4.800000000000000447e-03
8.000000000000000383e-04
6.000000000000000559e-04
1.899999999999999996e-03
7.100000000000000408e-03
1.300000000000000157e-03
1.800000000000000168e-03
4.000000000000000192e-04
2.900000000000000234e-03
1.600000000000000077e-03
7.670000000000000429e-02
1.000000000000000048e-04
2.700000000000000143e-03
2.000000000000000096e-04
4.000000000000000192e-04
3.000000000000000279e-04
5.840000000000000052e-02
2.500000000000000052e-03
2.000000000000000096e-04
1.000000000000000048e-04
3.600000000000000335e-03
7.000000000000000146e-03
1.410000000000000142e-02
3.000000000000000279e-04
1.200000000000000112e-03
2.200000000000000133e-03
2.299999999999999961e-03
4.599999999999999922e-03
2.000000000000000096e-04
2.100000000000000304e-03
9.100000000000000450e-03
8.400000000000001216e-03
1.600000000000000033e-02
1.190000000000000085e-02
5.000000000000000104e-03
6.599999999999999964e-03
3.000000000000000279e-04
9.000000000000000838e-04
2.600000000000000314e-03
2.799999999999999972e-03
7.900000000000000772e-03
3.000000000000000062e-03
6.999999999999999929e-04
3.700000000000000164e-03
1.000000000000000021e-03
3.400000000000000244e-03
1.089999999999999997e-02
3.000000000000000279e-04
1.910000000000000239e-02
2.000000000000000096e-04
1.300000000000000157e-03
4.000000000000000083e-03
1.729999999999999941e-02
3.299999999999999982e-03
1.210000000000000138e-02
2.400000000000000223e-03
1.930000000000000118e-02
6.000000000000000559e-04
1.770000000000000046e-02
4.400000000000000265e-03
3.070000000000000159e-02
3.299999999999999982e-03
2.069999999999999965e-02
8.000000000000000383e-04
3.600000000000000335e-03
1.399999999999999986e-03
2.000000000000000096e-04
9.000000000000000838e-04
4.400000000000000265e-03
6.999999999999999929e-04
4.470000000000000362e-02
4.599999999999999922e-03
3.890000000000000402e-02
2.200000000000000133e-03
2.129999999999999949e-02
1.000000000000000021e-03
6.000000000000000559e-04
6.999999999999999929e-04
4.000000000000000192e-04
7.000000000000000146e-03
1.380000000000000150e-02
4.000000000000000083e-03
3.000000000000000279e-04
5.000000000000000104e-03
1.580000000000000154e-02
9.000000000000000838e-04
1.450000000000000074e-02
1.000000000000000048e-04
5.100000000000000366e-03
3.000000000000000279e-04
1.100000000000000066e-03
9.000000000000000838e-04
3.100000000000000325e-03
2.700000000000000143e-03
2.000000000000000096e-04
4.000000000000000192e-04
1.060000000000000005e-02
2.299999999999999961e-03
1.370000000000000037e-02
6.999999999999999929e-04
2.000000000000000096e-04
1.800000000000000168e-03
1.880000000000000074e-02
1.050000000000000065e-02
2.050000000000000086e-02
9.000000000000000838e-04
4.100000000000000346e-03
9.000000000000000838e-04
2.680000000000000090e-02
5.000000000000000104e-04
3.600000000000000335e-03
1.000000000000000021e-03
3.010000000000000175e-02
7.400000000000000328e-03
5.100000000000000366e-03
9.000000000000001055e-03
1.000000000000000021e-03
1.000000000000000048e-04
1.940000000000000058e-02
1.000000000000000021e-03
5.700000000000000205e-03
7.200000000000000670e-03
6.900000000000000751e-03
6.100000000000000387e-03
4.000000000000000192e-04
3.400000000000000244e-03
6.700000000000000226e-03
1.700000000000000122e-03
5.300000000000000024e-03
1.040000000000000126e-02
3.200000000000000153e-03
9.000000000000000838e-04
2.299999999999999961e-03
3.500000000000000073e-03
6.999999999999999929e-04
1.000000000000000021e-03
4.300000000000000003e-03
3.200000000000000153e-03
3.100000000000000325e-03
3.200000000000000153e-03
3.100000000000000325e-03
4.000000000000000083e-03
6.500000000000000569e-03
1.000000000000000021e-03
1.179999999999999973e-02
1.000000000000000048e-04
1.399999999999999986e-03
2.000000000000000096e-04
2.900000000000000234e-03
2.000000000000000096e-04
4.920000000000000068e-02
8.000000000000000383e-04
2.170000000000000054e-02
1.300000000000000157e-03
4.899999999999999842e-03
1.700000000000000122e-03
3.000000000000000062e-03
1.899999999999999996e-03
1.850000000000000255e-02
5.100000000000000366e-03
6.389999999999999847e-02
1.899999999999999996e-03
1.560000000000000102e-02
2.400000000000000223e-03
1.480000000000000066e-02
2.200000000000000133e-03
3.000000000000000062e-03
2.000000000000000096e-04
1.870000000000000134e-02
1.089999999999999997e-02
3.350000000000000200e-02
3.700000000000000164e-03
4.719999999999999890e-02
1.000000000000000048e-04
2.000000000000000096e-04
4.000000000000000192e-04
1.280000000000000061e-02
2.700000000000000143e-03
4.000000000000000083e-03
1.300000000000000157e-03
5.700000000000000205e-03
1.100000000000000066e-03
6.999999999999999929e-04
1.200000000000000112e-03
4.000000000000000192e-04
1.600000000000000077e-03
1.420000000000000082e-02
6.800000000000000488e-03
6.400000000000000307e-03
4.899999999999999842e-03
1.660000000000000017e-02
2.100000000000000304e-03
6.700000000000000226e-03
6.400000000000000307e-03
1.570000000000000215e-02
3.000000000000000279e-04
1.330000000000000106e-02
9.000000000000000838e-04
6.599999999999999964e-03
2.100000000000000304e-03
2.600000000000000314e-03
2.000000000000000096e-04
3.420000000000000123e-02
3.000000000000000279e-04
1.250000000000000069e-02
8.000000000000000383e-04
5.800000000000000468e-03
2.600000000000000314e-03
2.210000000000000159e-02
2.400000000000000223e-03
7.599999999999999985e-03
3.600000000000000335e-03
6.700000000000000226e-03
5.599999999999999943e-03
3.000000000000000279e-04
3.799999999999999992e-03
4.210000000000000547e-02
1.100000000000000066e-03
4.000000000000000192e-04
6.000000000000000559e-04
7.000000000000000146e-03
1.200000000000000112e-03
3.400000000000000244e-03
2.000000000000000042e-03
2.100000000000000304e-03
6.000000000000000125e-03
4.000000000000000083e-03
1.140000000000000041e-02
2.500000000000000052e-03
1.319999999999999993e-02
1.200000000000000112e-03
4.000000000000000192e-04
5.000000000000000104e-03
4.300000000000000003e-03
1.000000000000000021e-03
1.899999999999999996e-03
4.000000000000000192e-04
1.839999999999999969e-02
5.000000000000000104e-03
2.000000000000000042e-03
9.100000000000000450e-03
4.599999999999999922e-03
5.000000000000000104e-04
1.000000000000000048e-04
3.400000000000000244e-03
3.700000000000000164e-03
2.400000000000000223e-03
1.700000000000000122e-03
2.340000000000000066e-02
5.599999999999999943e-03
5.000000000000000104e-04
4.599999999999999922e-03
3.000000000000000062e-03
2.700000000000000143e-03
8.000000000000000383e-04
2.500000000000000052e-03
1.399999999999999986e-03
2.900000000000000234e-03
4.000000000000000192e-04
5.000000000000000104e-04
2.799999999999999972e-03
2.000000000000000096e-04
5.000000000000000104e-04
1.000000000000000021e-03
1.179999999999999973e-02
4.000000000000000192e-04
1.370000000000000037e-02
3.000000000000000279e-04
1.089999999999999997e-02
1.000000000000000048e-04
1.890000000000000013e-02
1.000000000000000048e-04
2.529999999999999957e-02
3.000000000000000279e-04
2.100000000000000304e-03
1.300000000000000157e-03
2.200000000000000133e-03
1.700000000000000122e-03
1.399999999999999986e-03
1.800000000000000168e-03
1.600000000000000077e-03
1.700000000000000122e-03
8.000000000000000383e-04
2.400000000000000223e-03
4.599999999999999922e-03
2.500000000000000052e-03
1.970000000000000223e-02
2.000000000000000096e-04
1.040000000000000126e-02
5.000000000000000104e-04
4.479999999999999954e-02
3.200000000000000153e-03
1.280000000000000061e-02
1.000000000000000048e-04
2.790000000000000119e-02
1.100000000000000066e-03
3.799999999999999992e-03
4.000000000000000192e-04
3.799999999999999906e-02
9.900000000000000813e-03
1.880000000000000074e-02
1.500000000000000031e-03
1.600000000000000033e-02
2.000000000000000096e-04
4.000000000000000192e-04
4.000000000000000192e-04
1.619999999999999912e-02
1.700000000000000122e-03
1.959999999999999937e-02
2.500000000000000052e-03
6.599999999999999964e-03
2.000000000000000096e-04
9.799999999999999684e-03
2.799999999999999972e-03
5.200000000000000629e-03
1.000000000000000048e-04
6.300000000000000044e-03
3.000000000000000279e-04
2.385000000000000175e-01
3.000000000000000279e-04
5.449999999999999983e-02
1.000000000000000048e-04
5.500000000000000028e-02
1.700000000000000122e-03
4.800000000000000447e-03
6.999999999999999929e-04
6.999999999999999929e-04
1.899999999999999996e-03
7.100000000000000408e-03
1.300000000000000157e-03
1.800000000000000168e-03
4.000000000000000192e-04
2.900000000000000234e-03
1.600000000000000077e-03
7.670000000000000429e-02
1.000000000000000048e-04
2.700000000000000143e-03
2.000000000000000096e-04
4.000000000000000192e-04
3.000000000000000279e-04
5.840000000000000052e-02
2.500000000000000052e-03
2.000000000000000096e-04
1.000000000000000048e-04
3.600000000000000335e-03
7.000000000000000146e-03
1.410000000000000142e-02
3.000000000000000279e-04
1.200000000000000112e-03
2.200000000000000133e-03
2.299999999999999961e-03
4.599999999999999922e-03
2.000000000000000096e-04
2.100000000000000304e-03
9.100000000000000450e-03
8.300000000000000086e-03
1.609999999999999973e-02
1.190000000000000085e-02
5.000000000000000104e-03
6.599999999999999964e-03
3.000000000000000279e-04
9.000000000000000838e-04
2.600000000000000314e-03
2.799999999999999972e-03
7.800000000000000509e-03
3.100000000000000325e-03
6.999999999999999929e-04
3.700000000000000164e-03
1.000000000000000021e-03
3.400000000000000244e-03
1.089999999999999997e-02
3.000000000000000279e-04
1.910000000000000239e-02
2.000000000000000096e-04
1.300000000000000157e-03
4.000000000000000083e-03
1.720000000000000001e-02
3.400000000000000244e-03
1.210000000000000138e-02
2.400000000000000223e-03
1.930000000000000118e-02
6.000000000000000559e-04
1.770000000000000046e-02
4.400000000000000265e-03
3.070000000000000159e-02
3.299999999999999982e-03
2.069999999999999965e-02
8.000000000000000383e-04
3.600000000000000335e-03
1.399999999999999986e-03
1.000000000000000048e-04
1.000000000000000021e-03
4.400000000000000265e-03
6.999999999999999929e-04
4.470000000000000362e-02
4.500000000000000527e-03
3.899999999999999994e-02
2.200000000000000133e-03
2.129999999999999949e-02
1.000000000000000021e-03
6.000000000000000559e-04
6.999999999999999929e-04
4.000000000000000192e-04
7.000000000000000146e-03
1.380000000000000150e-02
4.000000000000000083e-03
3.000000000000000279e-04
5.000000000000000104e-03
1.570000000000000215e-02
1.000000000000000021e-03
1.450000000000000074e-02
1.000000000000000048e-04
5.100000000000000366e-03
3.000000000000000279e-04
1.100000000000000066e-03
9.000000000000000838e-04
3.100000000000000325e-03
2.700000000000000143e-03
2.000000000000000096e-04
4.000000000000000192e-04
1.060000000000000005e-02
2.200000000000000133e-03
1.380000000000000150e-02
6.999999999999999929e-04
2.000000000000000096e-04
1.800000000000000168e-03
1.880000000000000074e-02
1.040000000000000126e-02
2.060000000000000026e-02
9.000000000000000838e-04
4.100000000000000346e-03
9.000000000000000838e-04
2.680000000000000090e-02
5.000000000000000104e-04
3.600000000000000335e-03
1.000000000000000021e-03
3.010000000000000175e-02
7.400000000000000328e-03
5.100000000000000366e-03
8.899999999999999925e-03
1.100000000000000066e-03
1.000000000000000048e-04
1.940000000000000058e-02
9.000000000000000838e-04
5.800000000000000468e-03
7.100000000000000408e-03
7.000000000000000146e-03
6.100000000000000387e-03
4.000000000000000192e-04
3.400000000000000244e-03
6.700000000000000226e-03
1.700000000000000122e-03
5.300000000000000024e-03
1.040000000000000126e-02
3.200000000000000153e-03
9.000000000000000838e-04
2.299999999999999961e-03
3.500000000000000073e-03
6.999999999999999929e-04
1.000000000000000021e-03
4.300000000000000003e-03
3.200000000000000153e-03
3.100000000000000325e-03
3.100000000000000325e-03
3.200000000000000153e-03
4.000000000000000083e-03
6.500000000000000569e-03
1.000000000000000021e-03
1.179999999999999973e-02
1.000000000000000048e-04
1.399999999999999986e-03
2.000000000000000096e-04
2.900000000000000234e-03
2.000000000000000096e-04
4.920000000000000068e-02
8.000000000000000383e-04
2.170000000000000054e-02
1.300000000000000157e-03
4.899999999999999842e-03
1.700000000000000122e-03
2.900000000000000234e-03
1.899999999999999996e-03
1.860000000000000195e-02
5.000000000000000104e-03
6.400000000000000133e-02
1.899999999999999996e-03
1.560000000000000102e-02
2.400000000000000223e-03
1.470000000000000126e-02
2.299999999999999961e-03
3.000000000000000062e-03
2.000000000000000096e-04
1.870000000000000134e-02
1.089999999999999997e-02
3.350000000000000200e-02
3.700000000000000164e-03
4.750000000000000056e-02
4.000000000000000192e-04
1.280000000000000061e-02
2.700000000000000143e-03
4.000000000000000083e-03
1.300000000000000157e-03
5.700000000000000205e-03
1.100000000000000066e-03
6.999999999999999929e-04
1.200000000000000112e-03
4.000000000000000192e-04
1.500000000000000031e-03
1.430000000000000021e-02
6.800000000000000488e-03
6.400000000000000307e-03
4.899999999999999842e-03
1.660000000000000017e-02
2.100000000000000304e-03
6.700000000000000226e-03
6.300000000000000044e-03
1.580000000000000154e-02
3.000000000000000279e-04
1.330000000000000106e-02
9.000000000000000838e-04
6.599999999999999964e-03
2.100000000000000304e-03
2.600000000000000314e-03
1.000000000000000048e-04
3.430000000000000410e-02
3.000000000000000279e-04
1.250000000000000069e-02
8.000000000000000383e-04
5.800000000000000468e-03
2.600000000000000314e-03
2.210000000000000159e-02
2.299999999999999961e-03
7.700000000000000247e-03
3.600000000000000335e-03
6.700000000000000226e-03
5.599999999999999943e-03
3.000000000000000279e-04
3.799999999999999992e-03
4.200000000000000261e-02
1.200000000000000112e-03
4.000000000000000192e-04
6.000000000000000559e-04
7.000000000000000146e-03
1.200000000000000112e-03
3.400000000000000244e-03
2.000000000000000042e-03
2.100000000000000304e-03
6.000000000000000125e-03
4.000000000000000083e-03
1.140000000000000041e-02
2.500000000000000052e-03
1.319999999999999993e-02
1.200000000000000112e-03
4.000000000000000192e-04
5.000000000000000104e-03
4.300000000000000003e-03
1.000000000000000021e-03
1.899999999999999996e-03
4.000000000000000192e-04
1.839999999999999969e-02
5.000000000000000104e-03
2.000000000000000042e-03
9.100000000000000450e-03
4.500000000000000527e-03
6.000000000000000559e-04
1.000000000000000048e-04
3.400000000000000244e-03
3.700000000000000164e-03
2.400000000000000223e-03
1.700000000000000122e-03
2.340000000000000066e-02
5.599999999999999943e-03
4.000000000000000192e-04
4.700000000000000185e-03
3.000000000000000062e-03
2.700000000000000143e-03
8.000000000000000383e-04
2.500000000000000052e-03
1.399999999999999986e-03
2.900000000000000234e-03
4.000000000000000192e-04
5.000000000000000104e-04
2.799999999999999972e-03
2.000000000000000096e-04
5.000000000000000104e-04
1.000000000000000021e-03
1.179999999999999973e-02
4.000000000000000192e-04
1.370000000000000037e-02
3.000000000000000279e-04
1.089999999999999997e-02
1.000000000000000048e-04
1.890000000000000013e-02
1.000000000000000048e-04
2.529999999999999957e-02
3.000000000000000279e-04
2.100000000000000304e-03
1.300000000000000157e-03
2.200000000000000133e-03
1.600000000000000077e-03
1.500000000000000031e-03
1.800000000000000168e-03
1.600000000000000077e-03
1.700000000000000122e-03
8.000000000000000383e-04
2.400000000000000223e-03
4.599999999999999922e-03
2.500000000000000052e-03
1.970000000000000223e-02
2.000000000000000096e-04
1.040000000000000126e-02
5.000000000000000104e-04
4.479999999999999954e-02
3.200000000000000153e-03
1.280000000000000061e-02
1.000000000000000048e-04
2.790000000000000119e-02
1.100000000000000066e-03
3.799999999999999992e-03
4.000000000000000192e-04
3.799999999999999906e-02
9.900000000000000813e-03
1.880000000000000074e-02
1.500000000000000031e-03
1.590000000000000094e-02
3.000000000000000279e-04
3.000000000000000279e-04
5.000000000000000104e-04
1.619999999999999912e-02
1.700000000000000122e-03
1.959999999999999937e-02
2.500000000000000052e-03
6.599999999999999964e-03
2.000000000000000096e-04
9.799999999999999684e-03
2.700000000000000143e-03
5.300000000000000024e-03
1.000000000000000048e-04
6.300000000000000044e-03
3.000000000000000279e-04
2.385000000000000175e-01
3.000000000000000279e-04
5.449999999999999983e-02
1.000000000000000048e-04
5.500000000000000028e-02
1.700000000000000122e-03
4.800000000000000447e-03
6.999999999999999929e-04
6.999999999999999929e-04
1.899999999999999996e-03
7.100000000000000408e-03
1.300000000000000157e-03
1.800000000000000168e-03
4.000000000000000192e-04
2.900000000000000234e-03
1.600000000000000077e-03
7.660000000000000142e-02
2.000000000000000096e-04
2.700000000000000143e-03
2.000000000000000096e-04
4.000000000000000192e-04
3.000000000000000279e-04
5.830000000000000460e-02
2.600000000000000314e-03
2.000000000000000096e-04
1.000000000000000048e-04
3.600000000000000335e-03
7.000000000000000146e-03
1.400000000000000029e-02
4.000000000000000192e-04
1.100000000000000066e-03
2.299999999999999961e-03
2.299999999999999961e-03
4.599999999999999922e-03
2.000000000000000096e-04
2.100000000000000304e-03
9.100000000000000450e-03
8.300000000000000086e-03
1.609999999999999973e-02
1.190000000000000085e-02
4.899999999999999842e-03
6.700000000000000226e-03
3.000000000000000279e-04
9.000000000000000838e-04
2.600000000000000314e-03
2.799999999999999972e-03
7.800000000000000509e-03
3.100000000000000325e-03
6.999999999999999929e-04
3.700000000000000164e-03
9.000000000000000838e-04
3.500000000000000073e-03
1.089999999999999997e-02
3.000000000000000279e-04
1.910000000000000239e-02
2.000000000000000096e-04
1.300000000000000157e-03
4.000000000000000083e-03
1.720000000000000001e-02
3.400000000000000244e-03
1.210000000000000138e-02
2.400000000000000223e-03
1.920000000000000179e-02
6.999999999999999929e-04
1.770000000000000046e-02
4.400000000000000265e-03
3.060000000000000220e-02
3.400000000000000244e-03
2.069999999999999965e-02
8.000000000000000383e-04
3.600000000000000335e-03
1.399999999999999986e-03
1.000000000000000048e-04
9.000000000000000838e-04
4.500000000000000527e-03
6.999999999999999929e-04
4.470000000000000362e-02
4.500000000000000527e-03
3.899999999999999994e-02
2.200000000000000133e-03
2.129999999999999949e-02
9.000000000000000838e-04
6.999999999999999929e-04
6.999999999999999929e-04
4.000000000000000192e-04
7.000000000000000146e-03
1.380000000000000150e-02
4.000000000000000083e-03
3.000000000000000279e-04
5.000000000000000104e-03
1.570000000000000215e-02
1.000000000000000021e-03
1.450000000000000074e-02
1.000000000000000048e-04
5.100000000000000366e-03
3.000000000000000279e-04
1.100000000000000066e-03
9.000000000000000838e-04
3.100000000000000325e-03
2.700000000000000143e-03
2.000000000000000096e-04
4.000000000000000192e-04
1.060000000000000005e-02
2.200000000000000133e-03
1.370000000000000037e-02
8.000000000000000383e-04
2.000000000000000096e-04
1.700000000000000122e-03
1.890000000000000013e-02
1.040000000000000126e-02
2.060000000000000026e-02
9.000000000000000838e-04
4.100000000000000346e-03
9.000000000000000838e-04
2.680000000000000090e-02
5.000000000000000104e-04
3.600000000000000335e-03
1.000000000000000021e-03
3.010000000000000175e-02
7.400000000000000328e-03
5.100000000000000366e-03
8.899999999999999925e-03
1.100000000000000066e-03
1.000000000000000048e-04
1.940000000000000058e-02
9.000000000000000838e-04
5.800000000000000468e-03
7.100000000000000408e-03
6.900000000000000751e-03
6.100000000000000387e-03
5.000000000000000104e-04
3.400000000000000244e-03
6.700000000000000226e-03
1.700000000000000122e-03
5.300000000000000024e-03
1.040000000000000126e-02
3.200000000000000153e-03
9.000000000000000838e-04
2.299999999999999961e-03
3.500000000000000073e-03
6.999999999999999929e-04
1.000000000000000021e-03
4.300000000000000003e-03
3.100000000000000325e-03
3.200000000000000153e-03
3.100000000000000325e-03
3.200000000000000153e-03
4.000000000000000083e-03
6.500000000000000569e-03
1.000000000000000021e-03
1.179999999999999973e-02
1.000000000000000048e-04
1.399999999999999986e-03
2.000000000000000096e-04
2.900000000000000234e-03
2.000000000000000096e-04
4.920000000000000068e-02
8.000000000000000383e-04
1.310000000000000053e-02
1.000000000000000048e-04
8.500000000000000611e-03
1.300000000000000157e-03
4.899999999999999842e-03
1.700000000000000122e-03
2.900000000000000234e-03
1.899999999999999996e-03
1.860000000000000195e-02
5.000000000000000104e-03
6.400000000000000133e-02
1.800000000000000168e-03
1.570000000000000215e-02
2.400000000000000223e-03
1.470000000000000126e-02
2.299999999999999961e-03
3.000000000000000062e-03
2.000000000000000096e-04
1.870000000000000134e-02
1.089999999999999997e-02
3.350000000000000200e-02
3.700000000000000164e-03
4.740000000000000463e-02
5.000000000000000104e-04
1.280000000000000061e-02
2.700000000000000143e-03
3.900000000000000255e-03
1.300000000000000157e-03
5.800000000000000468e-03
1.000000000000000021e-03
8.000000000000000383e-04
1.200000000000000112e-03
4.000000000000000192e-04
1.500000000000000031e-03
1.430000000000000021e-02
6.800000000000000488e-03
6.400000000000000307e-03
4.899999999999999842e-03
1.660000000000000017e-02
2.100000000000000304e-03
6.700000000000000226e-03
6.300000000000000044e-03
1.580000000000000154e-02
2.000000000000000096e-04
1.340000000000000045e-02
9.000000000000000838e-04
6.599999999999999964e-03
2.100000000000000304e-03
2.600000000000000314e-03
1.000000000000000048e-04
3.430000000000000410e-02
3.000000000000000279e-04
1.250000000000000069e-02
8.000000000000000383e-04
5.800000000000000468e-03
2.600000000000000314e-03
2.210000000000000159e-02
2.299999999999999961e-03
7.700000000000000247e-03
3.600000000000000335e-03
6.700000000000000226e-03
5.599999999999999943e-03
3.000000000000000279e-04
3.799999999999999992e-03
4.200000000000000261e-02
1.200000000000000112e-03
4.000000000000000192e-04
6.000000000000000559e-04
7.000000000000000146e-03
1.200000000000000112e-03
3.400000000000000244e-03
2.000000000000000042e-03
2.000000000000000042e-03
6.000000000000000125e-03
4.100000000000000346e-03
1.140000000000000041e-02
2.500000000000000052e-03
1.319999999999999993e-02
1.200000000000000112e-03
4.000000000000000192e-04
5.000000000000000104e-03
4.300000000000000003e-03
1.000000000000000021e-03
1.899999999999999996e-03
4.000000000000000192e-04
1.839999999999999969e-02
5.000000000000000104e-03
2.000000000000000042e-03
9.100000000000000450e-03
4.500000000000000527e-03
6.000000000000000559e-04
1.000000000000000048e-04
3.400000000000000244e-03
3.700000000000000164e-03
2.400000000000000223e-03
1.700000000000000122e-03
2.340000000000000066e-02
5.599999999999999943e-03
4.000000000000000192e-04
4.700000000000000185e-03
3.000000000000000062e-03
2.700000000000000143e-03
8.000000000000000383e-04
2.400000000000000223e-03
1.399999999999999986e-03
3.000000000000000062e-03
4.000000000000000192e-04
5.000000000000000104e-04
2.700000000000000143e-03
3.000000000000000279e-04
5.000000000000000104e-04
1.000000000000000021e-03
1.170000000000000033e-02
5.000000000000000104e-04
1.370000000000000037e-02
3.000000000000000279e-04
1.089999999999999997e-02
1.000000000000000048e-04
1.890000000000000013e-02
1.000000000000000048e-04
2.529999999999999957e-02
3.000000000000000279e-04
2.100000000000000304e-03
1.300000000000000157e-03
2.200000000000000133e-03
1.600000000000000077e-03
1.500000000000000031e-03
1.800000000000000168e-03
1.600000000000000077e-03
1.700000000000000122e-03
8.000000000000000383e-04
2.400000000000000223e-03
4.599999999999999922e-03
2.500000000000000052e-03
1.959999999999999937e-02
3.000000000000000279e-04
1.040000000000000126e-02
4.000000000000000192e-04
4.490000000000000241e-02
3.200000000000000153e-03
1.280000000000000061e-02
1.000000000000000048e-04
2.790000000000000119e-02
1.100000000000000066e-03
3.799999999999999992e-03
4.000000000000000192e-04
3.799999999999999906e-02
9.900000000000000813e-03
1.880000000000000074e-02
1.500000000000000031e-03
1.590000000000000094e-02
2.000000000000000096e-04
4.000000000000000192e-04
5.000000000000000104e-04
1.619999999999999912e-02
1.700000000000000122e-03
1.959999999999999937e-02
2.500000000000000052e-03
6.599999999999999964e-03
2.000000000000000096e-04
9.799999999999999684e-03
2.700000000000000143e-03
5.300000000000000024e-03
1.000000000000000048e-04
6.300000000000000044e-03
2.000000000000000096e-04
2.386000000000000065e-01
3.000000000000000279e-04
5.440000000000000391e-02
2.000000000000000096e-04
5.500000000000000028e-02
1.600000000000000077e-03
4.899999999999999842e-03
6.999999999999999929e-04
6.999999999999999929e-04
1.899999999999999996e-03
7.100000000000000408e-03
1.300000000000000157e-03
1.800000000000000168e-03
4.000000000000000192e-04
2.900000000000000234e-03
1.600000000000000077e-03
7.660000000000000142e-02
2.000000000000000096e-04
2.700000000000000143e-03
2.000000000000000096e-04
4.000000000000000192e-04
3.000000000000000279e-04
5.830000000000000460e-02
2.600000000000000314e-03
1.000000000000000048e-04
2.000000000000000096e-04
3.600000000000000335e-03
7.000000000000000146e-03
1.400000000000000029e-02
4.000000000000000192e-04
1.100000000000000066e-03
2.299999999999999961e-03
2.299999999999999961e-03
4.599999999999999922e-03
2.000000000000000096e-04
