5.460000000000000270e-02
3.000000000000000279e-04
2.000000000000000096e-04
4.000000000000000192e-04
5.200000000000000629e-03
3.100000000000000325e-03
3.299999999999999982e-03
3.000000000000000279e-04
4.000000000000000192e-04
5.000000000000000104e-04
4.000000000000000192e-04
8.000000000000000383e-04
3.200000000000000153e-03
2.000000000000000096e-04
6.000000000000000559e-04
8.000000000000000383e-04
1.779999999999999985e-02
1.000000000000000048e-04
1.360000000000000098e-02
2.000000000000000096e-04
2.000000000000000096e-04
4.860000000000000431e-02
2.000000000000000096e-04
2.869999999999999982e-02
3.000000000000000279e-04
4.000000000000000192e-04
1.000000000000000048e-04
1.630000000000000199e-02
6.300000000000000044e-03
8.700000000000001135e-03
2.100000000000000304e-03
2.970000000000000070e-02
1.000000000000000048e-04
1.540000000000000049e-02
2.500000000000000052e-03
6.100000000000000387e-03
6.300000000000000044e-03
1.290000000000000001e-02
6.900000000000000751e-03
3.000000000000000062e-03
5.200000000000000629e-03
9.000000000000000838e-04
2.000000000000000096e-04
6.410000000000000420e-02
1.300000000000000157e-03
2.630000000000000046e-02
9.000000000000000838e-04
3.400000000000000244e-03
6.999999999999999929e-04
3.000000000000000279e-04
9.499999999999999764e-03
2.730000000000000135e-02
6.700000000000000226e-03
3.500000000000000073e-03
7.700000000000000247e-03
1.000000000000000048e-04
2.700000000000000143e-03
2.299999999999999961e-03
2.000000000000000096e-04
2.900000000000000234e-03
5.200000000000000629e-03
5.000000000000000104e-04
4.599999999999999922e-03
2.869999999999999982e-02
1.500000000000000031e-03
1.000000000000000048e-04
3.900000000000000255e-03
3.900000000000000255e-03
6.999999999999999929e-04
8.500000000000000611e-03
6.999999999999999929e-04
4.599999999999999922e-03
1.399999999999999986e-03
1.349999999999999985e-02
3.900000000000000255e-03
1.500000000000000031e-03
1.910000000000000239e-02
2.700000000000000143e-03
3.000000000000000279e-04
7.700000000000000247e-03
2.000000000000000096e-04
6.400000000000000307e-03
5.400000000000000286e-03
6.999999999999999929e-04
6.000000000000000559e-04
1.000000000000000021e-03
2.000000000000000042e-03
1.789999999999999925e-02
5.000000000000000104e-04
9.000000000000000838e-04
1.000000000000000021e-03
6.000000000000000125e-03
1.899999999999999996e-03
1.200000000000000112e-03
5.000000000000000104e-04
2.960000000000000131e-02
4.000000000000000083e-03
7.800000000000000509e-03
1.399999999999999986e-03
8.600000000000000006e-03
4.300000000000000003e-03
2.600000000000000314e-03
1.000000000000000021e-03
1.669999999999999957e-02
8.800000000000000530e-03
1.460000000000000013e-02
5.000000000000000104e-04
2.450000000000000094e-02
4.100000000000000346e-03
1.760000000000000106e-02
9.000000000000000838e-04
6.950000000000000622e-02
6.999999999999999929e-04
1.590000000000000094e-02
9.000000000000000838e-04
3.000000000000000279e-04
9.900000000000000813e-03
2.299999999999999961e-03
2.000000000000000096e-04
4.080000000000000293e-02
2.000000000000000096e-04
2.000000000000000042e-03
3.700000000000000164e-03
6.000000000000000125e-03
5.400000000000000286e-03
3.540000000000000091e-02
1.200000000000000112e-03
1.519999999999999997e-02
5.400000000000000286e-03
5.500000000000000548e-03
2.100000000000000304e-03
1.779999999999999985e-02
1.600000000000000077e-03
3.160000000000000309e-02
1.000000000000000048e-04
8.899999999999999925e-03
2.000000000000000096e-04
1.680000000000000243e-02
1.200000000000000112e-03
5.300000000000000024e-03
1.000000000000000048e-04
7.100000000000000408e-03
9.000000000000000838e-04
1.050000000000000065e-02
6.000000000000000125e-03
3.000000000000000062e-03
3.400000000000000244e-03
1.080000000000000057e-02
8.000000000000000383e-04
3.000000000000000279e-04
4.000000000000000192e-04
2.200000000000000133e-03
4.000000000000000192e-04
1.609999999999999973e-02
2.600000000000000314e-03
4.429999999999999910e-02
1.100000000000000066e-03
3.000000000000000279e-04
5.000000000000000104e-04
1.200000000000000112e-03
6.000000000000000559e-04
1.750000000000000167e-02
2.000000000000000096e-04
3.500000000000000073e-03
4.000000000000000192e-04
8.300000000000000086e-03
3.000000000000000279e-04
1.210000000000000138e-02
8.000000000000000383e-04
4.599999999999999922e-03
2.000000000000000096e-04
2.299999999999999961e-03
5.000000000000000104e-04
9.000000000000000838e-04
8.000000000000000383e-04
2.000000000000000042e-02
4.000000000000000192e-04
4.000000000000000192e-04
6.999999999999999929e-04
2.400000000000000223e-03
1.000000000000000048e-04
7.200000000000000670e-03
2.000000000000000096e-04
2.799999999999999972e-03
1.899999999999999996e-03
2.110000000000000070e-02
3.000000000000000279e-04
1.000000000000000021e-02
2.000000000000000096e-04
6.300000000000000044e-03
1.000000000000000048e-04
8.640000000000000457e-02
2.000000000000000096e-04
4.070000000000000007e-02
5.000000000000000104e-04
8.200000000000000691e-03
2.000000000000000096e-04
5.200000000000000629e-03
1.000000000000000048e-04
2.860000000000000042e-02
1.000000000000000048e-04
2.200000000000000219e-02
1.000000000000000048e-04
3.900000000000000255e-03
4.000000000000000192e-04
1.370000000000000037e-02
1.399999999999999986e-03
3.320000000000000034e-02
1.000000000000000048e-04
2.950000000000000192e-02
1.600000000000000077e-03
2.160000000000000114e-02
4.400000000000000265e-03
2.490000000000000199e-02
3.100000000000000325e-03
2.500000000000000052e-03
3.000000000000000279e-04
1.399999999999999986e-03
3.100000000000000325e-03
9.000000000000000838e-04
3.000000000000000279e-04
2.700000000000000143e-03
3.000000000000000062e-03
6.900000000000000751e-03
2.000000000000000042e-03
1.549999999999999989e-02
4.500000000000000527e-03
1.580000000000000154e-02
2.000000000000000096e-04
1.060000000000000005e-02
9.000000000000000838e-04
2.799999999999999972e-03
2.900000000000000234e-03
1.549999999999999989e-02
5.599999999999999943e-03
2.100000000000000304e-03
1.089999999999999997e-02
7.700000000000000247e-03
3.000000000000000279e-04
1.200000000000000112e-03
6.000000000000000559e-04
1.490000000000000005e-02
2.299999999999999961e-03
6.700000000000000226e-03
5.000000000000000104e-04
6.800000000000000488e-03
1.899999999999999996e-03
1.000000000000000021e-03
1.000000000000000021e-02
4.000000000000000192e-04
4.000000000000000192e-04
8.000000000000000383e-04
2.000000000000000042e-03
7.700000000000000247e-03
3.000000000000000279e-04
6.999999999999999929e-04
2.000000000000000096e-04
1.600000000000000033e-02
6.000000000000000559e-04
1.420000000000000082e-02
1.000000000000000048e-04
3.450000000000000289e-02
3.000000000000000279e-04
4.000000000000000083e-03
1.000000000000000048e-04
1.870000000000000134e-02
1.100000000000000066e-03
2.080000000000000251e-02
1.399999999999999986e-03
3.900000000000000255e-03
1.600000000000000077e-03
1.200000000000000112e-03
7.000000000000000146e-03
1.050000000000000065e-02
3.700000000000000164e-03
1.100000000000000066e-03
2.400000000000000223e-03
4.910000000000000475e-02
1.000000000000000021e-03
8.000000000000000383e-04
2.000000000000000096e-04
1.300000000000000157e-03
6.000000000000000559e-04
2.799999999999999972e-03
9.000000000000000838e-04
4.700000000000000185e-03
7.900000000000000772e-03
1.100000000000000066e-03
9.199999999999999845e-03
1.380000000000000150e-02
1.000000000000000048e-04
3.000000000000000279e-04
5.000000000000000104e-04
2.009999999999999981e-02
3.000000000000000279e-04
8.500000000000000611e-03
2.299999999999999961e-03
3.600000000000000335e-03
6.999999999999999929e-04
2.000000000000000096e-04
6.999999999999999929e-04
1.740000000000000227e-02
2.000000000000000096e-04
2.100000000000000304e-03
2.299999999999999961e-03
5.300000000000000024e-03
6.999999999999999929e-04
2.670000000000000151e-02
8.000000000000000383e-04
3.629999999999999893e-02
3.400000000000000244e-03
1.360000000000000098e-02
2.600000000000000314e-03
6.100000000000000387e-03
1.700000000000000122e-03
1.119999999999999989e-02
4.000000000000000192e-04
6.000000000000000559e-04
6.999999999999999929e-04
5.059999999999999915e-02
1.700000000000000122e-02
1.080000000000000057e-02
8.000000000000000383e-04
9.400000000000000369e-03
2.000000000000000096e-04
1.089999999999999997e-02
6.000000000000000559e-04
1.004000000000000031e-01
1.000000000000000048e-04
1.210000000000000138e-02
5.000000000000000104e-04
3.530000000000000498e-02
5.460000000000000270e-02
3.000000000000000279e-04
2.000000000000000096e-04
4.000000000000000192e-04
5.200000000000000629e-03
3.100000000000000325e-03
3.299999999999999982e-03
3.000000000000000279e-04
4.000000000000000192e-04
5.000000000000000104e-04
3.000000000000000279e-04
9.000000000000000838e-04
3.200000000000000153e-03
2.000000000000000096e-04
6.000000000000000559e-04
6.999999999999999929e-04
1.779999999999999985e-02
2.000000000000000096e-04
1.360000000000000098e-02
2.000000000000000096e-04
2.000000000000000096e-04
4.860000000000000431e-02
2.000000000000000096e-04
2.869999999999999982e-02
3.000000000000000279e-04
3.000000000000000279e-04
2.000000000000000096e-04
1.630000000000000199e-02
6.300000000000000044e-03
8.700000000000001135e-03
2.100000000000000304e-03
2.970000000000000070e-02
1.000000000000000048e-04
1.540000000000000049e-02
2.500000000000000052e-03
6.100000000000000387e-03
6.300000000000000044e-03
1.290000000000000001e-02
6.900000000000000751e-03
3.000000000000000062e-03
5.200000000000000629e-03
9.000000000000000838e-04
2.000000000000000096e-04
6.410000000000000420e-02
1.300000000000000157e-03
2.630000000000000046e-02
9.000000000000000838e-04
3.400000000000000244e-03
6.999999999999999929e-04
3.000000000000000279e-04
9.499999999999999764e-03
2.730000000000000135e-02
6.700000000000000226e-03
3.500000000000000073e-03
7.700000000000000247e-03
1.000000000000000048e-04
2.700000000000000143e-03
2.299999999999999961e-03
2.000000000000000096e-04
2.900000000000000234e-03
5.200000000000000629e-03
5.000000000000000104e-04
4.599999999999999922e-03
2.869999999999999982e-02
1.500000000000000031e-03
1.000000000000000048e-04
3.799999999999999992e-03
4.000000000000000083e-03
6.999999999999999929e-04
8.500000000000000611e-03
6.999999999999999929e-04
4.500000000000000527e-03
1.500000000000000031e-03
1.349999999999999985e-02
3.900000000000000255e-03
1.500000000000000031e-03
1.910000000000000239e-02
2.700000000000000143e-03
3.000000000000000279e-04
7.700000000000000247e-03
2.000000000000000096e-04
6.300000000000000044e-03
5.500000000000000548e-03
6.999999999999999929e-04
6.000000000000000559e-04
1.000000000000000021e-03
2.000000000000000042e-03
1.789999999999999925e-02
5.000000000000000104e-04
9.000000000000000838e-04
1.000000000000000021e-03
6.000000000000000125e-03
1.899999999999999996e-03
1.200000000000000112e-03
5.000000000000000104e-04
2.960000000000000131e-02
3.900000000000000255e-03
7.900000000000000772e-03
1.399999999999999986e-03
8.600000000000000006e-03
4.200000000000000608e-03
2.700000000000000143e-03
9.000000000000000838e-04
1.680000000000000243e-02
8.800000000000000530e-03
1.460000000000000013e-02
5.000000000000000104e-04
2.450000000000000094e-02
4.100000000000000346e-03
1.760000000000000106e-02
9.000000000000000838e-04
6.950000000000000622e-02
6.999999999999999929e-04
1.590000000000000094e-02
9.000000000000000838e-04
3.000000000000000279e-04
9.900000000000000813e-03
2.299999999999999961e-03
2.000000000000000096e-04
4.080000000000000293e-02
2.000000000000000096e-04
2.000000000000000042e-03
3.700000000000000164e-03
6.000000000000000125e-03
5.400000000000000286e-03
3.540000000000000091e-02
1.200000000000000112e-03
1.519999999999999997e-02
5.400000000000000286e-03
5.500000000000000548e-03
2.100000000000000304e-03
1.779999999999999985e-02
1.600000000000000077e-03
3.160000000000000309e-02
1.000000000000000048e-04
8.899999999999999925e-03
2.000000000000000096e-04
1.680000000000000243e-02
1.200000000000000112e-03
5.300000000000000024e-03
1.000000000000000048e-04
7.100000000000000408e-03
9.000000000000000838e-04
1.050000000000000065e-02
6.000000000000000125e-03
3.000000000000000062e-03
3.400000000000000244e-03
1.080000000000000057e-02
8.000000000000000383e-04
3.000000000000000279e-04
4.000000000000000192e-04
2.200000000000000133e-03
4.000000000000000192e-04
1.609999999999999973e-02
2.600000000000000314e-03
4.429999999999999910e-02
1.100000000000000066e-03
3.000000000000000279e-04
5.000000000000000104e-04
1.200000000000000112e-03
6.000000000000000559e-04
1.740000000000000227e-02
3.000000000000000279e-04
3.500000000000000073e-03
4.000000000000000192e-04
8.300000000000000086e-03
3.000000000000000279e-04
1.210000000000000138e-02
6.999999999999999929e-04
4.700000000000000185e-03
2.000000000000000096e-04
2.299999999999999961e-03
5.000000000000000104e-04
9.000000000000000838e-04
8.000000000000000383e-04
2.000000000000000042e-02
4.000000000000000192e-04
4.000000000000000192e-04
6.999999999999999929e-04
2.400000000000000223e-03
1.000000000000000048e-04
7.200000000000000670e-03
2.000000000000000096e-04
2.799999999999999972e-03
1.899999999999999996e-03
2.110000000000000070e-02
3.000000000000000279e-04
1.000000000000000021e-02
2.000000000000000096e-04
6.300000000000000044e-03
1.000000000000000048e-04
8.640000000000000457e-02
2.000000000000000096e-04
4.070000000000000007e-02
5.000000000000000104e-04
8.200000000000000691e-03
2.000000000000000096e-04
5.200000000000000629e-03
1.000000000000000048e-04
2.860000000000000042e-02
1.000000000000000048e-04
2.200000000000000219e-02
1.000000000000000048e-04
3.799999999999999992e-03
4.000000000000000192e-04
1.380000000000000150e-02
1.399999999999999986e-03
3.320000000000000034e-02
1.000000000000000048e-04
2.950000000000000192e-02
1.600000000000000077e-03
2.160000000000000114e-02
4.400000000000000265e-03
2.490000000000000199e-02
3.100000000000000325e-03
2.400000000000000223e-03
4.000000000000000192e-04
1.399999999999999986e-03
3.100000000000000325e-03
9.000000000000000838e-04
2.000000000000000096e-04
2.799999999999999972e-03
3.000000000000000062e-03
6.900000000000000751e-03
1.899999999999999996e-03
1.549999999999999989e-02
4.599999999999999922e-03
1.580000000000000154e-02
2.000000000000000096e-04
1.060000000000000005e-02
9.000000000000000838e-04
2.799999999999999972e-03
2.900000000000000234e-03
1.549999999999999989e-02
5.599999999999999943e-03
2.100000000000000304e-03
1.089999999999999997e-02
7.700000000000000247e-03
3.000000000000000279e-04
1.200000000000000112e-03
6.000000000000000559e-04
1.490000000000000005e-02
2.200000000000000133e-03
6.800000000000000488e-03
5.000000000000000104e-04
6.800000000000000488e-03
1.899999999999999996e-03
1.000000000000000021e-03
1.000000000000000021e-02
4.000000000000000192e-04
3.000000000000000279e-04
9.000000000000000838e-04
2.000000000000000042e-03
7.700000000000000247e-03
3.000000000000000279e-04
6.999999999999999929e-04
1.000000000000000048e-04
1.609999999999999973e-02
5.000000000000000104e-04
1.430000000000000021e-02
1.000000000000000048e-04
3.450000000000000289e-02
3.000000000000000279e-04
4.000000000000000083e-03
1.000000000000000048e-04
1.870000000000000134e-02
1.100000000000000066e-03
2.080000000000000251e-02
1.399999999999999986e-03
3.900000000000000255e-03
1.600000000000000077e-03
1.100000000000000066e-03
7.000000000000000146e-03
1.060000000000000005e-02
3.700000000000000164e-03
1.100000000000000066e-03
2.400000000000000223e-03
3.620000000000000301e-02
1.000000000000000048e-04
1.280000000000000061e-02
1.000000000000000021e-03
8.000000000000000383e-04
2.000000000000000096e-04
1.300000000000000157e-03
6.000000000000000559e-04
2.799999999999999972e-03
9.000000000000000838e-04
4.700000000000000185e-03
7.900000000000000772e-03
1.100000000000000066e-03
9.199999999999999845e-03
1.370000000000000037e-02
2.000000000000000096e-04
3.000000000000000279e-04
5.000000000000000104e-04
2.009999999999999981e-02
3.000000000000000279e-04
8.500000000000000611e-03
2.299999999999999961e-03
3.600000000000000335e-03
6.999999999999999929e-04
2.000000000000000096e-04
6.999999999999999929e-04
1.740000000000000227e-02
2.000000000000000096e-04
2.100000000000000304e-03
2.299999999999999961e-03
5.300000000000000024e-03
6.999999999999999929e-04
2.670000000000000151e-02
8.000000000000000383e-04
3.629999999999999893e-02
3.400000000000000244e-03
1.360000000000000098e-02
2.600000000000000314e-03
6.100000000000000387e-03
1.700000000000000122e-03
1.119999999999999989e-02
4.000000000000000192e-04
6.000000000000000559e-04
6.999999999999999929e-04
5.059999999999999915e-02
1.700000000000000122e-02
1.080000000000000057e-02
8.000000000000000383e-04
9.400000000000000369e-03
2.000000000000000096e-04
1.089999999999999997e-02
6.000000000000000559e-04
1.004000000000000031e-01
1.000000000000000048e-04
1.210000000000000138e-02
5.000000000000000104e-04
3.530000000000000498e-02
5.460000000000000270e-02
3.000000000000000279e-04
2.000000000000000096e-04
4.000000000000000192e-04
5.200000000000000629e-03
3.100000000000000325e-03
3.299999999999999982e-03
2.000000000000000096e-04
5.000000000000000104e-04
5.000000000000000104e-04
3.000000000000000279e-04
9.000000000000000838e-04
3.200000000000000153e-03
2.000000000000000096e-04
6.000000000000000559e-04
6.999999999999999929e-04
1.779999999999999985e-02
2.000000000000000096e-04
1.360000000000000098e-02
2.000000000000000096e-04
1.000000000000000048e-04
4.870000000000000023e-02
2.000000000000000096e-04
2.869999999999999982e-02
3.000000000000000279e-04
3.000000000000000279e-04
2.000000000000000096e-04
1.630000000000000199e-02
6.300000000000000044e-03
8.700000000000001135e-03
2.000000000000000042e-03
2.980000000000000010e-02
1.000000000000000048e-04
1.540000000000000049e-02
2.500000000000000052e-03
6.100000000000000387e-03
6.300000000000000044e-03
1.290000000000000001e-02
6.800000000000000488e-03
3.100000000000000325e-03
5.200000000000000629e-03
8.000000000000000383e-04
3.000000000000000279e-04
6.410000000000000420e-02
1.300000000000000157e-03
2.630000000000000046e-02
9.000000000000000838e-04
3.400000000000000244e-03
6.999999999999999929e-04
3.000000000000000279e-04
9.499999999999999764e-03
2.730000000000000135e-02
6.700000000000000226e-03
3.500000000000000073e-03
7.700000000000000247e-03
1.000000000000000048e-04
2.700000000000000143e-03
2.299999999999999961e-03
2.000000000000000096e-04
2.900000000000000234e-03
5.200000000000000629e-03
5.000000000000000104e-04
4.500000000000000527e-03
2.880000000000000268e-02
1.500000000000000031e-03
1.000000000000000048e-04
3.799999999999999992e-03
4.000000000000000083e-03
6.999999999999999929e-04
8.500000000000000611e-03
6.999999999999999929e-04
4.500000000000000527e-03
1.500000000000000031e-03
1.349999999999999985e-02
3.900000000000000255e-03
1.500000000000000031e-03
1.910000000000000239e-02
2.700000000000000143e-03
3.000000000000000279e-04
7.700000000000000247e-03
2.000000000000000096e-04
6.300000000000000044e-03
5.400000000000000286e-03
6.999999999999999929e-04
6.000000000000000559e-04
1.100000000000000066e-03
2.000000000000000042e-03
1.789999999999999925e-02
5.000000000000000104e-04
9.000000000000000838e-04
1.000000000000000021e-03
6.000000000000000125e-03
1.899999999999999996e-03
1.200000000000000112e-03
4.000000000000000192e-04
2.970000000000000070e-02
3.900000000000000255e-03
7.900000000000000772e-03
1.399999999999999986e-03
8.500000000000000611e-03
4.300000000000000003e-03
2.700000000000000143e-03
9.000000000000000838e-04
1.680000000000000243e-02
8.800000000000000530e-03
1.460000000000000013e-02
5.000000000000000104e-04
2.450000000000000094e-02
4.100000000000000346e-03
1.750000000000000167e-02
1.000000000000000021e-03
6.950000000000000622e-02
6.999999999999999929e-04
1.590000000000000094e-02
9.000000000000000838e-04
3.000000000000000279e-04
9.900000000000000813e-03
2.200000000000000133e-03
3.000000000000000279e-04
4.080000000000000293e-02
2.000000000000000096e-04
1.899999999999999996e-03
3.700000000000000164e-03
6.100000000000000387e-03
5.400000000000000286e-03
3.540000000000000091e-02
1.200000000000000112e-03
1.510000000000000057e-02
5.500000000000000548e-03
5.500000000000000548e-03
2.100000000000000304e-03
1.779999999999999985e-02
1.600000000000000077e-03
3.160000000000000309e-02
1.000000000000000048e-04
8.899999999999999925e-03
2.000000000000000096e-04
1.669999999999999957e-02
1.300000000000000157e-03
5.300000000000000024e-03
1.000000000000000048e-04
7.100000000000000408e-03
9.000000000000000838e-04
1.050000000000000065e-02
6.000000000000000125e-03
3.000000000000000062e-03
3.400000000000000244e-03
1.080000000000000057e-02
8.000000000000000383e-04
2.000000000000000096e-04
5.000000000000000104e-04
2.100000000000000304e-03
5.000000000000000104e-04
1.609999999999999973e-02
2.600000000000000314e-03
4.429999999999999910e-02
1.100000000000000066e-03
3.000000000000000279e-04
5.000000000000000104e-04
1.200000000000000112e-03
6.000000000000000559e-04
1.740000000000000227e-02
3.000000000000000279e-04
3.500000000000000073e-03
4.000000000000000192e-04
8.300000000000000086e-03
2.000000000000000096e-04
1.220000000000000077e-02
6.999999999999999929e-04
4.700000000000000185e-03
2.000000000000000096e-04
2.299999999999999961e-03
5.000000000000000104e-04
9.000000000000000838e-04
8.000000000000000383e-04
1.990000000000000102e-02
5.000000000000000104e-04
4.000000000000000192e-04
6.999999999999999929e-04
2.400000000000000223e-03
1.000000000000000048e-04
7.200000000000000670e-03
2.000000000000000096e-04
2.799999999999999972e-03
1.899999999999999996e-03
2.110000000000000070e-02
3.000000000000000279e-04
1.000000000000000021e-02
2.000000000000000096e-04
6.300000000000000044e-03
1.000000000000000048e-04
8.640000000000000457e-02
1.000000000000000048e-04
4.080000000000000293e-02
5.000000000000000104e-04
8.200000000000000691e-03
2.000000000000000096e-04
5.100000000000000366e-03
2.000000000000000096e-04
2.860000000000000042e-02
1.000000000000000048e-04
2.200000000000000219e-02
1.000000000000000048e-04
3.799999999999999992e-03
4.000000000000000192e-04
1.380000000000000150e-02
1.399999999999999986e-03
3.320000000000000034e-02
1.000000000000000048e-04
2.950000000000000192e-02
1.600000000000000077e-03
2.160000000000000114e-02
4.300000000000000003e-03
2.500000000000000139e-02
3.100000000000000325e-03
2.400000000000000223e-03
4.000000000000000192e-04
1.399999999999999986e-03
3.100000000000000325e-03
9.000000000000000838e-04
2.000000000000000096e-04
2.799999999999999972e-03
3.000000000000000062e-03
6.900000000000000751e-03
1.899999999999999996e-03
1.549999999999999989e-02
4.599999999999999922e-03
1.580000000000000154e-02
2.000000000000000096e-04
1.060000000000000005e-02
9.000000000000000838e-04
2.799999999999999972e-03
2.799999999999999972e-03
1.560000000000000102e-02
5.599999999999999943e-03
2.100000000000000304e-03
1.089999999999999997e-02
7.700000000000000247e-03
2.000000000000000096e-04
1.300000000000000157e-03
6.000000000000000559e-04
1.490000000000000005e-02
2.200000000000000133e-03
6.800000000000000488e-03
5.000000000000000104e-04
6.700000000000000226e-03
1.899999999999999996e-03
1.100000000000000066e-03
1.000000000000000021e-02
4.000000000000000192e-04
3.000000000000000279e-04
9.000000000000000838e-04
2.000000000000000042e-03
7.700000000000000247e-03
3.000000000000000279e-04
6.999999999999999929e-04
1.000000000000000048e-04
1.609999999999999973e-02
5.000000000000000104e-04
1.430000000000000021e-02
1.000000000000000048e-04
3.450000000000000289e-02
3.000000000000000279e-04
4.000000000000000083e-03
1.000000000000000048e-04
1.870000000000000134e-02
1.100000000000000066e-03
2.080000000000000251e-02
1.399999999999999986e-03
3.900000000000000255e-03
1.600000000000000077e-03
1.100000000000000066e-03
7.000000000000000146e-03
1.050000000000000065e-02
3.799999999999999992e-03
1.100000000000000066e-03
2.400000000000000223e-03
4.910000000000000475e-02
9.000000000000000838e-04
8.000000000000000383e-04
3.000000000000000279e-04
1.200000000000000112e-03
6.999999999999999929e-04
2.700000000000000143e-03
1.000000000000000021e-03
4.700000000000000185e-03
7.800000000000000509e-03
1.200000000000000112e-03
9.100000000000000450e-03
1.380000000000000150e-02
2.000000000000000096e-04
3.000000000000000279e-04
5.000000000000000104e-04
2.009999999999999981e-02
3.000000000000000279e-04
8.500000000000000611e-03
2.200000000000000133e-03
3.700000000000000164e-03
6.999999999999999929e-04
2.000000000000000096e-04
6.999999999999999929e-04
1.740000000000000227e-02
2.000000000000000096e-04
2.100000000000000304e-03
2.299999999999999961e-03
5.300000000000000024e-03
6.999999999999999929e-04
2.670000000000000151e-02
8.000000000000000383e-04
3.629999999999999893e-02
3.400000000000000244e-03
1.360000000000000098e-02
2.600000000000000314e-03
6.100000000000000387e-03
1.700000000000000122e-03
1.119999999999999989e-02
4.000000000000000192e-04
6.000000000000000559e-04
6.999999999999999929e-04
5.050000000000000322e-02
1.700000000000000122e-02
1.080000000000000057e-02
9.000000000000000838e-04
9.400000000000000369e-03
2.000000000000000096e-04
1.080000000000000057e-02
6.999999999999999929e-04
1.004000000000000031e-01
1.000000000000000048e-04
1.210000000000000138e-02
5.000000000000000104e-04
3.530000000000000498e-02
5.460000000000000270e-02
3.000000000000000279e-04
2.000000000000000096e-04
4.000000000000000192e-04
5.100000000000000366e-03
3.200000000000000153e-03
3.299999999999999982e-03
2.000000000000000096e-04
5.000000000000000104e-04
5.000000000000000104e-04
3.000000000000000279e-04
9.000000000000000838e-04
3.200000000000000153e-03
2.000000000000000096e-04
6.000000000000000559e-04
6.999999999999999929e-04
1.779999999999999985e-02
2.000000000000000096e-04
1.360000000000000098e-02
2.000000000000000096e-04
1.000000000000000048e-04
4.870000000000000023e-02
2.000000000000000096e-04
2.869999999999999982e-02
2.000000000000000096e-04
4.000000000000000192e-04
2.000000000000000096e-04
1.630000000000000199e-02
6.200000000000000649e-03
8.800000000000000530e-03
2.000000000000000042e-03
2.980000000000000010e-02
1.000000000000000048e-04
1.530000000000000110e-02
2.500000000000000052e-03
6.200000000000000649e-03
6.300000000000000044e-03
1.290000000000000001e-02
6.800000000000000488e-03
3.100000000000000325e-03
5.200000000000000629e-03
8.000000000000000383e-04
3.000000000000000279e-04
6.410000000000000420e-02
1.300000000000000157e-03
2.630000000000000046e-02
9.000000000000000838e-04
3.299999999999999982e-03
8.000000000000000383e-04
3.000000000000000279e-04
9.499999999999999764e-03
2.720000000000000195e-02
6.800000000000000488e-03
3.500000000000000073e-03
7.700000000000000247e-03
1.000000000000000048e-04
2.700000000000000143e-03
2.200000000000000133e-03
3.000000000000000279e-04
2.900000000000000234e-03
5.200000000000000629e-03
4.000000000000000192e-04
4.599999999999999922e-03
2.880000000000000268e-02
1.500000000000000031e-03
1.000000000000000048e-04
3.799999999999999992e-03
4.000000000000000083e-03
6.999999999999999929e-04
8.500000000000000611e-03
6.999999999999999929e-04
4.500000000000000527e-03
1.500000000000000031e-03
1.340000000000000045e-02
3.900000000000000255e-03
1.600000000000000077e-03
1.910000000000000239e-02
2.700000000000000143e-03
3.000000000000000279e-04
7.700000000000000247e-03
2.000000000000000096e-04
6.300000000000000044e-03
5.400000000000000286e-03
6.999999999999999929e-04
6.000000000000000559e-04
1.100000000000000066e-03
2.000000000000000042e-03
1.789999999999999925e-02
4.000000000000000192e-04
1.000000000000000021e-03
9.000000000000000838e-04
6.100000000000000387e-03
1.899999999999999996e-03
1.200000000000000112e-03
4.000000000000000192e-04
2.970000000000000070e-02
3.900000000000000255e-03
7.900000000000000772e-03
1.399999999999999986e-03
8.500000000000000611e-03
4.300000000000000003e-03
2.700000000000000143e-03
9.000000000000000838e-04
1.680000000000000243e-02
8.700000000000001135e-03
1.460000000000000013e-02
6.000000000000000559e-04
2.450000000000000094e-02
4.100000000000000346e-03
1.750000000000000167e-02
1.000000000000000021e-03
6.950000000000000622e-02
6.000000000000000559e-04
1.600000000000000033e-02
9.000000000000000838e-04
3.000000000000000279e-04
9.900000000000000813e-03
2.200000000000000133e-03
3.000000000000000279e-04
4.080000000000000293e-02
2.000000000000000096e-04
1.899999999999999996e-03
3.700000000000000164e-03
6.100000000000000387e-03
5.400000000000000286e-03
3.540000000000000091e-02
1.200000000000000112e-03
1.510000000000000057e-02
5.500000000000000548e-03
5.500000000000000548e-03
2.100000000000000304e-03
1.779999999999999985e-02
1.600000000000000077e-03
3.160000000000000309e-02
1.000000000000000048e-04
8.899999999999999925e-03
2.000000000000000096e-04
1.669999999999999957e-02
1.200000000000000112e-03
5.400000000000000286e-03
1.000000000000000048e-04
7.100000000000000408e-03
9.000000000000000838e-04
1.050000000000000065e-02
6.000000000000000125e-03
2.900000000000000234e-03
3.500000000000000073e-03
1.070000000000000118e-02
9.000000000000000838e-04
2.000000000000000096e-04
4.000000000000000192e-04
2.200000000000000133e-03
5.000000000000000104e-04
1.609999999999999973e-02
2.600000000000000314e-03
4.429999999999999910e-02
1.100000000000000066e-03
3.000000000000000279e-04
5.000000000000000104e-04
1.100000000000000066e-03
6.000000000000000559e-04
1.750000000000000167e-02
3.000000000000000279e-04
3.400000000000000244e-03
5.000000000000000104e-04
8.300000000000000086e-03
2.000000000000000096e-04
1.220000000000000077e-02
6.999999999999999929e-04
4.700000000000000185e-03
1.000000000000000048e-04
2.400000000000000223e-03
5.000000000000000104e-04
9.000000000000000838e-04
8.000000000000000383e-04
1.990000000000000102e-02
5.000000000000000104e-04
4.000000000000000192e-04
6.999999999999999929e-04
9.700000000000000289e-03
2.000000000000000096e-04
2.799999999999999972e-03
1.899999999999999996e-03
2.100000000000000130e-02
4.000000000000000192e-04
1.000000000000000021e-02
2.000000000000000096e-04
6.300000000000000044e-03
1.000000000000000048e-04
8.640000000000000457e-02
1.000000000000000048e-04
4.080000000000000293e-02
5.000000000000000104e-04
8.200000000000000691e-03
2.000000000000000096e-04
5.100000000000000366e-03
2.000000000000000096e-04
2.860000000000000042e-02
1.000000000000000048e-04
2.189999999999999933e-02
2.000000000000000096e-04
3.799999999999999992e-03
4.000000000000000192e-04
1.380000000000000150e-02
1.399999999999999986e-03
3.320000000000000034e-02
1.000000000000000048e-04
2.950000000000000192e-02
1.600000000000000077e-03
2.160000000000000114e-02
4.300000000000000003e-03
2.500000000000000139e-02
3.000000000000000062e-03
2.500000000000000052e-03
4.000000000000000192e-04
1.399999999999999986e-03
3.100000000000000325e-03
8.000000000000000383e-04
3.000000000000000279e-04
2.799999999999999972e-03
2.900000000000000234e-03
7.000000000000000146e-03
1.899999999999999996e-03
1.549999999999999989e-02
4.599999999999999922e-03
1.580000000000000154e-02
2.000000000000000096e-04
1.060000000000000005e-02
8.000000000000000383e-04
2.900000000000000234e-03
2.799999999999999972e-03
1.560000000000000102e-02
5.599999999999999943e-03
2.100000000000000304e-03
1.089999999999999997e-02
7.700000000000000247e-03
2.000000000000000096e-04
1.300000000000000157e-03
6.000000000000000559e-04
1.490000000000000005e-02
2.200000000000000133e-03
6.800000000000000488e-03
5.000000000000000104e-04
6.700000000000000226e-03
1.899999999999999996e-03
1.000000000000000021e-03
1.010000000000000134e-02
4.000000000000000192e-04
3.000000000000000279e-04
9.000000000000000838e-04
2.000000000000000042e-03
7.700000000000000247e-03
2.000000000000000096e-04
8.000000000000000383e-04
1.000000000000000048e-04
1.609999999999999973e-02
5.000000000000000104e-04
1.430000000000000021e-02
1.000000000000000048e-04
3.450000000000000289e-02
3.000000000000000279e-04
4.000000000000000083e-03
1.000000000000000048e-04
1.870000000000000134e-02
1.100000000000000066e-03
2.080000000000000251e-02
1.300000000000000157e-03
4.000000000000000083e-03
1.600000000000000077e-03
1.100000000000000066e-03
7.000000000000000146e-03
1.050000000000000065e-02
3.799999999999999992e-03
1.100000000000000066e-03
2.400000000000000223e-03
4.910000000000000475e-02
9.000000000000000838e-04
8.000000000000000383e-04
3.000000000000000279e-04
1.200000000000000112e-03
6.999999999999999929e-04
2.700000000000000143e-03
1.000000000000000021e-03
4.700000000000000185e-03
7.800000000000000509e-03
1.200000000000000112e-03
9.100000000000000450e-03
1.380000000000000150e-02
2.000000000000000096e-04
3.000000000000000279e-04
5.000000000000000104e-04
2.009999999999999981e-02
3.000000000000000279e-04
8.500000000000000611e-03
2.200000000000000133e-03
3.700000000000000164e-03
6.999999999999999929e-04
2.000000000000000096e-04
6.000000000000000559e-04
1.750000000000000167e-02
2.000000000000000096e-04
2.100000000000000304e-03
2.299999999999999961e-03
5.300000000000000024e-03
6.999999999999999929e-04
2.670000000000000151e-02
8.000000000000000383e-04
3.620000000000000301e-02
3.500000000000000073e-03
1.360000000000000098e-02
2.600000000000000314e-03
6.100000000000000387e-03
1.700000000000000122e-03
1.119999999999999989e-02
4.000000000000000192e-04
6.000000000000000559e-04
6.999999999999999929e-04
5.050000000000000322e-02
1.700000000000000122e-02
1.080000000000000057e-02
9.000000000000000838e-04
9.400000000000000369e-03
2.000000000000000096e-04
1.080000000000000057e-02
6.999999999999999929e-04
1.004000000000000031e-01
1.000000000000000048e-04
1.210000000000000138e-02
5.000000000000000104e-04
3.530000000000000498e-02
5.460000000000000270e-02
3.000000000000000279e-04
2.000000000000000096e-04
4.000000000000000192e-04
5.100000000000000366e-03
3.200000000000000153e-03
3.299999999999999982e-03
2.000000000000000096e-04
5.000000000000000104e-04
5.000000000000000104e-04
3.000000000000000279e-04
9.000000000000000838e-04
3.200000000000000153e-03
2.000000000000000096e-04
6.000000000000000559e-04
6.999999999999999929e-04
1.779999999999999985e-02
2.000000000000000096e-04
1.360000000000000098e-02
2.000000000000000096e-04
1.000000000000000048e-04
4.860000000000000431e-02
3.000000000000000279e-04
2.869999999999999982e-02
2.000000000000000096e-04
4.000000000000000192e-04
2.000000000000000096e-04
1.630000000000000199e-02
6.200000000000000649e-03
8.800000000000000530e-03
2.000000000000000042e-03
2.980000000000000010e-02
1.000000000000000048e-04
1.530000000000000110e-02
2.500000000000000052e-03
6.200000000000000649e-03
6.300000000000000044e-03
1.280000000000000061e-02
6.900000000000000751e-03
3.100000000000000325e-03
5.200000000000000629e-03
8.000000000000000383e-04
3.000000000000000279e-04
6.410000000000000420e-02
1.300000000000000157e-03
2.630000000000000046e-02
9.000000000000000838e-04
3.299999999999999982e-03
8.000000000000000383e-04
3.000000000000000279e-04
9.499999999999999764e-03
2.720000000000000195e-02
6.800000000000000488e-03
3.500000000000000073e-03
7.700000000000000247e-03
1.000000000000000048e-04
2.600000000000000314e-03
2.299999999999999961e-03
3.000000000000000279e-04
2.900000000000000234e-03
5.200000000000000629e-03
4.000000000000000192e-04
4.599999999999999922e-03
2.880000000000000268e-02
1.500000000000000031e-03
1.000000000000000048e-04
3.799999999999999992e-03
4.000000000000000083e-03
6.999999999999999929e-04
8.500000000000000611e-03
6.999999999999999929e-04
4.500000000000000527e-03
1.500000000000000031e-03
1.340000000000000045e-02
3.900000000000000255e-03
1.600000000000000077e-03
1.910000000000000239e-02
2.700000000000000143e-03
3.000000000000000279e-04
7.700000000000000247e-03
2.000000000000000096e-04
6.300000000000000044e-03
5.400000000000000286e-03
6.999999999999999929e-04
6.000000000000000559e-04
1.100000000000000066e-03
1.899999999999999996e-03
1.800000000000000211e-02
4.000000000000000192e-04
9.000000000000000838e-04
1.000000000000000021e-03
6.100000000000000387e-03
1.800000000000000168e-03
1.300000000000000157e-03
4.000000000000000192e-04
2.970000000000000070e-02
3.900000000000000255e-03
7.900000000000000772e-03
1.399999999999999986e-03
8.500000000000000611e-03
4.300000000000000003e-03
2.700000000000000143e-03
9.000000000000000838e-04
1.680000000000000243e-02
8.700000000000001135e-03
1.460000000000000013e-02
6.000000000000000559e-04
2.450000000000000094e-02
4.100000000000000346e-03
1.750000000000000167e-02
1.000000000000000021e-03
6.950000000000000622e-02
6.000000000000000559e-04
1.600000000000000033e-02
9.000000000000000838e-04
3.000000000000000279e-04
9.900000000000000813e-03
2.200000000000000133e-03
3.000000000000000279e-04
4.080000000000000293e-02
2.000000000000000096e-04
1.899999999999999996e-03
3.700000000000000164e-03
6.100000000000000387e-03
5.400000000000000286e-03
3.540000000000000091e-02
1.200000000000000112e-03
1.510000000000000057e-02
5.500000000000000548e-03
5.400000000000000286e-03
2.200000000000000133e-03
1.779999999999999985e-02
1.600000000000000077e-03
3.150000000000000022e-02
2.000000000000000096e-04
8.899999999999999925e-03
2.000000000000000096e-04
1.669999999999999957e-02
1.200000000000000112e-03
5.400000000000000286e-03
1.000000000000000048e-04
7.100000000000000408e-03
9.000000000000000838e-04
1.050000000000000065e-02
6.000000000000000125e-03
2.900000000000000234e-03
3.500000000000000073e-03
1.070000000000000118e-02
9.000000000000000838e-04
2.000000000000000096e-04
4.000000000000000192e-04
2.200000000000000133e-03
5.000000000000000104e-04
1.600000000000000033e-02
2.700000000000000143e-03
4.429999999999999910e-02
1.100000000000000066e-03
3.000000000000000279e-04
5.000000000000000104e-04
1.100000000000000066e-03
6.000000000000000559e-04
1.750000000000000167e-02
3.000000000000000279e-04
3.400000000000000244e-03
5.000000000000000104e-04
8.300000000000000086e-03
2.000000000000000096e-04
1.220000000000000077e-02
6.999999999999999929e-04
4.700000000000000185e-03
2.000000000000000096e-04
2.299999999999999961e-03
5.000000000000000104e-04
9.000000000000000838e-04
8.000000000000000383e-04
1.990000000000000102e-02
5.000000000000000104e-04
4.000000000000000192e-04
6.999999999999999929e-04
9.600000000000000894e-03
3.000000000000000279e-04
2.799999999999999972e-03
1.899999999999999996e-03
2.100000000000000130e-02
4.000000000000000192e-04
1.000000000000000021e-02
2.000000000000000096e-04
6.300000000000000044e-03
1.000000000000000048e-04
8.640000000000000457e-02
1.000000000000000048e-04
4.080000000000000293e-02
5.000000000000000104e-04
8.099999999999999561e-03
2.000000000000000096e-04
5.200000000000000629e-03
2.000000000000000096e-04
2.850000000000000103e-02
2.000000000000000096e-04
2.189999999999999933e-02
2.000000000000000096e-04
3.799999999999999992e-03
4.000000000000000192e-04
1.380000000000000150e-02
1.399999999999999986e-03
3.320000000000000034e-02
1.000000000000000048e-04
2.950000000000000192e-02
1.500000000000000031e-03
2.160000000000000114e-02
4.400000000000000265e-03
2.500000000000000139e-02
3.000000000000000062e-03
2.500000000000000052e-03
4.000000000000000192e-04
1.300000000000000157e-03
3.200000000000000153e-03
8.000000000000000383e-04
3.000000000000000279e-04
2.799999999999999972e-03
2.900000000000000234e-03
7.000000000000000146e-03
1.899999999999999996e-03
1.549999999999999989e-02
4.599999999999999922e-03
1.580000000000000154e-02
2.000000000000000096e-04
1.060000000000000005e-02
8.000000000000000383e-04
2.900000000000000234e-03
2.799999999999999972e-03
1.560000000000000102e-02
5.599999999999999943e-03
2.100000000000000304e-03
1.089999999999999997e-02
7.700000000000000247e-03
2.000000000000000096e-04
1.200000000000000112e-03
6.999999999999999929e-04
1.490000000000000005e-02
2.200000000000000133e-03
6.800000000000000488e-03
5.000000000000000104e-04
6.700000000000000226e-03
1.899999999999999996e-03
1.000000000000000021e-03
1.010000000000000134e-02
4.000000000000000192e-04
3.000000000000000279e-04
9.000000000000000838e-04
1.899999999999999996e-03
7.800000000000000509e-03
2.000000000000000096e-04
8.000000000000000383e-04
1.000000000000000048e-04
1.600000000000000033e-02
6.000000000000000559e-04
1.430000000000000021e-02
1.000000000000000048e-04
3.450000000000000289e-02
3.000000000000000279e-04
4.000000000000000083e-03
1.000000000000000048e-04
1.870000000000000134e-02
1.100000000000000066e-03
2.080000000000000251e-02
1.300000000000000157e-03
4.000000000000000083e-03
1.600000000000000077e-03
1.100000000000000066e-03
7.000000000000000146e-03
1.050000000000000065e-02
3.799999999999999992e-03
1.100000000000000066e-03
2.400000000000000223e-03
4.910000000000000475e-02
9.000000000000000838e-04
8.000000000000000383e-04
2.000000000000000096e-04
1.300000000000000157e-03
6.999999999999999929e-04
2.700000000000000143e-03
1.000000000000000021e-03
4.700000000000000185e-03
7.800000000000000509e-03
1.200000000000000112e-03
9.100000000000000450e-03
1.380000000000000150e-02
2.000000000000000096e-04
3.000000000000000279e-04
5.000000000000000104e-04
2.000000000000000042e-02
3.000000000000000279e-04
8.600000000000000006e-03
2.200000000000000133e-03
3.600000000000000335e-03
8.000000000000000383e-04
2.000000000000000096e-04
6.000000000000000559e-04
1.750000000000000167e-02
1.000000000000000048e-04
2.200000000000000133e-03
2.299999999999999961e-03
5.300000000000000024e-03
6.000000000000000559e-04
2.680000000000000090e-02
8.000000000000000383e-04
3.620000000000000301e-02
3.500000000000000073e-03
1.360000000000000098e-02
2.600000000000000314e-03
6.000000000000000125e-03
1.800000000000000168e-03
1.119999999999999989e-02
4.000000000000000192e-04
6.000000000000000559e-04
6.000000000000000559e-04
5.059999999999999915e-02
1.700000000000000122e-02
1.080000000000000057e-02
9.000000000000000838e-04
9.400000000000000369e-03
1.000000000000000048e-04
1.089999999999999997e-02
6.000000000000000559e-04
1.004000000000000031e-01
2.000000000000000096e-04
1.210000000000000138e-02
5.000000000000000104e-04
3.530000000000000498e-02
5.460000000000000270e-02
2.000000000000000096e-04
3.000000000000000279e-04
4.000000000000000192e-04
5.100000000000000366e-03
3.200000000000000153e-03
3.299999999999999982e-03
2.000000000000000096e-04
5.000000000000000104e-04
5.000000000000000104e-04
3.000000000000000279e-04
9.000000000000000838e-04
3.200000000000000153e-03
2.000000000000000096e-04
6.000000000000000559e-04
6.999999999999999929e-04
1.779999999999999985e-02
2.000000000000000096e-04
1.360000000000000098e-02
2.000000000000000096e-04
1.000000000000000048e-04
4.860000000000000431e-02
3.000000000000000279e-04
2.869999999999999982e-02
2.000000000000000096e-04
4.000000000000000192e-04
2.000000000000000096e-04
1.619999999999999912e-02
6.300000000000000044e-03
8.800000000000000530e-03
2.000000000000000042e-03
2.980000000000000010e-02
1.000000000000000048e-04
1.530000000000000110e-02
2.500000000000000052e-03
6.200000000000000649e-03
6.300000000000000044e-03
1.280000000000000061e-02
6.900000000000000751e-03
3.100000000000000325e-03
5.200000000000000629e-03
8.000000000000000383e-04
3.000000000000000279e-04
6.410000000000000420e-02
1.300000000000000157e-03
2.630000000000000046e-02
9.000000000000000838e-04
3.299999999999999982e-03
8.000000000000000383e-04
3.000000000000000279e-04
9.499999999999999764e-03
2.720000000000000195e-02
6.800000000000000488e-03
3.400000000000000244e-03
7.800000000000000509e-03
1.000000000000000048e-04
2.600000000000000314e-03
2.299999999999999961e-03
3.000000000000000279e-04
2.900000000000000234e-03
5.100000000000000366e-03
5.000000000000000104e-04
4.599999999999999922e-03
2.880000000000000268e-02
1.500000000000000031e-03
1.000000000000000048e-04
3.799999999999999992e-03
3.900000000000000255e-03
8.000000000000000383e-04
8.500000000000000611e-03
6.999999999999999929e-04
4.500000000000000527e-03
1.500000000000000031e-03
1.340000000000000045e-02
3.900000000000000255e-03
1.600000000000000077e-03
1.899999999999999953e-02
2.799999999999999972e-03
3.000000000000000279e-04
7.700000000000000247e-03
1.000000000000000048e-04
6.400000000000000307e-03
5.400000000000000286e-03
6.999999999999999929e-04
6.000000000000000559e-04
1.100000000000000066e-03
1.899999999999999996e-03
1.789999999999999925e-02
5.000000000000000104e-04
9.000000000000000838e-04
1.000000000000000021e-03
6.000000000000000125e-03
1.899999999999999996e-03
1.300000000000000157e-03
4.000000000000000192e-04
2.970000000000000070e-02
3.900000000000000255e-03
7.900000000000000772e-03
1.399999999999999986e-03
8.500000000000000611e-03
4.300000000000000003e-03
2.700000000000000143e-03
9.000000000000000838e-04
1.680000000000000243e-02
8.700000000000001135e-03
1.460000000000000013e-02
6.000000000000000559e-04
2.450000000000000094e-02
4.100000000000000346e-03
1.750000000000000167e-02
1.000000000000000021e-03
6.950000000000000622e-02
6.000000000000000559e-04
1.590000000000000094e-02
9.000000000000000838e-04
4.000000000000000192e-04
9.900000000000000813e-03
2.200000000000000133e-03
3.000000000000000279e-04
4.080000000000000293e-02
2.000000000000000096e-04
1.899999999999999996e-03
3.700000000000000164e-03
6.100000000000000387e-03
5.400000000000000286e-03
3.540000000000000091e-02
1.200000000000000112e-03
1.510000000000000057e-02
5.500000000000000548e-03
5.400000000000000286e-03
2.200000000000000133e-03
1.779999999999999985e-02
1.600000000000000077e-03
3.150000000000000022e-02
2.000000000000000096e-04
8.899999999999999925e-03
2.000000000000000096e-04
1.669999999999999957e-02
1.200000000000000112e-03
5.300000000000000024e-03
2.000000000000000096e-04
7.100000000000000408e-03
8.000000000000000383e-04
1.060000000000000005e-02
6.000000000000000125e-03
2.900000000000000234e-03
3.500000000000000073e-03
1.070000000000000118e-02
9.000000000000000838e-04
2.000000000000000096e-04
4.000000000000000192e-04
2.200000000000000133e-03
5.000000000000000104e-04
1.600000000000000033e-02
2.600000000000000314e-03
4.440000000000000197e-02
1.000000000000000021e-03
4.000000000000000192e-04
5.000000000000000104e-04
1.100000000000000066e-03
6.000000000000000559e-04
1.750000000000000167e-02
2.000000000000000096e-04
3.500000000000000073e-03
5.000000000000000104e-04
8.300000000000000086e-03
2.000000000000000096e-04
1.220000000000000077e-02
6.999999999999999929e-04
4.700000000000000185e-03
1.000000000000000048e-04
2.400000000000000223e-03
5.000000000000000104e-04
9.000000000000000838e-04
6.999999999999999929e-04
2.000000000000000042e-02
5.000000000000000104e-04
3.000000000000000279e-04
8.000000000000000383e-04
9.600000000000000894e-03
3.000000000000000279e-04
2.799999999999999972e-03
1.899999999999999996e-03
2.100000000000000130e-02
4.000000000000000192e-04
1.000000000000000021e-02
2.000000000000000096e-04
6.300000000000000044e-03
1.000000000000000048e-04
8.640000000000000457e-02
1.000000000000000048e-04
4.080000000000000293e-02
5.000000000000000104e-04
8.099999999999999561e-03
2.000000000000000096e-04
5.200000000000000629e-03
1.000000000000000048e-04
2.860000000000000042e-02
2.000000000000000096e-04
2.189999999999999933e-02
2.000000000000000096e-04
3.799999999999999992e-03
4.000000000000000192e-04
1.380000000000000150e-02
1.399999999999999986e-03
3.310000000000000442e-02
2.000000000000000096e-04
2.950000000000000192e-02
1.500000000000000031e-03
2.160000000000000114e-02
4.400000000000000265e-03
2.490000000000000199e-02
3.100000000000000325e-03
2.500000000000000052e-03
4.000000000000000192e-04
1.300000000000000157e-03
3.200000000000000153e-03
8.000000000000000383e-04
3.000000000000000279e-04
2.799999999999999972e-03
2.900000000000000234e-03
7.000000000000000146e-03
1.899999999999999996e-03
1.549999999999999989e-02
4.599999999999999922e-03
1.580000000000000154e-02
2.000000000000000096e-04
1.050000000000000065e-02
9.000000000000000838e-04
2.799999999999999972e-03
2.900000000000000234e-03
1.560000000000000102e-02
5.599999999999999943e-03
2.100000000000000304e-03
1.089999999999999997e-02
7.599999999999999985e-03
3.000000000000000279e-04
1.200000000000000112e-03
6.999999999999999929e-04
1.490000000000000005e-02
2.200000000000000133e-03
6.800000000000000488e-03
5.000000000000000104e-04
6.700000000000000226e-03
1.899999999999999996e-03
1.000000000000000021e-03
1.000000000000000021e-02
5.000000000000000104e-04
3.000000000000000279e-04
8.000000000000000383e-04
2.000000000000000042e-03
7.700000000000000247e-03
3.000000000000000279e-04
8.000000000000000383e-04
1.000000000000000048e-04
1.600000000000000033e-02
6.000000000000000559e-04
1.430000000000000021e-02
1.000000000000000048e-04
3.450000000000000289e-02
3.000000000000000279e-04
4.000000000000000083e-03
1.000000000000000048e-04
1.870000000000000134e-02
1.000000000000000021e-03
2.090000000000000191e-02
1.300000000000000157e-03
4.000000000000000083e-03
1.600000000000000077e-03
1.100000000000000066e-03
7.000000000000000146e-03
1.050000000000000065e-02
3.799999999999999992e-03
1.100000000000000066e-03
2.299999999999999961e-03
3.620000000000000301e-02
1.000000000000000048e-04
1.290000000000000001e-02
9.000000000000000838e-04
8.000000000000000383e-04
2.000000000000000096e-04
1.300000000000000157e-03
6.999999999999999929e-04
2.700000000000000143e-03
9.000000000000000838e-04
4.800000000000000447e-03
7.800000000000000509e-03
1.200000000000000112e-03
9.100000000000000450e-03
1.380000000000000150e-02
2.000000000000000096e-04
3.000000000000000279e-04
5.000000000000000104e-04
2.000000000000000042e-02
3.000000000000000279e-04
8.600000000000000006e-03
2.200000000000000133e-03
3.600000000000000335e-03
6.999999999999999929e-04
3.000000000000000279e-04
6.000000000000000559e-04
1.750000000000000167e-02
1.000000000000000048e-04
2.200000000000000133e-03
2.299999999999999961e-03
5.200000000000000629e-03
6.999999999999999929e-04
2.680000000000000090e-02
8.000000000000000383e-04
3.620000000000000301e-02
3.500000000000000073e-03
1.360000000000000098e-02
2.600000000000000314e-03
6.000000000000000125e-03
1.800000000000000168e-03
1.119999999999999989e-02
4.000000000000000192e-04
6.000000000000000559e-04
6.000000000000000559e-04
5.059999999999999915e-02
1.700000000000000122e-02
1.080000000000000057e-02
9.000000000000000838e-04
9.300000000000000974e-03
2.000000000000000096e-04
1.089999999999999997e-02
6.000000000000000559e-04
1.004000000000000031e-01
2.000000000000000096e-04
1.200000000000000025e-02
6.000000000000000559e-04
3.530000000000000498e-02
5.460000000000000270e-02
2.000000000000000096e-04
3.000000000000000279e-04
4.000000000000000192e-04
5.100000000000000366e-03
3.100000000000000325e-03
3.299999999999999982e-03
3.000000000000000279e-04
5.000000000000000104e-04
5.000000000000000104e-04
3.000000000000000279e-04
8.000000000000000383e-04
3.299999999999999982e-03
2.000000000000000096e-04
5.000000000000000104e-04
8.000000000000000383e-04
1.779999999999999985e-02
2.000000000000000096e-04
1.360000000000000098e-02
2.000000000000000096e-04
1.000000000000000048e-04
4.860000000000000431e-02
3.000000000000000279e-04
2.869999999999999982e-02
2.000000000000000096e-04
4.000000000000000192e-04
1.000000000000000048e-04
1.630000000000000199e-02
6.300000000000000044e-03
8.800000000000000530e-03
2.000000000000000042e-03
2.980000000000000010e-02
1.000000000000000048e-04
1.530000000000000110e-02
2.500000000000000052e-03
6.200000000000000649e-03
6.300000000000000044e-03
1.280000000000000061e-02
6.900000000000000751e-03
3.100000000000000325e-03
5.200000000000000629e-03
8.000000000000000383e-04
3.000000000000000279e-04
6.410000000000000420e-02
1.300000000000000157e-03
2.620000000000000107e-02
1.000000000000000021e-03
3.299999999999999982e-03
8.000000000000000383e-04
3.000000000000000279e-04
9.499999999999999764e-03
2.720000000000000195e-02
6.800000000000000488e-03
3.400000000000000244e-03
1.050000000000000065e-02
2.299999999999999961e-03
3.000000000000000279e-04
2.900000000000000234e-03
5.100000000000000366e-03
5.000000000000000104e-04
4.599999999999999922e-03
2.880000000000000268e-02
1.500000000000000031e-03
1.000000000000000048e-04
3.799999999999999992e-03
3.900000000000000255e-03
8.000000000000000383e-04
8.500000000000000611e-03
6.999999999999999929e-04
4.500000000000000527e-03
1.500000000000000031e-03
1.340000000000000045e-02
3.900000000000000255e-03
1.500000000000000031e-03
1.910000000000000239e-02
2.799999999999999972e-03
3.000000000000000279e-04
7.700000000000000247e-03
1.000000000000000048e-04
6.400000000000000307e-03
5.400000000000000286e-03
6.999999999999999929e-04
6.000000000000000559e-04
1.100000000000000066e-03
1.899999999999999996e-03
1.789999999999999925e-02
5.000000000000000104e-04
9.000000000000000838e-04
1.000000000000000021e-03
6.000000000000000125e-03
1.899999999999999996e-03
1.300000000000000157e-03
4.000000000000000192e-04
2.970000000000000070e-02
3.900000000000000255e-03
7.900000000000000772e-03
1.399999999999999986e-03
8.500000000000000611e-03
4.300000000000000003e-03
2.700000000000000143e-03
9.000000000000000838e-04
1.669999999999999957e-02
8.800000000000000530e-03
1.460000000000000013e-02
5.000000000000000104e-04
2.460000000000000034e-02
4.100000000000000346e-03
1.750000000000000167e-02
1.000000000000000021e-03
6.940000000000000335e-02
6.999999999999999929e-04
1.590000000000000094e-02
9.000000000000000838e-04
4.000000000000000192e-04
9.900000000000000813e-03
2.200000000000000133e-03
3.000000000000000279e-04
4.080000000000000293e-02
2.000000000000000096e-04
1.899999999999999996e-03
3.700000000000000164e-03
6.100000000000000387e-03
5.400000000000000286e-03
3.540000000000000091e-02
1.200000000000000112e-03
1.510000000000000057e-02
5.500000000000000548e-03
5.400000000000000286e-03
2.200000000000000133e-03
1.779999999999999985e-02
1.600000000000000077e-03
3.150000000000000022e-02
2.000000000000000096e-04
8.899999999999999925e-03
2.000000000000000096e-04
1.669999999999999957e-02
1.200000000000000112e-03
5.300000000000000024e-03
2.000000000000000096e-04
7.100000000000000408e-03
8.000000000000000383e-04
1.060000000000000005e-02
5.899999999999999863e-03
3.000000000000000062e-03
3.500000000000000073e-03
1.070000000000000118e-02
9.000000000000000838e-04
2.000000000000000096e-04
4.000000000000000192e-04
2.200000000000000133e-03
5.000000000000000104e-04
1.600000000000000033e-02
2.600000000000000314e-03
4.440000000000000197e-02
1.000000000000000021e-03
4.000000000000000192e-04
5.000000000000000104e-04
1.100000000000000066e-03
6.000000000000000559e-04
1.750000000000000167e-02
2.000000000000000096e-04
3.500000000000000073e-03
5.000000000000000104e-04
8.300000000000000086e-03
2.000000000000000096e-04
1.210000000000000138e-02
8.000000000000000383e-04
4.700000000000000185e-03
1.000000000000000048e-04
2.400000000000000223e-03
4.000000000000000192e-04
1.000000000000000021e-03
6.999999999999999929e-04
2.000000000000000042e-02
4.000000000000000192e-04
4.000000000000000192e-04
8.000000000000000383e-04
9.600000000000000894e-03
3.000000000000000279e-04
2.799999999999999972e-03
1.899999999999999996e-03
2.100000000000000130e-02
3.000000000000000279e-04
1.010000000000000134e-02
2.000000000000000096e-04
9.280000000000000748e-02
1.000000000000000048e-04
4.080000000000000293e-02
5.000000000000000104e-04
8.099999999999999561e-03
2.000000000000000096e-04
5.200000000000000629e-03
1.000000000000000048e-04
2.860000000000000042e-02
2.000000000000000096e-04
2.189999999999999933e-02
1.000000000000000048e-04
3.900000000000000255e-03
4.000000000000000192e-04
1.370000000000000037e-02
1.500000000000000031e-03
3.310000000000000442e-02
2.000000000000000096e-04
2.950000000000000192e-02
1.500000000000000031e-03
2.160000000000000114e-02
4.400000000000000265e-03
2.490000000000000199e-02
3.100000000000000325e-03
2.500000000000000052e-03
3.000000000000000279e-04
1.399999999999999986e-03
3.100000000000000325e-03
9.000000000000000838e-04
3.000000000000000279e-04
2.799999999999999972e-03
2.900000000000000234e-03
7.000000000000000146e-03
1.899999999999999996e-03
1.549999999999999989e-02
4.500000000000000527e-03
1.590000000000000094e-02
2.000000000000000096e-04
1.050000000000000065e-02
9.000000000000000838e-04
2.799999999999999972e-03
2.900000000000000234e-03
1.560000000000000102e-02
5.599999999999999943e-03
2.000000000000000042e-03
1.100000000000000110e-02
7.599999999999999985e-03
3.000000000000000279e-04
1.200000000000000112e-03
6.999999999999999929e-04
1.490000000000000005e-02
2.200000000000000133e-03
6.800000000000000488e-03
5.000000000000000104e-04
6.700000000000000226e-03
1.899999999999999996e-03
1.000000000000000021e-03
1.000000000000000021e-02
5.000000000000000104e-04
3.000000000000000279e-04
8.000000000000000383e-04
2.000000000000000042e-03
7.700000000000000247e-03
3.000000000000000279e-04
8.000000000000000383e-04
1.000000000000000048e-04
1.600000000000000033e-02
6.000000000000000559e-04
1.430000000000000021e-02
1.000000000000000048e-04
3.450000000000000289e-02
3.000000000000000279e-04
4.000000000000000083e-03
1.000000000000000048e-04
1.870000000000000134e-02
1.000000000000000021e-03
2.090000000000000191e-02
1.300000000000000157e-03
3.900000000000000255e-03
1.700000000000000122e-03
1.100000000000000066e-03
7.000000000000000146e-03
1.050000000000000065e-02
3.799999999999999992e-03
1.100000000000000066e-03
2.299999999999999961e-03
3.620000000000000301e-02
1.000000000000000048e-04
1.290000000000000001e-02
9.000000000000000838e-04
8.000000000000000383e-04
2.000000000000000096e-04
1.300000000000000157e-03
6.999999999999999929e-04
2.700000000000000143e-03
9.000000000000000838e-04
4.800000000000000447e-03
7.800000000000000509e-03
1.200000000000000112e-03
9.100000000000000450e-03
1.380000000000000150e-02
2.000000000000000096e-04
3.000000000000000279e-04
5.000000000000000104e-04
2.000000000000000042e-02
3.000000000000000279e-04
8.600000000000000006e-03
2.200000000000000133e-03
3.600000000000000335e-03
6.999999999999999929e-04
2.000000000000000096e-04
6.999999999999999929e-04
1.750000000000000167e-02
1.000000000000000048e-04
2.200000000000000133e-03
2.299999999999999961e-03
5.200000000000000629e-03
6.999999999999999929e-04
2.680000000000000090e-02
8.000000000000000383e-04
3.620000000000000301e-02
3.500000000000000073e-03
1.360000000000000098e-02
2.600000000000000314e-03
6.000000000000000125e-03
1.800000000000000168e-03
1.119999999999999989e-02
4.000000000000000192e-04
6.000000000000000559e-04
6.000000000000000559e-04
5.059999999999999915e-02
1.700000000000000122e-02
1.080000000000000057e-02
9.000000000000000838e-04
9.300000000000000974e-03
2.000000000000000096e-04
1.089999999999999997e-02
6.000000000000000559e-04
1.004000000000000031e-01
2.000000000000000096e-04
1.200000000000000025e-02
6.000000000000000559e-04
3.530000000000000498e-02
5.449999999999999983e-02
3.000000000000000279e-04
3.000000000000000279e-04
4.000000000000000192e-04
5.100000000000000366e-03
3.100000000000000325e-03
3.299999999999999982e-03
3.000000000000000279e-04
5.000000000000000104e-04
5.000000000000000104e-04
3.000000000000000279e-04
8.000000000000000383e-04
3.299999999999999982e-03
2.000000000000000096e-04
5.000000000000000104e-04
8.000000000000000383e-04
1.779999999999999985e-02
1.000000000000000048e-04
1.370000000000000037e-02
2.000000000000000096e-04
1.000000000000000048e-04
4.860000000000000431e-02
2.000000000000000096e-04
2.880000000000000268e-02
2.000000000000000096e-04
4.000000000000000192e-04
1.000000000000000048e-04
1.630000000000000199e-02
6.300000000000000044e-03
8.800000000000000530e-03
2.000000000000000042e-03
2.980000000000000010e-02
1.000000000000000048e-04
1.530000000000000110e-02
2.500000000000000052e-03
6.200000000000000649e-03
6.300000000000000044e-03
1.280000000000000061e-02
6.900000000000000751e-03
3.000000000000000062e-03
5.300000000000000024e-03
8.000000000000000383e-04
3.000000000000000279e-04
6.410000000000000420e-02
1.300000000000000157e-03
2.620000000000000107e-02
1.000000000000000021e-03
3.299999999999999982e-03
8.000000000000000383e-04
3.000000000000000279e-04
9.499999999999999764e-03
2.720000000000000195e-02
6.800000000000000488e-03
3.400000000000000244e-03
1.050000000000000065e-02
2.299999999999999961e-03
3.000000000000000279e-04
2.900000000000000234e-03
5.100000000000000366e-03
5.000000000000000104e-04
4.599999999999999922e-03
2.880000000000000268e-02
1.500000000000000031e-03
1.000000000000000048e-04
3.799999999999999992e-03
3.900000000000000255e-03
8.000000000000000383e-04
8.500000000000000611e-03
6.999999999999999929e-04
4.500000000000000527e-03
1.500000000000000031e-03
1.340000000000000045e-02
3.900000000000000255e-03
1.500000000000000031e-03
1.910000000000000239e-02
2.799999999999999972e-03
3.000000000000000279e-04
7.700000000000000247e-03
1.000000000000000048e-04
6.400000000000000307e-03
5.400000000000000286e-03
6.999999999999999929e-04
6.000000000000000559e-04
1.100000000000000066e-03
1.899999999999999996e-03
1.789999999999999925e-02
5.000000000000000104e-04
9.000000000000000838e-04
1.000000000000000021e-03
6.000000000000000125e-03
1.899999999999999996e-03
1.300000000000000157e-03
4.000000000000000192e-04
2.970000000000000070e-02
3.900000000000000255e-03
7.900000000000000772e-03
1.300000000000000157e-03
8.600000000000000006e-03
4.300000000000000003e-03
2.600000000000000314e-03
1.000000000000000021e-03
1.669999999999999957e-02
8.800000000000000530e-03
1.460000000000000013e-02
5.000000000000000104e-04
2.460000000000000034e-02
4.100000000000000346e-03
1.750000000000000167e-02
1.000000000000000021e-03
6.940000000000000335e-02
6.999999999999999929e-04
1.590000000000000094e-02
9.000000000000000838e-04
4.000000000000000192e-04
9.799999999999999684e-03
2.299999999999999961e-03
3.000000000000000279e-04
4.080000000000000293e-02
2.000000000000000096e-04
1.899999999999999996e-03
3.700000000000000164e-03
6.100000000000000387e-03
5.400000000000000286e-03
3.540000000000000091e-02
1.200000000000000112e-03
1.510000000000000057e-02
5.500000000000000548e-03
5.400000000000000286e-03
2.100000000000000304e-03
1.789999999999999925e-02
1.600000000000000077e-03
3.150000000000000022e-02
1.000000000000000048e-04
9.000000000000001055e-03
1.000000000000000048e-04
1.680000000000000243e-02
1.200000000000000112e-03
5.300000000000000024e-03
2.000000000000000096e-04
7.100000000000000408e-03
8.000000000000000383e-04
1.060000000000000005e-02
5.899999999999999863e-03
3.000000000000000062e-03
3.500000000000000073e-03
1.070000000000000118e-02
9.000000000000000838e-04
2.000000000000000096e-04
4.000000000000000192e-04
2.200000000000000133e-03
5.000000000000000104e-04
1.600000000000000033e-02
2.600000000000000314e-03
4.440000000000000197e-02
1.000000000000000021e-03
4.000000000000000192e-04
5.000000000000000104e-04
1.100000000000000066e-03
6.000000000000000559e-04
1.750000000000000167e-02
2.000000000000000096e-04
3.500000000000000073e-03
5.000000000000000104e-04
8.300000000000000086e-03
2.000000000000000096e-04
1.210000000000000138e-02
8.000000000000000383e-04
4.599999999999999922e-03
2.000000000000000096e-04
2.400000000000000223e-03
4.000000000000000192e-04
1.000000000000000021e-03
6.999999999999999929e-04
2.000000000000000042e-02
4.000000000000000192e-04
4.000000000000000192e-04
8.000000000000000383e-04
9.600000000000000894e-03
3.000000000000000279e-04
2.700000000000000143e-03
2.000000000000000042e-03
2.100000000000000130e-02
3.000000000000000279e-04
1.000000000000000021e-02
3.000000000000000279e-04
9.280000000000000748e-02
1.000000000000000048e-04
4.080000000000000293e-02
5.000000000000000104e-04
8.099999999999999561e-03
2.000000000000000096e-04
5.200000000000000629e-03
1.000000000000000048e-04
2.860000000000000042e-02
2.000000000000000096e-04
2.189999999999999933e-02
1.000000000000000048e-04
3.900000000000000255e-03
4.000000000000000192e-04
1.370000000000000037e-02
1.399999999999999986e-03
3.320000000000000034e-02
2.000000000000000096e-04
2.940000000000000252e-02
1.600000000000000077e-03
2.160000000000000114e-02
4.400000000000000265e-03
2.490000000000000199e-02
3.100000000000000325e-03
2.500000000000000052e-03
3.000000000000000279e-04
1.399999999999999986e-03
3.100000000000000325e-03
9.000000000000000838e-04
3.000000000000000279e-04
2.700000000000000143e-03
3.000000000000000062e-03
7.000000000000000146e-03
1.899999999999999996e-03
1.549999999999999989e-02
4.500000000000000527e-03
1.590000000000000094e-02
1.000000000000000048e-04
1.060000000000000005e-02
9.000000000000000838e-04
2.799999999999999972e-03
2.900000000000000234e-03
1.560000000000000102e-02
5.599999999999999943e-03
2.000000000000000042e-03
1.100000000000000110e-02
7.599999999999999985e-03
3.000000000000000279e-04
1.200000000000000112e-03
6.999999999999999929e-04
1.490000000000000005e-02
2.200000000000000133e-03
6.800000000000000488e-03
5.000000000000000104e-04
6.700000000000000226e-03
1.899999999999999996e-03
1.000000000000000021e-03
1.000000000000000021e-02
5.000000000000000104e-04
3.000000000000000279e-04
8.000000000000000383e-04
2.000000000000000042e-03
7.700000000000000247e-03
3.000000000000000279e-04
6.999999999999999929e-04
2.000000000000000096e-04
1.600000000000000033e-02
6.000000000000000559e-04
1.430000000000000021e-02
1.000000000000000048e-04
3.450000000000000289e-02
3.000000000000000279e-04
4.000000000000000083e-03
1.000000000000000048e-04
1.870000000000000134e-02
1.000000000000000021e-03
2.090000000000000191e-02
1.300000000000000157e-03
3.900000000000000255e-03
1.600000000000000077e-03
1.200000000000000112e-03
7.000000000000000146e-03
1.050000000000000065e-02
3.799999999999999992e-03
1.100000000000000066e-03
2.299999999999999961e-03
3.620000000000000301e-02
1.000000000000000048e-04
1.290000000000000001e-02
9.000000000000000838e-04
8.000000000000000383e-04
2.000000000000000096e-04
1.300000000000000157e-03
6.000000000000000559e-04
2.799999999999999972e-03
9.000000000000000838e-04
4.700000000000000185e-03
7.900000000000000772e-03
1.200000000000000112e-03
9.100000000000000450e-03
1.380000000000000150e-02
2.000000000000000096e-04
2.000000000000000096e-04
6.000000000000000559e-04
2.000000000000000042e-02
3.000000000000000279e-04
8.600000000000000006e-03
2.200000000000000133e-03
3.600000000000000335e-03
6.999999999999999929e-04
2.000000000000000096e-04
6.999999999999999929e-04
1.750000000000000167e-02
1.000000000000000048e-04
2.200000000000000133e-03
2.299999999999999961e-03
5.200000000000000629e-03
6.999999999999999929e-04
2.680000000000000090e-02
8.000000000000000383e-04
3.620000000000000301e-02
3.500000000000000073e-03
1.360000000000000098e-02
2.600000000000000314e-03
6.000000000000000125e-03
1.800000000000000168e-03
1.119999999999999989e-02
3.000000000000000279e-04
6.999999999999999929e-04
6.000000000000000559e-04
5.059999999999999915e-02
1.700000000000000122e-02
1.080000000000000057e-02
9.000000000000000838e-04
9.300000000000000974e-03
2.000000000000000096e-04
1.089999999999999997e-02
6.000000000000000559e-04
1.004000000000000031e-01
2.000000000000000096e-04
1.200000000000000025e-02
5.000000000000000104e-04
3.540000000000000091e-02
5.449999999999999983e-02
3.000000000000000279e-04
2.000000000000000096e-04
5.000000000000000104e-04
5.100000000000000366e-03
3.100000000000000325e-03
3.299999999999999982e-03
3.000000000000000279e-04
5.000000000000000104e-04
5.000000000000000104e-04
3.000000000000000279e-04
8.000000000000000383e-04
3.299999999999999982e-03
2.000000000000000096e-04
5.000000000000000104e-04
8.000000000000000383e-04
1.779999999999999985e-02
1.000000000000000048e-04
1.370000000000000037e-02
1.000000000000000048e-04
2.000000000000000096e-04
4.860000000000000431e-02
2.000000000000000096e-04
2.880000000000000268e-02
2.000000000000000096e-04
4.000000000000000192e-04
1.000000000000000048e-04
1.630000000000000199e-02
6.300000000000000044e-03
8.800000000000000530e-03
2.000000000000000042e-03
2.980000000000000010e-02
1.000000000000000048e-04
1.530000000000000110e-02
2.500000000000000052e-03
6.200000000000000649e-03
6.300000000000000044e-03
1.280000000000000061e-02
6.900000000000000751e-03
3.000000000000000062e-03
5.200000000000000629e-03
9.000000000000000838e-04
3.000000000000000279e-04
6.410000000000000420e-02
1.200000000000000112e-03
2.630000000000000046e-02
1.000000000000000021e-03
3.299999999999999982e-03
6.999999999999999929e-04
3.000000000000000279e-04
9.499999999999999764e-03
2.730000000000000135e-02
6.800000000000000488e-03
3.400000000000000244e-03
1.050000000000000065e-02
2.299999999999999961e-03
3.000000000000000279e-04
2.900000000000000234e-03
5.100000000000000366e-03
5.000000000000000104e-04
4.599999999999999922e-03
2.869999999999999982e-02
1.600000000000000077e-03
1.000000000000000048e-04
3.799999999999999992e-03
3.900000000000000255e-03
8.000000000000000383e-04
8.500000000000000611e-03
6.000000000000000559e-04
4.599999999999999922e-03
1.500000000000000031e-03
1.340000000000000045e-02
3.900000000000000255e-03
1.500000000000000031e-03
1.910000000000000239e-02
2.799999999999999972e-03
3.000000000000000279e-04
7.700000000000000247e-03
1.000000000000000048e-04
6.400000000000000307e-03
5.400000000000000286e-03
6.999999999999999929e-04
6.000000000000000559e-04
1.100000000000000066e-03
1.899999999999999996e-03
1.789999999999999925e-02
5.000000000000000104e-04
9.000000000000000838e-04
1.000000000000000021e-03
6.000000000000000125e-03
1.899999999999999996e-03
1.300000000000000157e-03
4.000000000000000192e-04
2.970000000000000070e-02
3.900000000000000255e-03
7.800000000000000509e-03
1.399999999999999986e-03
8.600000000000000006e-03
4.300000000000000003e-03
2.600000000000000314e-03
1.000000000000000021e-03
1.669999999999999957e-02
8.800000000000000530e-03
1.460000000000000013e-02
5.000000000000000104e-04
2.460000000000000034e-02
4.100000000000000346e-03
1.750000000000000167e-02
9.000000000000000838e-04
6.950000000000000622e-02
6.999999999999999929e-04
1.590000000000000094e-02
9.000000000000000838e-04
3.000000000000000279e-04
9.900000000000000813e-03
2.299999999999999961e-03
2.000000000000000096e-04
4.080000000000000293e-02
3.000000000000000279e-04
1.899999999999999996e-03
3.700000000000000164e-03
6.000000000000000125e-03
5.400000000000000286e-03
3.550000000000000377e-02
1.100000000000000066e-03
1.519999999999999997e-02
5.400000000000000286e-03
5.500000000000000548e-03
2.100000000000000304e-03
1.789999999999999925e-02
1.500000000000000031e-03
3.160000000000000309e-02
1.000000000000000048e-04
8.899999999999999925e-03
2.000000000000000096e-04
1.680000000000000243e-02
1.200000000000000112e-03
5.300000000000000024e-03
2.000000000000000096e-04
7.100000000000000408e-03
8.000000000000000383e-04
1.050000000000000065e-02
6.000000000000000125e-03
3.000000000000000062e-03
3.500000000000000073e-03
1.070000000000000118e-02
9.000000000000000838e-04
2.000000000000000096e-04
4.000000000000000192e-04
2.200000000000000133e-03
4.000000000000000192e-04
1.609999999999999973e-02
2.600000000000000314e-03
4.440000000000000197e-02
1.000000000000000021e-03
3.000000000000000279e-04
6.000000000000000559e-04
1.100000000000000066e-03
6.000000000000000559e-04
1.750000000000000167e-02
2.000000000000000096e-04
3.500000000000000073e-03
5.000000000000000104e-04
8.300000000000000086e-03
2.000000000000000096e-04
1.210000000000000138e-02
8.000000000000000383e-04
4.599999999999999922e-03
2.000000000000000096e-04
2.400000000000000223e-03
4.000000000000000192e-04
1.000000000000000021e-03
6.999999999999999929e-04
2.000000000000000042e-02
4.000000000000000192e-04
4.000000000000000192e-04
8.000000000000000383e-04
9.600000000000000894e-03
3.000000000000000279e-04
2.700000000000000143e-03
2.000000000000000042e-03
2.100000000000000130e-02
3.000000000000000279e-04
1.000000000000000021e-02
3.000000000000000279e-04
9.270000000000000462e-02
2.000000000000000096e-04
4.080000000000000293e-02
5.000000000000000104e-04
8.099999999999999561e-03
2.000000000000000096e-04
5.200000000000000629e-03
1.000000000000000048e-04
2.860000000000000042e-02
1.000000000000000048e-04
2.200000000000000219e-02
1.000000000000000048e-04
3.900000000000000255e-03
4.000000000000000192e-04
1.370000000000000037e-02
1.399999999999999986e-03
3.320000000000000034e-02
2.000000000000000096e-04
2.940000000000000252e-02
1.600000000000000077e-03
2.160000000000000114e-02
4.400000000000000265e-03
2.490000000000000199e-02
3.100000000000000325e-03
2.500000000000000052e-03
3.000000000000000279e-04
1.399999999999999986e-03
3.100000000000000325e-03
9.000000000000000838e-04
3.000000000000000279e-04
2.700000000000000143e-03
3.000000000000000062e-03
7.000000000000000146e-03
1.899999999999999996e-03
1.549999999999999989e-02
4.500000000000000527e-03
1.590000000000000094e-02
1.000000000000000048e-04
1.060000000000000005e-02
9.000000000000000838e-04
2.799999999999999972e-03
2.900000000000000234e-03
1.560000000000000102e-02
5.599999999999999943e-03
2.000000000000000042e-03
1.100000000000000110e-02
7.599999999999999985e-03
3.000000000000000279e-04
1.200000000000000112e-03
6.000000000000000559e-04
1.490000000000000005e-02
2.299999999999999961e-03
6.800000000000000488e-03
5.000000000000000104e-04
6.700000000000000226e-03
1.899999999999999996e-03
1.000000000000000021e-03
1.000000000000000021e-02
5.000000000000000104e-04
3.000000000000000279e-04
8.000000000000000383e-04
2.000000000000000042e-03
7.700000000000000247e-03
3.000000000000000279e-04
6.999999999999999929e-04
2.000000000000000096e-04
1.600000000000000033e-02
6.000000000000000559e-04
4.880000000000000310e-02
4.000000000000000192e-04
3.900000000000000255e-03
2.000000000000000096e-04
1.870000000000000134e-02
1.000000000000000021e-03
2.090000000000000191e-02
1.300000000000000157e-03
3.900000000000000255e-03
1.600000000000000077e-03
1.200000000000000112e-03
7.000000000000000146e-03
1.050000000000000065e-02
3.700000000000000164e-03
1.200000000000000112e-03
2.299999999999999961e-03
3.620000000000000301e-02
1.000000000000000048e-04
1.280000000000000061e-02
1.000000000000000021e-03
8.000000000000000383e-04
2.000000000000000096e-04
1.300000000000000157e-03
6.000000000000000559e-04
2.799999999999999972e-03
9.000000000000000838e-04
4.700000000000000185e-03
7.900000000000000772e-03
1.200000000000000112e-03
9.100000000000000450e-03
1.380000000000000150e-02
2.000000000000000096e-04
2.000000000000000096e-04
5.000000000000000104e-04
2.009999999999999981e-02
3.000000000000000279e-04
8.500000000000000611e-03
2.299999999999999961e-03
3.600000000000000335e-03
6.999999999999999929e-04
2.000000000000000096e-04
6.999999999999999929e-04
1.740000000000000227e-02
2.000000000000000096e-04
2.100000000000000304e-03
2.400000000000000223e-03
5.200000000000000629e-03
6.999999999999999929e-04
2.680000000000000090e-02
6.999999999999999929e-04
3.629999999999999893e-02
3.500000000000000073e-03
1.349999999999999985e-02
2.600000000000000314e-03
6.100000000000000387e-03
1.800000000000000168e-03
1.119999999999999989e-02
3.000000000000000279e-04
6.000000000000000559e-04
6.999999999999999929e-04
5.059999999999999915e-02
1.700000000000000122e-02
1.080000000000000057e-02
9.000000000000000838e-04
9.300000000000000974e-03
2.000000000000000096e-04
1.089999999999999997e-02
6.000000000000000559e-04
1.004000000000000031e-01
1.000000000000000048e-04
1.210000000000000138e-02
5.000000000000000104e-04
3.540000000000000091e-02
5.449999999999999983e-02
3.000000000000000279e-04
2.000000000000000096e-04
4.000000000000000192e-04
5.200000000000000629e-03
3.100000000000000325e-03
3.299999999999999982e-03
3.000000000000000279e-04
4.000000000000000192e-04
5.000000000000000104e-04
4.000000000000000192e-04
8.000000000000000383e-04
3.200000000000000153e-03
2.000000000000000096e-04
6.000000000000000559e-04
8.000000000000000383e-04
1.779999999999999985e-02
1.000000000000000048e-04
1.370000000000000037e-02
1.000000000000000048e-04
2.000000000000000096e-04
4.860000000000000431e-02
2.000000000000000096e-04
2.869999999999999982e-02
3.000000000000000279e-04
4.000000000000000192e-04
1.000000000000000048e-04
1.630000000000000199e-02
6.300000000000000044e-03
8.700000000000001135e-03
2.100000000000000304e-03
2.970000000000000070e-02
1.000000000000000048e-04
1.540000000000000049e-02
2.500000000000000052e-03
6.100000000000000387e-03
6.300000000000000044e-03
1.290000000000000001e-02
6.900000000000000751e-03
3.000000000000000062e-03
5.200000000000000629e-03
9.000000000000000838e-04
2.000000000000000096e-04
6.420000000000000706e-02
1.200000000000000112e-03
2.630000000000000046e-02
9.000000000000000838e-04
3.400000000000000244e-03
6.999999999999999929e-04
3.000000000000000279e-04
9.499999999999999764e-03
2.730000000000000135e-02
6.800000000000000488e-03
3.400000000000000244e-03
7.700000000000000247e-03
1.000000000000000048e-04
2.700000000000000143e-03
2.299999999999999961e-03
2.000000000000000096e-04
3.000000000000000062e-03
5.100000000000000366e-03
5.000000000000000104e-04
4.599999999999999922e-03
2.869999999999999982e-02
5.500000000000000548e-03
3.900000000000000255e-03
6.999999999999999929e-04
8.500000000000000611e-03
6.999999999999999929e-04
4.599999999999999922e-03
1.399999999999999986e-03
1.349999999999999985e-02
3.900000000000000255e-03
1.500000000000000031e-03
1.910000000000000239e-02
2.799999999999999972e-03
3.000000000000000279e-04
7.599999999999999985e-03
2.000000000000000096e-04
6.400000000000000307e-03
5.400000000000000286e-03
6.999999999999999929e-04
6.000000000000000559e-04
1.100000000000000066e-03
1.899999999999999996e-03
1.789999999999999925e-02
5.000000000000000104e-04
9.000000000000000838e-04
1.000000000000000021e-03
6.000000000000000125e-03
1.899999999999999996e-03
1.300000000000000157e-03
4.000000000000000192e-04
2.960000000000000131e-02
4.000000000000000083e-03
7.800000000000000509e-03
1.399999999999999986e-03
8.600000000000000006e-03
4.300000000000000003e-03
2.600000000000000314e-03
1.000000000000000021e-03
1.669999999999999957e-02
8.800000000000000530e-03
1.460000000000000013e-02
5.000000000000000104e-04
2.450000000000000094e-02
4.100000000000000346e-03
1.760000000000000106e-02
9.000000000000000838e-04
6.950000000000000622e-02
6.999999999999999929e-04
1.590000000000000094e-02
9.000000000000000838e-04
3.000000000000000279e-04
9.900000000000000813e-03
2.299999999999999961e-03
2.000000000000000096e-04
4.080000000000000293e-02
3.000000000000000279e-04
1.899999999999999996e-03
3.700000000000000164e-03
6.000000000000000125e-03
5.400000000000000286e-03
3.550000000000000377e-02
1.100000000000000066e-03
1.519999999999999997e-02
5.400000000000000286e-03
5.500000000000000548e-03
2.100000000000000304e-03
1.789999999999999925e-02
1.500000000000000031e-03
3.160000000000000309e-02
1.000000000000000048e-04
8.899999999999999925e-03
2.000000000000000096e-04
1.680000000000000243e-02
1.200000000000000112e-03
5.300000000000000024e-03
1.000000000000000048e-04
7.200000000000000670e-03
8.000000000000000383e-04
1.050000000000000065e-02
6.000000000000000125e-03
3.000000000000000062e-03
3.500000000000000073e-03
1.070000000000000118e-02
9.000000000000000838e-04
2.000000000000000096e-04
4.000000000000000192e-04
2.200000000000000133e-03
4.000000000000000192e-04
1.609999999999999973e-02
2.600000000000000314e-03
4.440000000000000197e-02
1.000000000000000021e-03
3.000000000000000279e-04
6.000000000000000559e-04
1.100000000000000066e-03
6.000000000000000559e-04
1.750000000000000167e-02
2.000000000000000096e-04
3.500000000000000073e-03
5.000000000000000104e-04
8.200000000000000691e-03
3.000000000000000279e-04
1.210000000000000138e-02
8.000000000000000383e-04
4.599999999999999922e-03
2.000000000000000096e-04
2.299999999999999961e-03
5.000000000000000104e-04
1.000000000000000021e-03
6.999999999999999929e-04
2.000000000000000042e-02
4.000000000000000192e-04
4.000000000000000192e-04
8.000000000000000383e-04
9.600000000000000894e-03
3.000000000000000279e-04
2.700000000000000143e-03
2.000000000000000042e-03
2.100000000000000130e-02
3.000000000000000279e-04
1.000000000000000021e-02
2.000000000000000096e-04
6.300000000000000044e-03
1.000000000000000048e-04
8.640000000000000457e-02
2.000000000000000096e-04
4.080000000000000293e-02
4.000000000000000192e-04
8.200000000000000691e-03
2.000000000000000096e-04
5.200000000000000629e-03
1.000000000000000048e-04
2.860000000000000042e-02
1.000000000000000048e-04
2.200000000000000219e-02
1.000000000000000048e-04
3.900000000000000255e-03
4.000000000000000192e-04
1.370000000000000037e-02
1.399999999999999986e-03
3.320000000000000034e-02
2.000000000000000096e-04
2.940000000000000252e-02
1.600000000000000077e-03
2.160000000000000114e-02
4.400000000000000265e-03
2.490000000000000199e-02
3.100000000000000325e-03
2.500000000000000052e-03
3.000000000000000279e-04
1.399999999999999986e-03
3.100000000000000325e-03
9.000000000000000838e-04
3.000000000000000279e-04
2.700000000000000143e-03
3.000000000000000062e-03
6.900000000000000751e-03
2.000000000000000042e-03
1.549999999999999989e-02
4.500000000000000527e-03
1.580000000000000154e-02
2.000000000000000096e-04
1.060000000000000005e-02
9.000000000000000838e-04
2.799999999999999972e-03
2.900000000000000234e-03
1.549999999999999989e-02
5.599999999999999943e-03
2.100000000000000304e-03
1.089999999999999997e-02
7.700000000000000247e-03
3.000000000000000279e-04
1.200000000000000112e-03
6.000000000000000559e-04
1.490000000000000005e-02
2.299999999999999961e-03
6.700000000000000226e-03
5.000000000000000104e-04
6.800000000000000488e-03
1.899999999999999996e-03
1.000000000000000021e-03
1.000000000000000021e-02
4.000000000000000192e-04
4.000000000000000192e-04
8.000000000000000383e-04
2.000000000000000042e-03
7.700000000000000247e-03
3.000000000000000279e-04
6.999999999999999929e-04
2.000000000000000096e-04
1.600000000000000033e-02
6.000000000000000559e-04
1.420000000000000082e-02
1.000000000000000048e-04
3.450000000000000289e-02
4.000000000000000192e-04
3.900000000000000255e-03
1.000000000000000048e-04
1.870000000000000134e-02
1.100000000000000066e-03
2.090000000000000191e-02
1.300000000000000157e-03
3.900000000000000255e-03
1.600000000000000077e-03
1.200000000000000112e-03
7.000000000000000146e-03
1.050000000000000065e-02
3.700000000000000164e-03
1.200000000000000112e-03
2.299999999999999961e-03
3.620000000000000301e-02
1.000000000000000048e-04
1.280000000000000061e-02
1.000000000000000021e-03
8.000000000000000383e-04
2.000000000000000096e-04
1.300000000000000157e-03
6.000000000000000559e-04
2.799999999999999972e-03
9.000000000000000838e-04
4.700000000000000185e-03
7.900000000000000772e-03
1.100000000000000066e-03
9.199999999999999845e-03
1.380000000000000150e-02
2.000000000000000096e-04
2.000000000000000096e-04
5.000000000000000104e-04
2.009999999999999981e-02
3.000000000000000279e-04
8.500000000000000611e-03
2.299999999999999961e-03
3.600000000000000335e-03
6.999999999999999929e-04
2.000000000000000096e-04
6.999999999999999929e-04
1.740000000000000227e-02
2.000000000000000096e-04
2.100000000000000304e-03
2.400000000000000223e-03
5.200000000000000629e-03
6.999999999999999929e-04
2.680000000000000090e-02
6.999999999999999929e-04
3.629999999999999893e-02
3.400000000000000244e-03
1.360000000000000098e-02
2.600000000000000314e-03
6.100000000000000387e-03
1.800000000000000168e-03
1.119999999999999989e-02
3.000000000000000279e-04
6.000000000000000559e-04
6.999999999999999929e-04
5.059999999999999915e-02
1.700000000000000122e-02
1.080000000000000057e-02
9.000000000000000838e-04
9.300000000000000974e-03
2.000000000000000096e-04
1.089999999999999997e-02
6.000000000000000559e-04
1.004000000000000031e-01
1.000000000000000048e-04
1.210000000000000138e-02
5.000000000000000104e-04
