1.600000000000000033e-02
1.800000000000000168e-03
7.400000000000000328e-03
9.900000000000000813e-03
3.799999999999999992e-03
1.899999999999999996e-03
3.520000000000000212e-02
2.600000000000000314e-03
2.940000000000000252e-02
1.899999999999999996e-03
1.710000000000000062e-02
3.000000000000000279e-04
2.299999999999999961e-03
1.899999999999999996e-03
1.000000000000000048e-04
5.000000000000000104e-04
1.370000000000000037e-02
3.799999999999999992e-03
9.100000000000000450e-03
1.700000000000000122e-03
4.200000000000000608e-03
1.080000000000000057e-02
2.800000000000000058e-02
2.500000000000000052e-03
1.910000000000000239e-02
3.200000000000000153e-03
1.910000000000000239e-02
3.000000000000000279e-04
4.400000000000000265e-03
6.000000000000000559e-04
3.100000000000000325e-03
3.500000000000000073e-03
9.000000000000000838e-04
1.899999999999999996e-03
1.200000000000000112e-03
2.500000000000000052e-03
1.000000000000000048e-04
6.900000000000000751e-03
3.000000000000000279e-04
4.800000000000000447e-03
1.000000000000000021e-03
5.200000000000000629e-03
4.000000000000000192e-04
6.000000000000000559e-04
2.000000000000000096e-04
1.800000000000000168e-03
2.000000000000000096e-04
4.000000000000000192e-04
4.000000000000000192e-04
2.440000000000000155e-02
1.600000000000000077e-03
8.300000000000000086e-03
4.000000000000000192e-04
1.210000000000000138e-02
1.000000000000000048e-04
5.300000000000000024e-03
4.000000000000000192e-04
1.899999999999999953e-02
6.999999999999999929e-04
1.208000000000000046e-01
5.000000000000000104e-04
1.690000000000000183e-02
4.000000000000000192e-04
6.999999999999999929e-04
5.000000000000000104e-04
2.440000000000000155e-02
2.000000000000000096e-04
1.470000000000000126e-02
2.000000000000000096e-04
2.310000000000000248e-02
2.000000000000000096e-04
7.720000000000000473e-02
1.500000000000000031e-03
5.300000000000000024e-03
1.000000000000000048e-04
3.799999999999999906e-02
3.000000000000000279e-04
4.599999999999999922e-03
4.400000000000000265e-03
6.300000000000000044e-03
1.000000000000000021e-03
2.290000000000000022e-02
5.000000000000000104e-04
3.080000000000000099e-02
3.000000000000000279e-04
5.000000000000000104e-04
2.000000000000000096e-04
5.200000000000000629e-03
3.000000000000000279e-04
2.720000000000000195e-02
6.999999999999999929e-04
7.900000000000000772e-03
1.220000000000000077e-02
1.119999999999999989e-02
3.200000000000000153e-03
4.000000000000000192e-04
5.000000000000000104e-04
6.599999999999999964e-03
6.999999999999999929e-04
3.600000000000000335e-03
4.000000000000000192e-04
4.200000000000000608e-03
9.000000000000001055e-03
5.000000000000000104e-03
5.000000000000000104e-04
1.460000000000000013e-02
1.000000000000000021e-03
1.800000000000000168e-03
2.000000000000000096e-04
2.100000000000000304e-03
5.000000000000000104e-04
1.600000000000000077e-03
3.260000000000000397e-02
2.040000000000000147e-02
5.000000000000000104e-04
1.399999999999999986e-03
6.999999999999999929e-04
1.300000000000000157e-03
2.000000000000000096e-04
2.320000000000000187e-02
2.000000000000000096e-04
1.300000000000000157e-03
5.000000000000000104e-04
1.680000000000000243e-02
2.000000000000000096e-04
3.849999999999999950e-02
9.000000000000000838e-04
6.000000000000000559e-04
2.000000000000000042e-03
4.970000000000000112e-02
1.000000000000000048e-04
3.940000000000000446e-02
3.000000000000000279e-04
9.700000000000000289e-03
1.899999999999999996e-03
3.710000000000000103e-02
3.000000000000000279e-04
9.499999999999999764e-03
5.000000000000000104e-04
6.200000000000000649e-03
3.000000000000000279e-04
2.170000000000000054e-02
2.000000000000000096e-04
2.320000000000000187e-02
8.000000000000000383e-04
4.700000000000000185e-03
5.000000000000000104e-04
1.060000000000000005e-02
1.000000000000000048e-04
1.460000000000000013e-02
6.000000000000000559e-04
1.800000000000000168e-03
3.000000000000000279e-04
2.440000000000000155e-02
1.200000000000000112e-03
1.000000000000000048e-04
3.799999999999999992e-03
2.000000000000000096e-04
1.020000000000000073e-02
3.000000000000000279e-04
5.500000000000000548e-03
2.950000000000000192e-02
3.000000000000000279e-04
3.310000000000000442e-02
2.000000000000000096e-04
3.000000000000000236e-02
1.200000000000000112e-03
4.100000000000000346e-03
1.500000000000000031e-03
1.130000000000000102e-02
8.000000000000000383e-04
3.000000000000000279e-04
2.200000000000000133e-03
5.000000000000000104e-03
1.300000000000000157e-03
2.230000000000000038e-02
8.000000000000000383e-04
2.630000000000000046e-02
4.000000000000000192e-04
1.119999999999999989e-02
3.000000000000000279e-04
9.700000000000000289e-03
3.000000000000000279e-04
3.299999999999999982e-03
6.999999999999999929e-04
4.000000000000000083e-03
1.399999999999999986e-03
7.000000000000000146e-03
1.000000000000000021e-03
1.170000000000000033e-02
2.299999999999999961e-03
8.400000000000001216e-03
6.000000000000000559e-04
6.700000000000000226e-03
1.000000000000000048e-04
2.000000000000000042e-03
4.000000000000000192e-04
1.230000000000000017e-02
2.000000000000000096e-04
1.560000000000000102e-02
2.100000000000000304e-03
4.230000000000000426e-02
3.000000000000000279e-04
1.000000000000000048e-04
6.000000000000000559e-04
9.000000000000000838e-04
8.000000000000000383e-04
2.370000000000000231e-02
8.000000000000000383e-04
1.399999999999999986e-03
9.000000000000000838e-04
1.619999999999999912e-02
3.000000000000000279e-04
4.790000000000000507e-02
3.000000000000000279e-04
2.000000000000000042e-02
2.000000000000000096e-04
1.250000000000000069e-02
3.000000000000000279e-04
6.400000000000000307e-03
5.000000000000000104e-04
2.400000000000000223e-03
4.000000000000000192e-04
2.660000000000000211e-02
3.400000000000000244e-03
4.300000000000000003e-03
3.000000000000000279e-04
8.700000000000001135e-03
1.000000000000000021e-03
4.819999999999999979e-02
6.000000000000000559e-04
6.500000000000000569e-03
6.000000000000000559e-04
5.200000000000000629e-03
8.000000000000000383e-04
3.500000000000000073e-03
1.000000000000000021e-03
7.100000000000000408e-03
2.000000000000000042e-03
1.630000000000000199e-02
6.000000000000000559e-04
1.399999999999999986e-03
1.700000000000000122e-03
1.910000000000000239e-02
3.900000000000000255e-03
6.400000000000000307e-03
6.000000000000000559e-04
4.889999999999999902e-02
6.000000000000000559e-04
1.800000000000000168e-03
2.000000000000000096e-04
1.760000000000000106e-02
2.000000000000000096e-04
2.469999999999999973e-02
4.000000000000000192e-04
8.899999999999999925e-03
4.000000000000000192e-04
3.200000000000000153e-03
4.700000000000000185e-03
1.850000000000000255e-02
4.000000000000000192e-04
3.870000000000000523e-02
3.000000000000000279e-04
3.400000000000000244e-02
1.700000000000000122e-03
1.000000000000000048e-04
4.200000000000000608e-03
1.540000000000000049e-02
4.000000000000000192e-04
2.799999999999999972e-03
4.000000000000000192e-04
5.500000000000000548e-03
7.500000000000000590e-03
8.099999999999999561e-03
1.100000000000000066e-03
2.280000000000000082e-02
4.000000000000000192e-04
2.000000000000000096e-04
1.800000000000000168e-03
2.000000000000000096e-04
4.000000000000000192e-04
1.000000000000000048e-04
2.000000000000000096e-04
3.000000000000000279e-04
5.000000000000000104e-04
6.000000000000000559e-04
3.000000000000000062e-03
3.799999999999999992e-03
2.100000000000000304e-03
1.410000000000000142e-02
1.800000000000000168e-03
7.599999999999999985e-03
6.000000000000000559e-04
3.980000000000000204e-02
5.000000000000000104e-04
2.520000000000000018e-02
4.000000000000000192e-04
3.640000000000000180e-02
6.999999999999999929e-04
7.100000000000000408e-03
3.000000000000000279e-04
4.700000000000000185e-03
1.100000000000000066e-03
2.620000000000000107e-02
3.000000000000000279e-04
2.000000000000000042e-02
1.000000000000000048e-04
1.119999999999999989e-02
3.000000000000000279e-04
1.280000000000000061e-02
4.000000000000000192e-04
3.180000000000000188e-02
5.700000000000000205e-03
4.400000000000000265e-03
9.400000000000000369e-03
1.060000000000000005e-02
1.600000000000000033e-02
1.800000000000000168e-03
7.400000000000000328e-03
9.900000000000000813e-03
3.799999999999999992e-03
1.899999999999999996e-03
3.520000000000000212e-02
2.600000000000000314e-03
2.940000000000000252e-02
1.899999999999999996e-03
1.710000000000000062e-02
3.000000000000000279e-04
2.299999999999999961e-03
1.899999999999999996e-03
1.000000000000000048e-04
5.000000000000000104e-04
1.370000000000000037e-02
3.799999999999999992e-03
9.100000000000000450e-03
1.700000000000000122e-03
4.200000000000000608e-03
1.080000000000000057e-02
2.800000000000000058e-02
2.500000000000000052e-03
1.899999999999999953e-02
3.299999999999999982e-03
1.910000000000000239e-02
3.000000000000000279e-04
4.400000000000000265e-03
6.000000000000000559e-04
3.100000000000000325e-03
3.500000000000000073e-03
9.000000000000000838e-04
1.899999999999999996e-03
1.200000000000000112e-03
2.500000000000000052e-03
1.000000000000000048e-04
6.900000000000000751e-03
3.000000000000000279e-04
4.800000000000000447e-03
1.000000000000000021e-03
5.200000000000000629e-03
4.000000000000000192e-04
6.000000000000000559e-04
2.000000000000000096e-04
1.800000000000000168e-03
2.000000000000000096e-04
4.000000000000000192e-04
4.000000000000000192e-04
2.440000000000000155e-02
1.600000000000000077e-03
8.300000000000000086e-03
4.000000000000000192e-04
1.750000000000000167e-02
4.000000000000000192e-04
1.899999999999999953e-02
6.999999999999999929e-04
1.208000000000000046e-01
5.000000000000000104e-04
1.690000000000000183e-02
4.000000000000000192e-04
6.000000000000000559e-04
6.000000000000000559e-04
2.440000000000000155e-02
2.000000000000000096e-04
1.460000000000000013e-02
3.000000000000000279e-04
2.310000000000000248e-02
2.000000000000000096e-04
7.720000000000000473e-02
1.500000000000000031e-03
5.300000000000000024e-03
1.000000000000000048e-04
3.790000000000000313e-02
4.000000000000000192e-04
4.599999999999999922e-03
4.400000000000000265e-03
6.300000000000000044e-03
1.000000000000000021e-03
2.290000000000000022e-02
5.000000000000000104e-04
3.080000000000000099e-02
3.000000000000000279e-04
5.000000000000000104e-04
2.000000000000000096e-04
5.200000000000000629e-03
3.000000000000000279e-04
2.720000000000000195e-02
6.999999999999999929e-04
7.800000000000000509e-03
1.230000000000000017e-02
1.119999999999999989e-02
3.200000000000000153e-03
4.000000000000000192e-04
5.000000000000000104e-04
6.599999999999999964e-03
6.999999999999999929e-04
3.600000000000000335e-03
4.000000000000000192e-04
4.200000000000000608e-03
8.899999999999999925e-03
5.100000000000000366e-03
5.000000000000000104e-04
1.460000000000000013e-02
1.000000000000000021e-03
1.800000000000000168e-03
2.000000000000000096e-04
2.100000000000000304e-03
5.000000000000000104e-04
1.600000000000000077e-03
1.319999999999999993e-02
1.000000000000000048e-04
1.930000000000000118e-02
2.040000000000000147e-02
5.000000000000000104e-04
1.399999999999999986e-03
6.999999999999999929e-04
1.300000000000000157e-03
2.000000000000000096e-04
2.320000000000000187e-02
2.000000000000000096e-04
1.300000000000000157e-03
5.000000000000000104e-04
1.680000000000000243e-02
2.000000000000000096e-04
3.849999999999999950e-02
9.000000000000000838e-04
6.000000000000000559e-04
2.000000000000000042e-03
4.970000000000000112e-02
1.000000000000000048e-04
3.930000000000000160e-02
4.000000000000000192e-04
9.700000000000000289e-03
1.899999999999999996e-03
3.710000000000000103e-02
3.000000000000000279e-04
9.499999999999999764e-03
5.000000000000000104e-04
6.200000000000000649e-03
3.000000000000000279e-04
2.170000000000000054e-02
1.000000000000000048e-04
2.330000000000000127e-02
8.000000000000000383e-04
4.700000000000000185e-03
4.000000000000000192e-04
1.070000000000000118e-02
1.000000000000000048e-04
1.460000000000000013e-02
6.000000000000000559e-04
1.800000000000000168e-03
3.000000000000000279e-04
2.440000000000000155e-02
1.200000000000000112e-03
1.000000000000000048e-04
3.700000000000000164e-03
3.000000000000000279e-04
1.020000000000000073e-02
3.000000000000000279e-04
5.500000000000000548e-03
2.940000000000000252e-02
4.000000000000000192e-04
3.310000000000000442e-02
1.000000000000000048e-04
3.000000000000000236e-02
1.300000000000000157e-03
4.100000000000000346e-03
1.500000000000000031e-03
1.130000000000000102e-02
8.000000000000000383e-04
3.000000000000000279e-04
2.200000000000000133e-03
5.000000000000000104e-03
1.200000000000000112e-03
2.239999999999999977e-02
8.000000000000000383e-04
2.630000000000000046e-02
4.000000000000000192e-04
1.119999999999999989e-02
3.000000000000000279e-04
9.700000000000000289e-03
3.000000000000000279e-04
3.299999999999999982e-03
6.999999999999999929e-04
4.000000000000000083e-03
1.399999999999999986e-03
7.000000000000000146e-03
1.000000000000000021e-03
1.170000000000000033e-02
2.200000000000000133e-03
8.500000000000000611e-03
6.000000000000000559e-04
6.700000000000000226e-03
1.000000000000000048e-04
2.000000000000000042e-03
4.000000000000000192e-04
1.230000000000000017e-02
2.000000000000000096e-04
1.560000000000000102e-02
2.100000000000000304e-03
4.230000000000000426e-02
1.000000000000000021e-03
9.000000000000000838e-04
6.999999999999999929e-04
2.380000000000000171e-02
8.000000000000000383e-04
1.399999999999999986e-03
9.000000000000000838e-04
1.619999999999999912e-02
2.000000000000000096e-04
4.800000000000000100e-02
3.000000000000000279e-04
2.000000000000000042e-02
2.000000000000000096e-04
1.250000000000000069e-02
3.000000000000000279e-04
6.400000000000000307e-03
5.000000000000000104e-04
2.299999999999999961e-03
5.000000000000000104e-04
2.660000000000000211e-02
3.400000000000000244e-03
4.300000000000000003e-03
3.000000000000000279e-04
8.700000000000001135e-03
1.000000000000000021e-03
4.819999999999999979e-02
6.000000000000000559e-04
6.500000000000000569e-03
6.000000000000000559e-04
5.200000000000000629e-03
8.000000000000000383e-04
3.500000000000000073e-03
1.000000000000000021e-03
7.100000000000000408e-03
2.000000000000000042e-03
1.630000000000000199e-02
5.000000000000000104e-04
1.500000000000000031e-03
1.700000000000000122e-03
1.910000000000000239e-02
3.900000000000000255e-03
6.400000000000000307e-03
6.000000000000000559e-04
4.889999999999999902e-02
6.000000000000000559e-04
1.800000000000000168e-03
2.000000000000000096e-04
1.760000000000000106e-02
2.000000000000000096e-04
2.469999999999999973e-02
4.000000000000000192e-04
8.899999999999999925e-03
4.000000000000000192e-04
3.100000000000000325e-03
4.800000000000000447e-03
1.839999999999999969e-02
5.000000000000000104e-04
3.870000000000000523e-02
3.000000000000000279e-04
3.400000000000000244e-02
6.000000000000000125e-03
1.540000000000000049e-02
3.000000000000000279e-04
2.900000000000000234e-03
4.000000000000000192e-04
5.500000000000000548e-03
7.500000000000000590e-03
8.099999999999999561e-03
1.100000000000000066e-03
2.280000000000000082e-02
4.000000000000000192e-04
2.000000000000000096e-04
1.700000000000000122e-03
3.000000000000000279e-04
4.000000000000000192e-04
1.000000000000000048e-04
2.000000000000000096e-04
3.000000000000000279e-04
5.000000000000000104e-04
6.000000000000000559e-04
3.000000000000000062e-03
3.799999999999999992e-03
2.100000000000000304e-03
1.410000000000000142e-02
1.800000000000000168e-03
7.599999999999999985e-03
6.000000000000000559e-04
3.980000000000000204e-02
5.000000000000000104e-04
2.520000000000000018e-02
4.000000000000000192e-04
3.640000000000000180e-02
6.999999999999999929e-04
7.100000000000000408e-03
3.000000000000000279e-04
4.700000000000000185e-03
1.100000000000000066e-03
2.620000000000000107e-02
3.000000000000000279e-04
2.000000000000000042e-02
1.000000000000000048e-04
1.119999999999999989e-02
3.000000000000000279e-04
1.280000000000000061e-02
4.000000000000000192e-04
3.180000000000000188e-02
5.700000000000000205e-03
4.400000000000000265e-03
9.400000000000000369e-03
1.060000000000000005e-02
1.600000000000000033e-02
1.800000000000000168e-03
7.400000000000000328e-03
9.900000000000000813e-03
3.799999999999999992e-03
1.899999999999999996e-03
3.520000000000000212e-02
2.600000000000000314e-03
2.940000000000000252e-02
1.899999999999999996e-03
1.700000000000000122e-02
3.000000000000000279e-04
2.400000000000000223e-03
1.800000000000000168e-03
2.000000000000000096e-04
5.000000000000000104e-04
1.370000000000000037e-02
3.799999999999999992e-03
9.100000000000000450e-03
1.700000000000000122e-03
4.200000000000000608e-03
1.080000000000000057e-02
2.800000000000000058e-02
2.500000000000000052e-03
1.899999999999999953e-02
3.299999999999999982e-03
1.899999999999999953e-02
4.000000000000000192e-04
4.400000000000000265e-03
5.000000000000000104e-04
3.200000000000000153e-03
3.500000000000000073e-03
8.000000000000000383e-04
2.000000000000000042e-03
1.200000000000000112e-03
2.500000000000000052e-03
1.000000000000000048e-04
6.900000000000000751e-03
3.000000000000000279e-04
4.800000000000000447e-03
9.000000000000000838e-04
5.300000000000000024e-03
4.000000000000000192e-04
6.000000000000000559e-04
2.000000000000000096e-04
1.800000000000000168e-03
2.000000000000000096e-04
4.000000000000000192e-04
4.000000000000000192e-04
2.440000000000000155e-02
1.600000000000000077e-03
8.300000000000000086e-03
4.000000000000000192e-04
1.200000000000000025e-02
1.000000000000000048e-04
5.400000000000000286e-03
4.000000000000000192e-04
1.899999999999999953e-02
6.999999999999999929e-04
1.208000000000000046e-01
5.000000000000000104e-04
1.690000000000000183e-02
4.000000000000000192e-04
6.000000000000000559e-04
6.000000000000000559e-04
2.440000000000000155e-02
2.000000000000000096e-04
1.460000000000000013e-02
3.000000000000000279e-04
2.310000000000000248e-02
1.000000000000000048e-04
7.730000000000000759e-02
1.500000000000000031e-03
5.200000000000000629e-03
2.000000000000000096e-04
3.790000000000000313e-02
4.000000000000000192e-04
4.599999999999999922e-03
4.400000000000000265e-03
6.300000000000000044e-03
1.000000000000000021e-03
2.290000000000000022e-02
5.000000000000000104e-04
3.080000000000000099e-02
2.000000000000000096e-04
6.000000000000000559e-04
2.000000000000000096e-04
5.200000000000000629e-03
3.000000000000000279e-04
2.720000000000000195e-02
6.999999999999999929e-04
7.800000000000000509e-03
1.230000000000000017e-02
1.119999999999999989e-02
3.200000000000000153e-03
4.000000000000000192e-04
5.000000000000000104e-04
6.599999999999999964e-03
6.999999999999999929e-04
3.600000000000000335e-03
4.000000000000000192e-04
4.200000000000000608e-03
8.899999999999999925e-03
5.100000000000000366e-03
5.000000000000000104e-04
1.460000000000000013e-02
1.000000000000000021e-03
1.800000000000000168e-03
2.000000000000000096e-04
2.100000000000000304e-03
5.000000000000000104e-04
1.500000000000000031e-03
1.330000000000000106e-02
1.000000000000000048e-04
1.930000000000000118e-02
2.040000000000000147e-02
5.000000000000000104e-04
1.399999999999999986e-03
6.999999999999999929e-04
1.300000000000000157e-03
2.000000000000000096e-04
2.310000000000000248e-02
3.000000000000000279e-04
1.200000000000000112e-03
6.000000000000000559e-04
1.680000000000000243e-02
2.000000000000000096e-04
3.849999999999999950e-02
9.000000000000000838e-04
6.000000000000000559e-04
1.899999999999999996e-03
4.980000000000000399e-02
1.000000000000000048e-04
3.930000000000000160e-02
3.000000000000000279e-04
9.799999999999999684e-03
1.899999999999999996e-03
3.710000000000000103e-02
3.000000000000000279e-04
9.499999999999999764e-03
5.000000000000000104e-04
6.100000000000000387e-03
4.000000000000000192e-04
2.170000000000000054e-02
1.000000000000000048e-04
2.330000000000000127e-02
8.000000000000000383e-04
4.700000000000000185e-03
4.000000000000000192e-04
1.060000000000000005e-02
2.000000000000000096e-04
1.450000000000000074e-02
6.999999999999999929e-04
1.800000000000000168e-03
3.000000000000000279e-04
2.440000000000000155e-02
1.100000000000000066e-03
2.000000000000000096e-04
3.700000000000000164e-03
3.000000000000000279e-04
1.020000000000000073e-02
3.000000000000000279e-04
5.500000000000000548e-03
2.940000000000000252e-02
4.000000000000000192e-04
3.300000000000000155e-02
2.000000000000000096e-04
3.000000000000000236e-02
1.300000000000000157e-03
4.100000000000000346e-03
1.500000000000000031e-03
1.130000000000000102e-02
8.000000000000000383e-04
3.000000000000000279e-04
2.200000000000000133e-03
4.899999999999999842e-03
1.300000000000000157e-03
2.230000000000000038e-02
8.000000000000000383e-04
2.639999999999999986e-02
3.000000000000000279e-04
1.130000000000000102e-02
3.000000000000000279e-04
9.600000000000000894e-03
4.000000000000000192e-04
3.299999999999999982e-03
6.999999999999999929e-04
4.000000000000000083e-03
1.399999999999999986e-03
7.000000000000000146e-03
1.000000000000000021e-03
1.170000000000000033e-02
2.200000000000000133e-03
8.500000000000000611e-03
6.000000000000000559e-04
6.700000000000000226e-03
1.000000000000000048e-04
2.000000000000000042e-03
4.000000000000000192e-04
1.230000000000000017e-02
2.000000000000000096e-04
1.560000000000000102e-02
2.100000000000000304e-03
4.230000000000000426e-02
1.000000000000000021e-03
9.000000000000000838e-04
6.999999999999999929e-04
2.380000000000000171e-02
8.000000000000000383e-04
1.399999999999999986e-03
9.000000000000000838e-04
1.619999999999999912e-02
2.000000000000000096e-04
4.800000000000000100e-02
3.000000000000000279e-04
1.990000000000000102e-02
3.000000000000000279e-04
1.240000000000000130e-02
4.000000000000000192e-04
6.300000000000000044e-03
6.000000000000000559e-04
2.299999999999999961e-03
5.000000000000000104e-04
2.660000000000000211e-02
3.400000000000000244e-03
4.300000000000000003e-03
3.000000000000000279e-04
8.700000000000001135e-03
9.000000000000000838e-04
4.830000000000000265e-02
6.000000000000000559e-04
6.500000000000000569e-03
6.000000000000000559e-04
5.200000000000000629e-03
8.000000000000000383e-04
3.500000000000000073e-03
9.000000000000000838e-04
7.200000000000000670e-03
2.000000000000000042e-03
1.630000000000000199e-02
5.000000000000000104e-04
1.500000000000000031e-03
1.600000000000000077e-03
1.920000000000000179e-02
3.900000000000000255e-03
6.400000000000000307e-03
6.000000000000000559e-04
4.880000000000000310e-02
6.999999999999999929e-04
1.800000000000000168e-03
2.000000000000000096e-04
1.760000000000000106e-02
2.000000000000000096e-04
2.469999999999999973e-02
4.000000000000000192e-04
8.899999999999999925e-03
4.000000000000000192e-04
3.100000000000000325e-03
4.800000000000000447e-03
1.839999999999999969e-02
5.000000000000000104e-04
3.870000000000000523e-02
3.000000000000000279e-04
3.389999999999999958e-02
6.100000000000000387e-03
1.530000000000000110e-02
4.000000000000000192e-04
2.799999999999999972e-03
5.000000000000000104e-04
5.500000000000000548e-03
7.500000000000000590e-03
8.099999999999999561e-03
1.100000000000000066e-03
2.280000000000000082e-02
4.000000000000000192e-04
2.000000000000000096e-04
1.700000000000000122e-03
3.000000000000000279e-04
4.000000000000000192e-04
1.000000000000000048e-04
2.000000000000000096e-04
2.000000000000000096e-04
6.000000000000000559e-04
6.000000000000000559e-04
3.000000000000000062e-03
3.799999999999999992e-03
2.100000000000000304e-03
1.410000000000000142e-02
1.700000000000000122e-03
7.700000000000000247e-03
6.000000000000000559e-04
3.980000000000000204e-02
5.000000000000000104e-04
2.520000000000000018e-02
4.000000000000000192e-04
3.640000000000000180e-02
6.999999999999999929e-04
7.100000000000000408e-03
3.000000000000000279e-04
4.700000000000000185e-03
1.100000000000000066e-03
2.620000000000000107e-02
3.000000000000000279e-04
2.000000000000000042e-02
1.000000000000000048e-04
1.119999999999999989e-02
3.000000000000000279e-04
1.280000000000000061e-02
4.000000000000000192e-04
3.180000000000000188e-02
5.700000000000000205e-03
4.400000000000000265e-03
9.400000000000000369e-03
1.060000000000000005e-02
1.600000000000000033e-02
1.800000000000000168e-03
7.400000000000000328e-03
9.900000000000000813e-03
3.799999999999999992e-03
1.899999999999999996e-03
3.520000000000000212e-02
2.600000000000000314e-03
2.940000000000000252e-02
1.800000000000000168e-03
1.710000000000000062e-02
3.000000000000000279e-04
2.299999999999999961e-03
1.899999999999999996e-03
2.000000000000000096e-04
5.000000000000000104e-04
1.370000000000000037e-02
3.799999999999999992e-03
9.100000000000000450e-03
1.600000000000000077e-03
4.300000000000000003e-03
1.080000000000000057e-02
2.790000000000000119e-02
2.600000000000000314e-03
1.899999999999999953e-02
3.299999999999999982e-03
1.899999999999999953e-02
4.000000000000000192e-04
4.400000000000000265e-03
5.000000000000000104e-04
3.100000000000000325e-03
3.600000000000000335e-03
8.000000000000000383e-04
1.899999999999999996e-03
1.300000000000000157e-03
2.500000000000000052e-03
1.000000000000000048e-04
6.900000000000000751e-03
3.000000000000000279e-04
4.800000000000000447e-03
9.000000000000000838e-04
5.300000000000000024e-03
4.000000000000000192e-04
6.000000000000000559e-04
2.000000000000000096e-04
1.800000000000000168e-03
2.000000000000000096e-04
4.000000000000000192e-04
4.000000000000000192e-04
2.440000000000000155e-02
1.600000000000000077e-03
8.300000000000000086e-03
4.000000000000000192e-04
1.200000000000000025e-02
1.000000000000000048e-04
5.400000000000000286e-03
4.000000000000000192e-04
1.890000000000000013e-02
6.999999999999999929e-04
1.209000000000000075e-01
5.000000000000000104e-04
1.680000000000000243e-02
5.000000000000000104e-04
6.000000000000000559e-04
6.000000000000000559e-04
2.440000000000000155e-02
2.000000000000000096e-04
1.460000000000000013e-02
3.000000000000000279e-04
2.310000000000000248e-02
1.000000000000000048e-04
7.730000000000000759e-02
1.500000000000000031e-03
5.200000000000000629e-03
2.000000000000000096e-04
3.790000000000000313e-02
4.000000000000000192e-04
4.599999999999999922e-03
4.400000000000000265e-03
6.300000000000000044e-03
1.000000000000000021e-03
2.290000000000000022e-02
5.000000000000000104e-04
3.080000000000000099e-02
2.000000000000000096e-04
6.000000000000000559e-04
2.000000000000000096e-04
5.200000000000000629e-03
2.000000000000000096e-04
2.730000000000000135e-02
6.999999999999999929e-04
7.800000000000000509e-03
1.230000000000000017e-02
1.110000000000000049e-02
3.299999999999999982e-03
4.000000000000000192e-04
5.000000000000000104e-04
6.599999999999999964e-03
6.999999999999999929e-04
3.600000000000000335e-03
4.000000000000000192e-04
4.200000000000000608e-03
8.899999999999999925e-03
5.100000000000000366e-03
5.000000000000000104e-04
1.450000000000000074e-02
1.000000000000000021e-03
1.899999999999999996e-03
1.000000000000000048e-04
2.200000000000000133e-03
5.000000000000000104e-04
1.500000000000000031e-03
1.330000000000000106e-02
1.000000000000000048e-04
1.930000000000000118e-02
2.040000000000000147e-02
5.000000000000000104e-04
1.399999999999999986e-03
6.999999999999999929e-04
1.300000000000000157e-03
2.000000000000000096e-04
2.310000000000000248e-02
3.000000000000000279e-04
1.200000000000000112e-03
6.000000000000000559e-04
1.680000000000000243e-02
2.000000000000000096e-04
3.849999999999999950e-02
9.000000000000000838e-04
6.000000000000000559e-04
1.899999999999999996e-03
4.980000000000000399e-02
1.000000000000000048e-04
3.930000000000000160e-02
3.000000000000000279e-04
9.799999999999999684e-03
1.899999999999999996e-03
3.710000000000000103e-02
3.000000000000000279e-04
9.499999999999999764e-03
5.000000000000000104e-04
6.100000000000000387e-03
4.000000000000000192e-04
2.160000000000000114e-02
2.000000000000000096e-04
2.330000000000000127e-02
8.000000000000000383e-04
4.599999999999999922e-03
5.000000000000000104e-04
1.060000000000000005e-02
2.000000000000000096e-04
1.450000000000000074e-02
6.999999999999999929e-04
1.800000000000000168e-03
3.000000000000000279e-04
2.440000000000000155e-02
1.100000000000000066e-03
2.000000000000000096e-04
3.700000000000000164e-03
3.000000000000000279e-04
1.020000000000000073e-02
3.000000000000000279e-04
5.500000000000000548e-03
2.940000000000000252e-02
4.000000000000000192e-04
3.300000000000000155e-02
2.000000000000000096e-04
3.000000000000000236e-02
1.300000000000000157e-03
4.100000000000000346e-03
1.500000000000000031e-03
1.130000000000000102e-02
8.000000000000000383e-04
3.000000000000000279e-04
2.200000000000000133e-03
4.899999999999999842e-03
1.300000000000000157e-03
2.230000000000000038e-02
8.000000000000000383e-04
2.639999999999999986e-02
3.000000000000000279e-04
1.130000000000000102e-02
3.000000000000000279e-04
9.600000000000000894e-03
4.000000000000000192e-04
3.299999999999999982e-03
6.999999999999999929e-04
4.000000000000000083e-03
1.399999999999999986e-03
7.000000000000000146e-03
1.000000000000000021e-03
1.170000000000000033e-02
2.200000000000000133e-03
8.400000000000001216e-03
6.000000000000000559e-04
6.800000000000000488e-03
1.000000000000000048e-04
2.000000000000000042e-03
4.000000000000000192e-04
1.230000000000000017e-02
1.000000000000000048e-04
1.560000000000000102e-02
2.200000000000000133e-03
4.230000000000000426e-02
2.000000000000000096e-04
1.000000000000000048e-04
6.999999999999999929e-04
9.000000000000000838e-04
6.999999999999999929e-04
2.380000000000000171e-02
8.000000000000000383e-04
1.399999999999999986e-03
9.000000000000000838e-04
1.619999999999999912e-02
2.000000000000000096e-04
4.800000000000000100e-02
3.000000000000000279e-04
1.990000000000000102e-02
2.000000000000000096e-04
1.250000000000000069e-02
4.000000000000000192e-04
6.300000000000000044e-03
6.000000000000000559e-04
2.299999999999999961e-03
5.000000000000000104e-04
2.660000000000000211e-02
3.400000000000000244e-03
4.300000000000000003e-03
3.000000000000000279e-04
8.600000000000000006e-03
1.000000000000000021e-03
4.819999999999999979e-02
6.999999999999999929e-04
6.500000000000000569e-03
6.000000000000000559e-04
5.200000000000000629e-03
8.000000000000000383e-04
3.500000000000000073e-03
9.000000000000000838e-04
7.200000000000000670e-03
2.000000000000000042e-03
1.630000000000000199e-02
5.000000000000000104e-04
1.500000000000000031e-03
1.600000000000000077e-03
1.920000000000000179e-02
3.900000000000000255e-03
6.400000000000000307e-03
6.000000000000000559e-04
4.880000000000000310e-02
6.999999999999999929e-04
1.700000000000000122e-03
3.000000000000000279e-04
1.760000000000000106e-02
2.000000000000000096e-04
2.469999999999999973e-02
4.000000000000000192e-04
8.899999999999999925e-03
4.000000000000000192e-04
3.100000000000000325e-03
4.800000000000000447e-03
1.839999999999999969e-02
5.000000000000000104e-04
3.870000000000000523e-02
3.000000000000000279e-04
3.389999999999999958e-02
1.800000000000000168e-03
1.000000000000000048e-04
4.200000000000000608e-03
1.530000000000000110e-02
4.000000000000000192e-04
2.799999999999999972e-03
5.000000000000000104e-04
5.500000000000000548e-03
7.500000000000000590e-03
8.099999999999999561e-03
1.100000000000000066e-03
2.280000000000000082e-02
4.000000000000000192e-04
1.000000000000000048e-04
1.800000000000000168e-03
3.000000000000000279e-04
3.000000000000000279e-04
2.000000000000000096e-04
2.000000000000000096e-04
2.000000000000000096e-04
6.000000000000000559e-04
6.000000000000000559e-04
3.000000000000000062e-03
3.799999999999999992e-03
2.100000000000000304e-03
1.410000000000000142e-02
1.700000000000000122e-03
7.700000000000000247e-03
5.000000000000000104e-04
3.990000000000000491e-02
4.000000000000000192e-04
2.529999999999999957e-02
3.000000000000000279e-04
3.650000000000000466e-02
6.999999999999999929e-04
7.100000000000000408e-03
3.000000000000000279e-04
4.700000000000000185e-03
1.100000000000000066e-03
2.620000000000000107e-02
3.000000000000000279e-04
2.000000000000000042e-02
1.000000000000000048e-04
1.119999999999999989e-02
3.000000000000000279e-04
1.280000000000000061e-02
4.000000000000000192e-04
3.180000000000000188e-02
5.700000000000000205e-03
4.400000000000000265e-03
9.400000000000000369e-03
1.060000000000000005e-02
1.590000000000000094e-02
1.899999999999999996e-03
7.400000000000000328e-03
9.900000000000000813e-03
3.799999999999999992e-03
1.800000000000000168e-03
3.530000000000000498e-02
2.600000000000000314e-03
2.940000000000000252e-02
1.800000000000000168e-03
1.710000000000000062e-02
3.000000000000000279e-04
2.299999999999999961e-03
1.899999999999999996e-03
1.000000000000000048e-04
6.000000000000000559e-04
1.370000000000000037e-02
3.799999999999999992e-03
9.100000000000000450e-03
1.600000000000000077e-03
4.200000000000000608e-03
1.089999999999999997e-02
2.790000000000000119e-02
2.600000000000000314e-03
1.899999999999999953e-02
3.299999999999999982e-03
1.899999999999999953e-02
3.000000000000000279e-04
4.500000000000000527e-03
5.000000000000000104e-04
3.100000000000000325e-03
3.600000000000000335e-03
8.000000000000000383e-04
1.899999999999999996e-03
1.300000000000000157e-03
2.400000000000000223e-03
2.000000000000000096e-04
6.900000000000000751e-03
3.000000000000000279e-04
4.700000000000000185e-03
1.000000000000000021e-03
5.300000000000000024e-03
4.000000000000000192e-04
6.000000000000000559e-04
1.000000000000000048e-04
1.899999999999999996e-03
2.000000000000000096e-04
4.000000000000000192e-04
4.000000000000000192e-04
2.440000000000000155e-02
1.600000000000000077e-03
8.300000000000000086e-03
4.000000000000000192e-04
1.200000000000000025e-02
1.000000000000000048e-04
5.400000000000000286e-03
4.000000000000000192e-04
1.890000000000000013e-02
6.999999999999999929e-04
1.209000000000000075e-01
5.000000000000000104e-04
1.680000000000000243e-02
5.000000000000000104e-04
6.000000000000000559e-04
6.000000000000000559e-04
2.440000000000000155e-02
2.000000000000000096e-04
1.460000000000000013e-02
2.000000000000000096e-04
2.320000000000000187e-02
1.000000000000000048e-04
7.730000000000000759e-02
1.500000000000000031e-03
5.200000000000000629e-03
2.000000000000000096e-04
3.790000000000000313e-02
4.000000000000000192e-04
4.599999999999999922e-03
4.400000000000000265e-03
6.200000000000000649e-03
1.100000000000000066e-03
2.290000000000000022e-02
5.000000000000000104e-04
3.080000000000000099e-02
2.000000000000000096e-04
6.000000000000000559e-04
2.000000000000000096e-04
5.200000000000000629e-03
2.000000000000000096e-04
2.730000000000000135e-02
6.999999999999999929e-04
7.800000000000000509e-03
1.230000000000000017e-02
1.110000000000000049e-02
3.200000000000000153e-03
5.000000000000000104e-04
5.000000000000000104e-04
6.500000000000000569e-03
8.000000000000000383e-04
3.600000000000000335e-03
4.000000000000000192e-04
4.200000000000000608e-03
8.899999999999999925e-03
5.100000000000000366e-03
5.000000000000000104e-04
1.450000000000000074e-02
1.000000000000000021e-03
1.899999999999999996e-03
1.000000000000000048e-04
2.200000000000000133e-03
5.000000000000000104e-04
1.500000000000000031e-03
1.330000000000000106e-02
1.000000000000000048e-04
1.930000000000000118e-02
2.040000000000000147e-02
5.000000000000000104e-04
1.399999999999999986e-03
6.999999999999999929e-04
1.300000000000000157e-03
2.000000000000000096e-04
2.310000000000000248e-02
3.000000000000000279e-04
1.200000000000000112e-03
5.000000000000000104e-04
1.690000000000000183e-02
2.000000000000000096e-04
3.849999999999999950e-02
8.000000000000000383e-04
6.999999999999999929e-04
1.899999999999999996e-03
4.980000000000000399e-02
1.000000000000000048e-04
3.930000000000000160e-02
3.000000000000000279e-04
9.799999999999999684e-03
1.899999999999999996e-03
3.710000000000000103e-02
3.000000000000000279e-04
9.499999999999999764e-03
5.000000000000000104e-04
6.100000000000000387e-03
4.000000000000000192e-04
2.160000000000000114e-02
2.000000000000000096e-04
2.320000000000000187e-02
9.000000000000000838e-04
4.599999999999999922e-03
5.000000000000000104e-04
1.060000000000000005e-02
2.000000000000000096e-04
1.450000000000000074e-02
6.999999999999999929e-04
1.800000000000000168e-03
2.000000000000000096e-04
2.450000000000000094e-02
1.100000000000000066e-03
1.000000000000000048e-04
3.799999999999999992e-03
3.000000000000000279e-04
1.020000000000000073e-02
3.000000000000000279e-04
5.500000000000000548e-03
2.940000000000000252e-02
4.000000000000000192e-04
3.300000000000000155e-02
2.000000000000000096e-04
3.000000000000000236e-02
1.300000000000000157e-03
4.100000000000000346e-03
1.500000000000000031e-03
1.130000000000000102e-02
8.000000000000000383e-04
3.000000000000000279e-04
2.200000000000000133e-03
4.899999999999999842e-03
1.300000000000000157e-03
2.230000000000000038e-02
8.000000000000000383e-04
2.630000000000000046e-02
4.000000000000000192e-04
1.130000000000000102e-02
3.000000000000000279e-04
9.600000000000000894e-03
4.000000000000000192e-04
3.299999999999999982e-03
6.999999999999999929e-04
4.000000000000000083e-03
1.399999999999999986e-03
7.000000000000000146e-03
1.000000000000000021e-03
1.160000000000000094e-02
2.299999999999999961e-03
8.400000000000001216e-03
6.000000000000000559e-04
6.700000000000000226e-03
2.000000000000000096e-04
2.000000000000000042e-03
4.000000000000000192e-04
1.230000000000000017e-02
1.000000000000000048e-04
1.560000000000000102e-02
2.200000000000000133e-03
4.230000000000000426e-02
2.000000000000000096e-04
1.000000000000000048e-04
6.999999999999999929e-04
8.000000000000000383e-04
8.000000000000000383e-04
2.380000000000000171e-02
8.000000000000000383e-04
1.399999999999999986e-03
9.000000000000000838e-04
1.619999999999999912e-02
2.000000000000000096e-04
4.800000000000000100e-02
3.000000000000000279e-04
1.990000000000000102e-02
2.000000000000000096e-04
1.250000000000000069e-02
4.000000000000000192e-04
6.300000000000000044e-03
6.000000000000000559e-04
2.299999999999999961e-03
4.000000000000000192e-04
2.670000000000000151e-02
3.400000000000000244e-03
4.200000000000000608e-03
4.000000000000000192e-04
8.600000000000000006e-03
1.000000000000000021e-03
4.819999999999999979e-02
6.000000000000000559e-04
6.599999999999999964e-03
6.000000000000000559e-04
5.200000000000000629e-03
8.000000000000000383e-04
3.500000000000000073e-03
9.000000000000000838e-04
7.200000000000000670e-03
2.000000000000000042e-03
1.630000000000000199e-02
5.000000000000000104e-04
1.399999999999999986e-03
1.700000000000000122e-03
1.920000000000000179e-02
3.900000000000000255e-03
6.400000000000000307e-03
6.000000000000000559e-04
4.880000000000000310e-02
6.999999999999999929e-04
1.700000000000000122e-03
2.000000000000000096e-04
1.760000000000000106e-02
2.000000000000000096e-04
2.480000000000000260e-02
4.000000000000000192e-04
8.899999999999999925e-03
4.000000000000000192e-04
3.100000000000000325e-03
4.800000000000000447e-03
1.839999999999999969e-02
5.000000000000000104e-04
3.870000000000000523e-02
3.000000000000000279e-04
3.389999999999999958e-02
1.800000000000000168e-03
1.000000000000000048e-04
4.200000000000000608e-03
1.530000000000000110e-02
4.000000000000000192e-04
2.799999999999999972e-03
4.000000000000000192e-04
5.599999999999999943e-03
7.400000000000000328e-03
8.200000000000000691e-03
1.100000000000000066e-03
2.280000000000000082e-02
3.000000000000000279e-04
2.000000000000000096e-04
1.800000000000000168e-03
3.000000000000000279e-04
3.000000000000000279e-04
2.000000000000000096e-04
1.000000000000000048e-04
3.000000000000000279e-04
6.000000000000000559e-04
6.000000000000000559e-04
3.000000000000000062e-03
3.799999999999999992e-03
2.100000000000000304e-03
7.500000000000000590e-03
1.000000000000000048e-04
6.500000000000000569e-03
1.700000000000000122e-03
7.700000000000000247e-03
5.000000000000000104e-04
3.990000000000000491e-02
4.000000000000000192e-04
2.529999999999999957e-02
3.000000000000000279e-04
3.650000000000000466e-02
6.999999999999999929e-04
7.100000000000000408e-03
3.000000000000000279e-04
4.700000000000000185e-03
1.100000000000000066e-03
2.620000000000000107e-02
3.000000000000000279e-04
2.000000000000000042e-02
1.000000000000000048e-04
1.110000000000000049e-02
4.000000000000000192e-04
1.280000000000000061e-02
4.000000000000000192e-04
3.180000000000000188e-02
5.700000000000000205e-03
4.400000000000000265e-03
9.400000000000000369e-03
1.060000000000000005e-02
1.590000000000000094e-02
1.899999999999999996e-03
7.400000000000000328e-03
9.900000000000000813e-03
3.799999999999999992e-03
1.800000000000000168e-03
3.530000000000000498e-02
2.600000000000000314e-03
2.940000000000000252e-02
1.800000000000000168e-03
1.710000000000000062e-02
3.000000000000000279e-04
2.299999999999999961e-03
1.899999999999999996e-03
1.000000000000000048e-04
6.000000000000000559e-04
1.370000000000000037e-02
3.799999999999999992e-03
9.100000000000000450e-03
1.600000000000000077e-03
4.200000000000000608e-03
1.080000000000000057e-02
2.800000000000000058e-02
2.500000000000000052e-03
1.910000000000000239e-02
3.299999999999999982e-03
1.899999999999999953e-02
3.000000000000000279e-04
4.500000000000000527e-03
5.000000000000000104e-04
3.100000000000000325e-03
3.600000000000000335e-03
8.000000000000000383e-04
1.899999999999999996e-03
1.300000000000000157e-03
2.400000000000000223e-03
2.000000000000000096e-04
6.900000000000000751e-03
3.000000000000000279e-04
4.700000000000000185e-03
1.000000000000000021e-03
5.200000000000000629e-03
5.000000000000000104e-04
6.000000000000000559e-04
1.000000000000000048e-04
1.899999999999999996e-03
2.000000000000000096e-04
4.000000000000000192e-04
4.000000000000000192e-04
2.440000000000000155e-02
1.600000000000000077e-03
8.300000000000000086e-03
4.000000000000000192e-04
1.200000000000000025e-02
1.000000000000000048e-04
5.400000000000000286e-03
3.000000000000000279e-04
1.899999999999999953e-02
6.999999999999999929e-04
1.209000000000000075e-01
5.000000000000000104e-04
1.680000000000000243e-02
4.000000000000000192e-04
6.999999999999999929e-04
6.000000000000000559e-04
2.440000000000000155e-02
2.000000000000000096e-04
1.460000000000000013e-02
2.000000000000000096e-04
2.320000000000000187e-02
1.000000000000000048e-04
7.730000000000000759e-02
1.500000000000000031e-03
5.200000000000000629e-03
2.000000000000000096e-04
3.790000000000000313e-02
3.000000000000000279e-04
4.700000000000000185e-03
4.400000000000000265e-03
6.200000000000000649e-03
1.000000000000000021e-03
2.299999999999999961e-02
5.000000000000000104e-04
3.080000000000000099e-02
2.000000000000000096e-04
6.000000000000000559e-04
2.000000000000000096e-04
5.100000000000000366e-03
3.000000000000000279e-04
2.730000000000000135e-02
6.999999999999999929e-04
7.800000000000000509e-03
1.230000000000000017e-02
1.110000000000000049e-02
3.200000000000000153e-03
5.000000000000000104e-04
4.000000000000000192e-04
6.599999999999999964e-03
8.000000000000000383e-04
3.600000000000000335e-03
4.000000000000000192e-04
4.200000000000000608e-03
8.899999999999999925e-03
5.100000000000000366e-03
5.000000000000000104e-04
1.450000000000000074e-02
1.000000000000000021e-03
1.899999999999999996e-03
1.000000000000000048e-04
2.200000000000000133e-03
4.000000000000000192e-04
1.600000000000000077e-03
1.330000000000000106e-02
1.000000000000000048e-04
1.930000000000000118e-02
2.040000000000000147e-02
5.000000000000000104e-04
1.300000000000000157e-03
8.000000000000000383e-04
1.200000000000000112e-03
3.000000000000000279e-04
2.310000000000000248e-02
3.000000000000000279e-04
1.200000000000000112e-03
5.000000000000000104e-04
1.680000000000000243e-02
3.000000000000000279e-04
3.849999999999999950e-02
8.000000000000000383e-04
6.000000000000000559e-04
2.000000000000000042e-03
4.980000000000000399e-02
1.000000000000000048e-04
3.930000000000000160e-02
3.000000000000000279e-04
9.799999999999999684e-03
1.800000000000000168e-03
3.720000000000000390e-02
3.000000000000000279e-04
9.499999999999999764e-03
5.000000000000000104e-04
6.100000000000000387e-03
4.000000000000000192e-04
2.160000000000000114e-02
2.000000000000000096e-04
2.320000000000000187e-02
9.000000000000000838e-04
4.599999999999999922e-03
5.000000000000000104e-04
1.060000000000000005e-02
1.000000000000000048e-04
1.460000000000000013e-02
6.999999999999999929e-04
1.800000000000000168e-03
2.000000000000000096e-04
2.450000000000000094e-02
1.100000000000000066e-03
1.000000000000000048e-04
3.799999999999999992e-03
3.000000000000000279e-04
1.020000000000000073e-02
2.000000000000000096e-04
5.599999999999999943e-03
2.940000000000000252e-02
4.000000000000000192e-04
3.300000000000000155e-02
2.000000000000000096e-04
3.000000000000000236e-02
1.300000000000000157e-03
4.100000000000000346e-03
1.500000000000000031e-03
1.130000000000000102e-02
8.000000000000000383e-04
3.000000000000000279e-04
2.200000000000000133e-03
4.899999999999999842e-03
1.300000000000000157e-03
2.230000000000000038e-02
8.000000000000000383e-04
2.630000000000000046e-02
4.000000000000000192e-04
1.130000000000000102e-02
3.000000000000000279e-04
9.600000000000000894e-03
4.000000000000000192e-04
3.299999999999999982e-03
6.999999999999999929e-04
3.900000000000000255e-03
1.500000000000000031e-03
7.000000000000000146e-03
9.000000000000000838e-04
1.170000000000000033e-02
2.299999999999999961e-03
8.400000000000001216e-03
6.000000000000000559e-04
6.700000000000000226e-03
2.000000000000000096e-04
2.000000000000000042e-03
4.000000000000000192e-04
1.220000000000000077e-02
2.000000000000000096e-04
1.560000000000000102e-02
2.200000000000000133e-03
4.230000000000000426e-02
2.000000000000000096e-04
1.000000000000000048e-04
6.999999999999999929e-04
8.000000000000000383e-04
8.000000000000000383e-04
2.370000000000000231e-02
8.000000000000000383e-04
1.399999999999999986e-03
1.000000000000000021e-03
1.609999999999999973e-02
3.000000000000000279e-04
4.800000000000000100e-02
3.000000000000000279e-04
1.990000000000000102e-02
2.000000000000000096e-04
1.250000000000000069e-02
4.000000000000000192e-04
6.300000000000000044e-03
6.000000000000000559e-04
2.299999999999999961e-03
4.000000000000000192e-04
2.670000000000000151e-02
3.400000000000000244e-03
4.200000000000000608e-03
4.000000000000000192e-04
8.600000000000000006e-03
1.000000000000000021e-03
4.819999999999999979e-02
6.000000000000000559e-04
6.599999999999999964e-03
6.000000000000000559e-04
5.200000000000000629e-03
8.000000000000000383e-04
3.500000000000000073e-03
9.000000000000000838e-04
7.200000000000000670e-03
2.000000000000000042e-03
1.619999999999999912e-02
6.000000000000000559e-04
1.399999999999999986e-03
1.700000000000000122e-03
1.920000000000000179e-02
3.799999999999999992e-03
6.500000000000000569e-03
6.000000000000000559e-04
4.880000000000000310e-02
6.999999999999999929e-04
1.700000000000000122e-03
2.000000000000000096e-04
1.760000000000000106e-02
2.000000000000000096e-04
2.480000000000000260e-02
4.000000000000000192e-04
8.899999999999999925e-03
4.000000000000000192e-04
3.100000000000000325e-03
4.700000000000000185e-03
1.850000000000000255e-02
5.000000000000000104e-04
3.870000000000000523e-02
3.000000000000000279e-04
3.389999999999999958e-02
6.100000000000000387e-03
1.530000000000000110e-02
4.000000000000000192e-04
2.799999999999999972e-03
4.000000000000000192e-04
5.599999999999999943e-03
7.400000000000000328e-03
8.200000000000000691e-03
1.100000000000000066e-03
2.270000000000000143e-02
4.000000000000000192e-04
2.000000000000000096e-04
1.800000000000000168e-03
3.000000000000000279e-04
3.000000000000000279e-04
2.000000000000000096e-04
1.000000000000000048e-04
3.000000000000000279e-04
6.000000000000000559e-04
5.000000000000000104e-04
3.100000000000000325e-03
3.799999999999999992e-03
2.100000000000000304e-03
7.500000000000000590e-03
1.000000000000000048e-04
6.500000000000000569e-03
1.700000000000000122e-03
7.700000000000000247e-03
5.000000000000000104e-04
3.980000000000000204e-02
5.000000000000000104e-04
2.520000000000000018e-02
4.000000000000000192e-04
3.650000000000000466e-02
6.999999999999999929e-04
7.100000000000000408e-03
3.000000000000000279e-04
4.700000000000000185e-03
1.100000000000000066e-03
2.620000000000000107e-02
3.000000000000000279e-04
1.990000000000000102e-02
2.000000000000000096e-04
1.110000000000000049e-02
4.000000000000000192e-04
1.280000000000000061e-02
4.000000000000000192e-04
3.169999999999999901e-02
5.800000000000000468e-03
4.400000000000000265e-03
9.300000000000000974e-03
1.070000000000000118e-02
1.590000000000000094e-02
1.800000000000000168e-03
7.500000000000000590e-03
9.900000000000000813e-03
3.700000000000000164e-03
1.899999999999999996e-03
3.530000000000000498e-02
2.600000000000000314e-03
2.940000000000000252e-02
1.800000000000000168e-03
1.710000000000000062e-02
3.000000000000000279e-04
2.299999999999999961e-03
1.899999999999999996e-03
1.000000000000000048e-04
6.000000000000000559e-04
1.370000000000000037e-02
3.700000000000000164e-03
9.199999999999999845e-03
1.600000000000000077e-03
4.200000000000000608e-03
1.080000000000000057e-02
2.800000000000000058e-02
2.500000000000000052e-03
1.910000000000000239e-02
3.299999999999999982e-03
1.899999999999999953e-02
3.000000000000000279e-04
4.400000000000000265e-03
6.000000000000000559e-04
3.100000000000000325e-03
3.600000000000000335e-03
8.000000000000000383e-04
1.899999999999999996e-03
1.300000000000000157e-03
2.400000000000000223e-03
2.000000000000000096e-04
6.900000000000000751e-03
2.000000000000000096e-04
4.800000000000000447e-03
1.000000000000000021e-03
5.200000000000000629e-03
4.000000000000000192e-04
6.999999999999999929e-04
1.000000000000000048e-04
1.899999999999999996e-03
1.000000000000000048e-04
4.000000000000000192e-04
5.000000000000000104e-04
2.440000000000000155e-02
1.600000000000000077e-03
8.300000000000000086e-03
4.000000000000000192e-04
1.200000000000000025e-02
1.000000000000000048e-04
5.400000000000000286e-03
3.000000000000000279e-04
1.899999999999999953e-02
6.999999999999999929e-04
1.209000000000000075e-01
5.000000000000000104e-04
1.680000000000000243e-02
4.000000000000000192e-04
6.999999999999999929e-04
6.000000000000000559e-04
2.440000000000000155e-02
2.000000000000000096e-04
1.460000000000000013e-02
2.000000000000000096e-04
2.320000000000000187e-02
1.000000000000000048e-04
7.730000000000000759e-02
1.399999999999999986e-03
5.300000000000000024e-03
2.000000000000000096e-04
3.790000000000000313e-02
3.000000000000000279e-04
4.599999999999999922e-03
4.500000000000000527e-03
6.200000000000000649e-03
1.000000000000000021e-03
2.299999999999999961e-02
4.000000000000000192e-04
3.080000000000000099e-02
3.000000000000000279e-04
6.000000000000000559e-04
2.000000000000000096e-04
5.100000000000000366e-03
3.000000000000000279e-04
2.730000000000000135e-02
6.999999999999999929e-04
7.800000000000000509e-03
1.220000000000000077e-02
1.119999999999999989e-02
3.200000000000000153e-03
5.000000000000000104e-04
4.000000000000000192e-04
6.599999999999999964e-03
8.000000000000000383e-04
3.600000000000000335e-03
4.000000000000000192e-04
4.200000000000000608e-03
8.899999999999999925e-03
5.000000000000000104e-03
5.000000000000000104e-04
1.460000000000000013e-02
1.000000000000000021e-03
1.899999999999999996e-03
1.000000000000000048e-04
2.200000000000000133e-03
4.000000000000000192e-04
1.600000000000000077e-03
3.260000000000000397e-02
2.040000000000000147e-02
5.000000000000000104e-04
1.399999999999999986e-03
8.000000000000000383e-04
1.200000000000000112e-03
3.000000000000000279e-04
2.310000000000000248e-02
2.000000000000000096e-04
1.300000000000000157e-03
5.000000000000000104e-04
1.680000000000000243e-02
2.000000000000000096e-04
3.860000000000000236e-02
8.000000000000000383e-04
6.000000000000000559e-04
2.000000000000000042e-03
8.920000000000000151e-02
3.000000000000000279e-04
9.799999999999999684e-03
1.800000000000000168e-03
3.720000000000000390e-02
3.000000000000000279e-04
9.400000000000000369e-03
6.000000000000000559e-04
6.100000000000000387e-03
3.000000000000000279e-04
2.170000000000000054e-02
2.000000000000000096e-04
2.320000000000000187e-02
9.000000000000000838e-04
4.599999999999999922e-03
5.000000000000000104e-04
1.060000000000000005e-02
1.000000000000000048e-04
1.460000000000000013e-02
6.999999999999999929e-04
1.800000000000000168e-03
2.000000000000000096e-04
2.440000000000000155e-02
1.200000000000000112e-03
1.000000000000000048e-04
3.799999999999999992e-03
3.000000000000000279e-04
1.020000000000000073e-02
2.000000000000000096e-04
5.599999999999999943e-03
2.940000000000000252e-02
3.000000000000000279e-04
3.310000000000000442e-02
2.000000000000000096e-04
3.000000000000000236e-02
1.300000000000000157e-03
4.100000000000000346e-03
1.500000000000000031e-03
1.119999999999999989e-02
9.000000000000000838e-04
3.000000000000000279e-04
2.200000000000000133e-03
4.899999999999999842e-03
1.300000000000000157e-03
2.230000000000000038e-02
8.000000000000000383e-04
2.630000000000000046e-02
4.000000000000000192e-04
1.130000000000000102e-02
2.000000000000000096e-04
9.700000000000000289e-03
4.000000000000000192e-04
3.299999999999999982e-03
6.999999999999999929e-04
3.900000000000000255e-03
1.500000000000000031e-03
7.000000000000000146e-03
9.000000000000000838e-04
1.170000000000000033e-02
2.299999999999999961e-03
8.400000000000001216e-03
6.000000000000000559e-04
6.700000000000000226e-03
1.000000000000000048e-04
2.100000000000000304e-03
4.000000000000000192e-04
1.220000000000000077e-02
2.000000000000000096e-04
1.560000000000000102e-02
2.200000000000000133e-03
4.220000000000000140e-02
3.000000000000000279e-04
1.000000000000000048e-04
6.999999999999999929e-04
8.000000000000000383e-04
8.000000000000000383e-04
2.370000000000000231e-02
8.000000000000000383e-04
1.399999999999999986e-03
9.000000000000000838e-04
1.619999999999999912e-02
3.000000000000000279e-04
4.800000000000000100e-02
3.000000000000000279e-04
1.990000000000000102e-02
2.000000000000000096e-04
1.250000000000000069e-02
4.000000000000000192e-04
6.300000000000000044e-03
6.000000000000000559e-04
2.299999999999999961e-03
4.000000000000000192e-04
2.670000000000000151e-02
3.400000000000000244e-03
4.200000000000000608e-03
3.000000000000000279e-04
8.700000000000001135e-03
1.000000000000000021e-03
4.819999999999999979e-02
6.000000000000000559e-04
6.599999999999999964e-03
5.000000000000000104e-04
5.300000000000000024e-03
8.000000000000000383e-04
3.500000000000000073e-03
9.000000000000000838e-04
7.200000000000000670e-03
2.000000000000000042e-03
1.619999999999999912e-02
6.000000000000000559e-04
1.399999999999999986e-03
1.700000000000000122e-03
1.920000000000000179e-02
3.799999999999999992e-03
6.500000000000000569e-03
6.000000000000000559e-04
4.880000000000000310e-02
6.000000000000000559e-04
1.800000000000000168e-03
2.000000000000000096e-04
1.760000000000000106e-02
2.000000000000000096e-04
2.480000000000000260e-02
4.000000000000000192e-04
8.800000000000000530e-03
4.000000000000000192e-04
3.200000000000000153e-03
4.700000000000000185e-03
1.850000000000000255e-02
5.000000000000000104e-04
3.870000000000000523e-02
3.000000000000000279e-04
3.389999999999999958e-02
6.100000000000000387e-03
1.530000000000000110e-02
4.000000000000000192e-04
2.799999999999999972e-03
4.000000000000000192e-04
5.599999999999999943e-03
7.400000000000000328e-03
8.200000000000000691e-03
1.100000000000000066e-03
2.270000000000000143e-02
4.000000000000000192e-04
2.000000000000000096e-04
1.800000000000000168e-03
3.000000000000000279e-04
3.000000000000000279e-04
1.000000000000000048e-04
2.000000000000000096e-04
3.000000000000000279e-04
6.000000000000000559e-04
5.000000000000000104e-04
3.100000000000000325e-03
3.700000000000000164e-03
2.200000000000000133e-03
7.500000000000000590e-03
1.000000000000000048e-04
6.400000000000000307e-03
1.800000000000000168e-03
7.700000000000000247e-03
5.000000000000000104e-04
3.980000000000000204e-02
5.000000000000000104e-04
2.520000000000000018e-02
4.000000000000000192e-04
3.650000000000000466e-02
6.999999999999999929e-04
7.100000000000000408e-03
3.000000000000000279e-04
4.700000000000000185e-03
1.000000000000000021e-03
2.630000000000000046e-02
3.000000000000000279e-04
1.990000000000000102e-02
1.000000000000000048e-04
1.119999999999999989e-02
4.000000000000000192e-04
1.280000000000000061e-02
4.000000000000000192e-04
3.169999999999999901e-02
5.800000000000000468e-03
4.400000000000000265e-03
9.300000000000000974e-03
1.070000000000000118e-02
1.590000000000000094e-02
1.800000000000000168e-03
7.500000000000000590e-03
9.900000000000000813e-03
3.700000000000000164e-03
1.899999999999999996e-03
3.530000000000000498e-02
2.600000000000000314e-03
2.940000000000000252e-02
1.800000000000000168e-03
1.710000000000000062e-02
3.000000000000000279e-04
2.299999999999999961e-03
1.899999999999999996e-03
1.000000000000000048e-04
6.000000000000000559e-04
1.370000000000000037e-02
3.700000000000000164e-03
9.199999999999999845e-03
1.600000000000000077e-03
4.200000000000000608e-03
1.080000000000000057e-02
2.800000000000000058e-02
2.500000000000000052e-03
1.910000000000000239e-02
3.299999999999999982e-03
1.899999999999999953e-02
3.000000000000000279e-04
4.400000000000000265e-03
6.000000000000000559e-04
3.100000000000000325e-03
3.600000000000000335e-03
8.000000000000000383e-04
1.899999999999999996e-03
1.300000000000000157e-03
2.400000000000000223e-03
2.000000000000000096e-04
6.900000000000000751e-03
2.000000000000000096e-04
4.800000000000000447e-03
1.000000000000000021e-03
5.200000000000000629e-03
4.000000000000000192e-04
6.999999999999999929e-04
1.000000000000000048e-04
1.899999999999999996e-03
1.000000000000000048e-04
4.000000000000000192e-04
5.000000000000000104e-04
2.440000000000000155e-02
1.600000000000000077e-03
8.200000000000000691e-03
5.000000000000000104e-04
1.200000000000000025e-02
1.000000000000000048e-04
5.300000000000000024e-03
4.000000000000000192e-04
1.899999999999999953e-02
6.999999999999999929e-04
1.209000000000000075e-01
5.000000000000000104e-04
1.680000000000000243e-02
4.000000000000000192e-04
6.999999999999999929e-04
6.000000000000000559e-04
2.440000000000000155e-02
2.000000000000000096e-04
1.460000000000000013e-02
2.000000000000000096e-04
2.320000000000000187e-02
1.000000000000000048e-04
7.730000000000000759e-02
1.399999999999999986e-03
5.300000000000000024e-03
2.000000000000000096e-04
3.790000000000000313e-02
3.000000000000000279e-04
4.599999999999999922e-03
4.500000000000000527e-03
6.200000000000000649e-03
1.000000000000000021e-03
2.299999999999999961e-02
4.000000000000000192e-04
3.080000000000000099e-02
3.000000000000000279e-04
5.000000000000000104e-04
3.000000000000000279e-04
5.100000000000000366e-03
3.000000000000000279e-04
2.720000000000000195e-02
8.000000000000000383e-04
7.800000000000000509e-03
1.220000000000000077e-02
1.119999999999999989e-02
3.200000000000000153e-03
5.000000000000000104e-04
4.000000000000000192e-04
6.599999999999999964e-03
6.999999999999999929e-04
3.600000000000000335e-03
5.000000000000000104e-04
4.100000000000000346e-03
9.000000000000001055e-03
5.000000000000000104e-03
5.000000000000000104e-04
1.460000000000000013e-02
1.000000000000000021e-03
1.899999999999999996e-03
1.000000000000000048e-04
2.200000000000000133e-03
4.000000000000000192e-04
1.600000000000000077e-03
3.260000000000000397e-02
2.040000000000000147e-02
5.000000000000000104e-04
1.399999999999999986e-03
8.000000000000000383e-04
1.200000000000000112e-03
3.000000000000000279e-04
2.310000000000000248e-02
2.000000000000000096e-04
1.300000000000000157e-03
5.000000000000000104e-04
1.680000000000000243e-02
2.000000000000000096e-04
3.860000000000000236e-02
8.000000000000000383e-04
6.000000000000000559e-04
2.000000000000000042e-03
8.920000000000000151e-02
3.000000000000000279e-04
9.799999999999999684e-03
1.800000000000000168e-03
3.720000000000000390e-02
3.000000000000000279e-04
9.400000000000000369e-03
6.000000000000000559e-04
6.100000000000000387e-03
3.000000000000000279e-04
2.170000000000000054e-02
2.000000000000000096e-04
2.320000000000000187e-02
9.000000000000000838e-04
4.599999999999999922e-03
5.000000000000000104e-04
1.060000000000000005e-02
1.000000000000000048e-04
1.460000000000000013e-02
6.000000000000000559e-04
1.899999999999999996e-03
2.000000000000000096e-04
2.440000000000000155e-02
1.200000000000000112e-03
1.000000000000000048e-04
3.799999999999999992e-03
3.000000000000000279e-04
1.020000000000000073e-02
2.000000000000000096e-04
5.599999999999999943e-03
2.940000000000000252e-02
3.000000000000000279e-04
3.310000000000000442e-02
2.000000000000000096e-04
3.000000000000000236e-02
1.200000000000000112e-03
4.100000000000000346e-03
1.600000000000000077e-03
1.119999999999999989e-02
9.000000000000000838e-04
2.000000000000000096e-04
2.299999999999999961e-03
4.899999999999999842e-03
1.300000000000000157e-03
2.230000000000000038e-02
8.000000000000000383e-04
2.630000000000000046e-02
4.000000000000000192e-04
1.130000000000000102e-02
2.000000000000000096e-04
9.700000000000000289e-03
3.000000000000000279e-04
3.400000000000000244e-03
6.999999999999999929e-04
3.900000000000000255e-03
1.500000000000000031e-03
6.900000000000000751e-03
1.000000000000000021e-03
1.170000000000000033e-02
2.299999999999999961e-03
8.400000000000001216e-03
6.000000000000000559e-04
6.700000000000000226e-03
1.000000000000000048e-04
2.000000000000000042e-03
4.000000000000000192e-04
1.230000000000000017e-02
2.000000000000000096e-04
1.560000000000000102e-02
2.200000000000000133e-03
4.220000000000000140e-02
3.000000000000000279e-04
1.000000000000000048e-04
6.999999999999999929e-04
8.000000000000000383e-04
8.000000000000000383e-04
2.370000000000000231e-02
8.000000000000000383e-04
1.399999999999999986e-03
9.000000000000000838e-04
1.619999999999999912e-02
3.000000000000000279e-04
4.800000000000000100e-02
3.000000000000000279e-04
1.990000000000000102e-02
2.000000000000000096e-04
1.250000000000000069e-02
4.000000000000000192e-04
6.300000000000000044e-03
5.000000000000000104e-04
2.400000000000000223e-03
4.000000000000000192e-04
2.670000000000000151e-02
3.400000000000000244e-03
4.200000000000000608e-03
3.000000000000000279e-04
8.700000000000001135e-03
1.000000000000000021e-03
4.819999999999999979e-02
6.000000000000000559e-04
6.599999999999999964e-03
5.000000000000000104e-04
5.200000000000000629e-03
9.000000000000000838e-04
3.400000000000000244e-03
1.000000000000000021e-03
7.200000000000000670e-03
1.899999999999999996e-03
1.630000000000000199e-02
6.000000000000000559e-04
1.399999999999999986e-03
1.700000000000000122e-03
1.910000000000000239e-02
3.900000000000000255e-03
6.500000000000000569e-03
6.000000000000000559e-04
4.880000000000000310e-02
6.000000000000000559e-04
1.800000000000000168e-03
2.000000000000000096e-04
1.760000000000000106e-02
2.000000000000000096e-04
2.480000000000000260e-02
3.000000000000000279e-04
8.899999999999999925e-03
4.000000000000000192e-04
3.200000000000000153e-03
4.700000000000000185e-03
1.850000000000000255e-02
4.000000000000000192e-04
3.880000000000000115e-02
2.000000000000000096e-04
3.400000000000000244e-02
6.100000000000000387e-03
1.530000000000000110e-02
4.000000000000000192e-04
2.799999999999999972e-03
4.000000000000000192e-04
5.500000000000000548e-03
7.500000000000000590e-03
8.200000000000000691e-03
1.100000000000000066e-03
2.270000000000000143e-02
4.000000000000000192e-04
2.000000000000000096e-04
1.800000000000000168e-03
3.000000000000000279e-04
3.000000000000000279e-04
1.000000000000000048e-04
2.000000000000000096e-04
3.000000000000000279e-04
5.000000000000000104e-04
6.000000000000000559e-04
3.000000000000000062e-03
3.799999999999999992e-03
2.200000000000000133e-03
1.400000000000000029e-02
1.800000000000000168e-03
7.700000000000000247e-03
5.000000000000000104e-04
3.980000000000000204e-02
5.000000000000000104e-04
2.520000000000000018e-02
4.000000000000000192e-04
3.650000000000000466e-02
6.000000000000000559e-04
7.200000000000000670e-03
3.000000000000000279e-04
4.700000000000000185e-03
1.000000000000000021e-03
2.620000000000000107e-02
4.000000000000000192e-04
1.990000000000000102e-02
1.000000000000000048e-04
1.119999999999999989e-02
3.000000000000000279e-04
1.290000000000000001e-02
3.000000000000000279e-04
3.180000000000000188e-02
5.800000000000000468e-03
4.400000000000000265e-03
9.300000000000000974e-03
1.070000000000000118e-02
1.590000000000000094e-02
1.800000000000000168e-03
7.500000000000000590e-03
9.900000000000000813e-03
3.700000000000000164e-03
1.899999999999999996e-03
3.520000000000000212e-02
2.700000000000000143e-03
2.940000000000000252e-02
1.800000000000000168e-03
1.710000000000000062e-02
3.000000000000000279e-04
2.299999999999999961e-03
1.899999999999999996e-03
1.000000000000000048e-04
6.000000000000000559e-04
1.370000000000000037e-02
3.700000000000000164e-03
9.199999999999999845e-03
1.600000000000000077e-03
4.200000000000000608e-03
1.080000000000000057e-02
2.800000000000000058e-02
2.500000000000000052e-03
1.910000000000000239e-02
3.299999999999999982e-03
1.899999999999999953e-02
3.000000000000000279e-04
4.400000000000000265e-03
6.000000000000000559e-04
3.100000000000000325e-03
3.600000000000000335e-03
8.000000000000000383e-04
1.899999999999999996e-03
1.300000000000000157e-03
2.400000000000000223e-03
2.000000000000000096e-04
6.900000000000000751e-03
2.000000000000000096e-04
4.800000000000000447e-03
1.000000000000000021e-03
5.200000000000000629e-03
4.000000000000000192e-04
6.999999999999999929e-04
1.000000000000000048e-04
1.800000000000000168e-03
2.000000000000000096e-04
4.000000000000000192e-04
5.000000000000000104e-04
2.440000000000000155e-02
1.600000000000000077e-03
8.200000000000000691e-03
5.000000000000000104e-04
1.200000000000000025e-02
1.000000000000000048e-04
5.300000000000000024e-03
4.000000000000000192e-04
1.899999999999999953e-02
6.999999999999999929e-04
1.209000000000000075e-01
4.000000000000000192e-04
1.690000000000000183e-02
4.000000000000000192e-04
6.999999999999999929e-04
5.000000000000000104e-04
2.440000000000000155e-02
2.000000000000000096e-04
1.470000000000000126e-02
2.000000000000000096e-04
2.320000000000000187e-02
1.000000000000000048e-04
7.720000000000000473e-02
1.500000000000000031e-03
5.300000000000000024e-03
2.000000000000000096e-04
3.790000000000000313e-02
3.000000000000000279e-04
4.599999999999999922e-03
4.500000000000000527e-03
6.200000000000000649e-03
1.000000000000000021e-03
2.299999999999999961e-02
4.000000000000000192e-04
3.080000000000000099e-02
3.000000000000000279e-04
5.000000000000000104e-04
2.000000000000000096e-04
5.200000000000000629e-03
3.000000000000000279e-04
2.720000000000000195e-02
8.000000000000000383e-04
7.800000000000000509e-03
1.220000000000000077e-02
1.119999999999999989e-02
3.200000000000000153e-03
4.000000000000000192e-04
5.000000000000000104e-04
6.599999999999999964e-03
6.999999999999999929e-04
3.600000000000000335e-03
5.000000000000000104e-04
4.100000000000000346e-03
9.000000000000001055e-03
5.000000000000000104e-03
5.000000000000000104e-04
1.460000000000000013e-02
1.000000000000000021e-03
1.899999999999999996e-03
1.000000000000000048e-04
2.200000000000000133e-03
4.000000000000000192e-04
1.600000000000000077e-03
3.260000000000000397e-02
2.040000000000000147e-02
5.000000000000000104e-04
1.399999999999999986e-03
8.000000000000000383e-04
1.200000000000000112e-03
3.000000000000000279e-04
2.310000000000000248e-02
2.000000000000000096e-04
1.300000000000000157e-03
5.000000000000000104e-04
1.680000000000000243e-02
2.000000000000000096e-04
3.860000000000000236e-02
8.000000000000000383e-04
6.000000000000000559e-04
2.000000000000000042e-03
4.970000000000000112e-02
1.000000000000000048e-04
3.940000000000000446e-02
3.000000000000000279e-04
9.799999999999999684e-03
1.800000000000000168e-03
3.720000000000000390e-02
3.000000000000000279e-04
9.400000000000000369e-03
6.000000000000000559e-04
6.100000000000000387e-03
3.000000000000000279e-04
2.170000000000000054e-02
2.000000000000000096e-04
2.320000000000000187e-02
8.000000000000000383e-04
4.700000000000000185e-03
5.000000000000000104e-04
1.060000000000000005e-02
1.000000000000000048e-04
1.460000000000000013e-02
6.000000000000000559e-04
1.800000000000000168e-03
3.000000000000000279e-04
2.440000000000000155e-02
1.200000000000000112e-03
1.000000000000000048e-04
3.799999999999999992e-03
3.000000000000000279e-04
1.020000000000000073e-02
2.000000000000000096e-04
5.599999999999999943e-03
2.940000000000000252e-02
3.000000000000000279e-04
3.310000000000000442e-02
2.000000000000000096e-04
3.000000000000000236e-02
1.200000000000000112e-03
4.100000000000000346e-03
1.600000000000000077e-03
1.119999999999999989e-02
9.000000000000000838e-04
2.000000000000000096e-04
2.299999999999999961e-03
4.899999999999999842e-03
1.300000000000000157e-03
2.230000000000000038e-02
8.000000000000000383e-04
2.630000000000000046e-02
4.000000000000000192e-04
1.130000000000000102e-02
2.000000000000000096e-04
9.700000000000000289e-03
3.000000000000000279e-04
3.299999999999999982e-03
6.999999999999999929e-04
4.000000000000000083e-03
1.500000000000000031e-03
6.900000000000000751e-03
1.000000000000000021e-03
1.170000000000000033e-02
2.299999999999999961e-03
8.400000000000001216e-03
6.000000000000000559e-04
6.700000000000000226e-03
1.000000000000000048e-04
2.000000000000000042e-03
4.000000000000000192e-04
1.230000000000000017e-02
2.000000000000000096e-04
1.560000000000000102e-02
2.200000000000000133e-03
4.220000000000000140e-02
3.000000000000000279e-04
1.000000000000000048e-04
6.000000000000000559e-04
9.000000000000000838e-04
8.000000000000000383e-04
2.370000000000000231e-02
8.000000000000000383e-04
1.399999999999999986e-03
9.000000000000000838e-04
1.619999999999999912e-02
3.000000000000000279e-04
4.790000000000000507e-02
3.000000000000000279e-04
2.000000000000000042e-02
2.000000000000000096e-04
1.250000000000000069e-02
4.000000000000000192e-04
6.300000000000000044e-03
5.000000000000000104e-04
2.400000000000000223e-03
4.000000000000000192e-04
2.660000000000000211e-02
3.400000000000000244e-03
4.300000000000000003e-03
3.000000000000000279e-04
8.700000000000001135e-03
1.000000000000000021e-03
4.819999999999999979e-02
6.000000000000000559e-04
6.500000000000000569e-03
6.000000000000000559e-04
5.200000000000000629e-03
9.000000000000000838e-04
3.400000000000000244e-03
1.000000000000000021e-03
7.200000000000000670e-03
1.899999999999999996e-03
1.630000000000000199e-02
6.000000000000000559e-04
1.399999999999999986e-03
1.700000000000000122e-03
1.910000000000000239e-02
3.900000000000000255e-03
6.500000000000000569e-03
5.000000000000000104e-04
4.889999999999999902e-02
6.000000000000000559e-04
1.800000000000000168e-03
2.000000000000000096e-04
1.760000000000000106e-02
2.000000000000000096e-04
2.480000000000000260e-02
3.000000000000000279e-04
8.899999999999999925e-03
4.000000000000000192e-04
3.200000000000000153e-03
4.700000000000000185e-03
1.850000000000000255e-02
4.000000000000000192e-04
3.870000000000000523e-02
3.000000000000000279e-04
3.400000000000000244e-02
1.700000000000000122e-03
1.000000000000000048e-04
4.300000000000000003e-03
1.530000000000000110e-02
4.000000000000000192e-04
2.799999999999999972e-03
4.000000000000000192e-04
5.500000000000000548e-03
7.500000000000000590e-03
8.200000000000000691e-03
1.100000000000000066e-03
2.270000000000000143e-02
4.000000000000000192e-04
2.000000000000000096e-04
1.800000000000000168e-03
2.000000000000000096e-04
4.000000000000000192e-04
1.000000000000000048e-04
2.000000000000000096e-04
3.000000000000000279e-04
5.000000000000000104e-04
6.000000000000000559e-04
3.000000000000000062e-03
3.799999999999999992e-03
2.200000000000000133e-03
1.400000000000000029e-02
1.800000000000000168e-03
7.700000000000000247e-03
5.000000000000000104e-04
3.980000000000000204e-02
5.000000000000000104e-04
2.520000000000000018e-02
4.000000000000000192e-04
3.650000000000000466e-02
6.000000000000000559e-04
7.200000000000000670e-03
3.000000000000000279e-04
4.599999999999999922e-03
1.100000000000000066e-03
2.620000000000000107e-02
4.000000000000000192e-04
1.990000000000000102e-02
1.000000000000000048e-04
1.119999999999999989e-02
3.000000000000000279e-04
1.290000000000000001e-02
3.000000000000000279e-04
3.180000000000000188e-02
5.800000000000000468e-03
4.300000000000000003e-03
9.400000000000000369e-03
1.070000000000000118e-02
1.590000000000000094e-02
1.800000000000000168e-03
7.400000000000000328e-03
9.900000000000000813e-03
3.799999999999999992e-03
1.899999999999999996e-03
3.520000000000000212e-02
2.700000000000000143e-03
2.930000000000000313e-02
1.899999999999999996e-03
1.710000000000000062e-02
3.000000000000000279e-04
2.299999999999999961e-03
1.899999999999999996e-03
1.000000000000000048e-04
5.000000000000000104e-04
1.370000000000000037e-02
3.799999999999999992e-03
9.100000000000000450e-03
1.700000000000000122e-03
4.200000000000000608e-03
1.080000000000000057e-02
2.800000000000000058e-02
2.500000000000000052e-03
1.910000000000000239e-02
3.299999999999999982e-03
1.899999999999999953e-02
3.000000000000000279e-04
4.400000000000000265e-03
6.000000000000000559e-04
3.100000000000000325e-03
3.500000000000000073e-03
9.000000000000000838e-04
1.899999999999999996e-03
1.300000000000000157e-03
2.400000000000000223e-03
2.000000000000000096e-04
6.800000000000000488e-03
3.000000000000000279e-04
4.800000000000000447e-03
1.000000000000000021e-03
5.200000000000000629e-03
4.000000000000000192e-04
6.000000000000000559e-04
2.000000000000000096e-04
1.800000000000000168e-03
2.000000000000000096e-04
4.000000000000000192e-04
5.000000000000000104e-04
2.430000000000000215e-02
1.700000000000000122e-03
8.200000000000000691e-03
4.000000000000000192e-04
1.210000000000000138e-02
1.000000000000000048e-04
5.300000000000000024e-03
4.000000000000000192e-04
1.899999999999999953e-02
6.999999999999999929e-04
1.208000000000000046e-01
5.000000000000000104e-04
1.690000000000000183e-02
4.000000000000000192e-04
6.999999999999999929e-04
5.000000000000000104e-04
2.440000000000000155e-02
2.000000000000000096e-04
1.470000000000000126e-02
2.000000000000000096e-04
2.310000000000000248e-02
2.000000000000000096e-04
7.720000000000000473e-02
1.500000000000000031e-03
5.300000000000000024e-03
2.000000000000000096e-04
3.790000000000000313e-02
3.000000000000000279e-04
4.599999999999999922e-03
4.400000000000000265e-03
6.300000000000000044e-03
1.000000000000000021e-03
2.299999999999999961e-02
4.000000000000000192e-04
3.080000000000000099e-02
3.000000000000000279e-04
5.000000000000000104e-04
2.000000000000000096e-04
5.200000000000000629e-03
3.000000000000000279e-04
2.720000000000000195e-02
6.999999999999999929e-04
7.900000000000000772e-03
1.220000000000000077e-02
1.119999999999999989e-02
3.200000000000000153e-03
4.000000000000000192e-04
5.000000000000000104e-04
6.599999999999999964e-03
6.999999999999999929e-04
3.600000000000000335e-03
4.000000000000000192e-04
4.200000000000000608e-03
9.000000000000001055e-03
5.000000000000000104e-03
5.000000000000000104e-04
1.460000000000000013e-02
1.000000000000000021e-03
1.899999999999999996e-03
1.000000000000000048e-04
2.100000000000000304e-03
5.000000000000000104e-04
1.600000000000000077e-03
3.260000000000000397e-02
2.040000000000000147e-02
5.000000000000000104e-04
1.399999999999999986e-03
6.999999999999999929e-04
1.300000000000000157e-03
2.000000000000000096e-04
2.320000000000000187e-02
2.000000000000000096e-04
1.300000000000000157e-03
5.000000000000000104e-04
1.680000000000000243e-02
2.000000000000000096e-04
3.860000000000000236e-02
8.000000000000000383e-04
6.000000000000000559e-04
2.000000000000000042e-03
4.970000000000000112e-02
1.000000000000000048e-04
3.940000000000000446e-02
3.000000000000000279e-04
9.799999999999999684e-03
1.800000000000000168e-03
3.720000000000000390e-02
2.000000000000000096e-04
9.499999999999999764e-03
6.000000000000000559e-04
6.100000000000000387e-03
3.000000000000000279e-04
2.170000000000000054e-02
2.000000000000000096e-04
2.320000000000000187e-02
8.000000000000000383e-04
4.700000000000000185e-03
5.000000000000000104e-04
1.060000000000000005e-02
1.000000000000000048e-04
1.460000000000000013e-02
6.000000000000000559e-04
1.800000000000000168e-03
3.000000000000000279e-04
2.440000000000000155e-02
1.200000000000000112e-03
1.000000000000000048e-04
3.799999999999999992e-03
2.000000000000000096e-04
1.020000000000000073e-02
3.000000000000000279e-04
5.500000000000000548e-03
2.950000000000000192e-02
3.000000000000000279e-04
3.310000000000000442e-02
2.000000000000000096e-04
3.000000000000000236e-02
1.200000000000000112e-03
4.100000000000000346e-03
1.600000000000000077e-03
1.119999999999999989e-02
9.000000000000000838e-04
2.000000000000000096e-04
2.299999999999999961e-03
4.899999999999999842e-03
1.300000000000000157e-03
2.230000000000000038e-02
8.000000000000000383e-04
2.630000000000000046e-02
4.000000000000000192e-04
1.119999999999999989e-02
3.000000000000000279e-04
9.700000000000000289e-03
3.000000000000000279e-04
3.299999999999999982e-03
6.999999999999999929e-04
4.000000000000000083e-03
1.500000000000000031e-03
6.900000000000000751e-03
1.000000000000000021e-03
1.170000000000000033e-02
2.299999999999999961e-03
8.400000000000001216e-03
6.000000000000000559e-04
6.700000000000000226e-03
1.000000000000000048e-04
2.000000000000000042e-03
4.000000000000000192e-04
1.230000000000000017e-02
2.000000000000000096e-04
1.560000000000000102e-02
2.100000000000000304e-03
4.230000000000000426e-02
3.000000000000000279e-04
1.000000000000000048e-04
6.000000000000000559e-04
9.000000000000000838e-04
8.000000000000000383e-04
2.370000000000000231e-02
8.000000000000000383e-04
1.399999999999999986e-03
9.000000000000000838e-04
1.619999999999999912e-02
3.000000000000000279e-04
4.790000000000000507e-02
3.000000000000000279e-04
2.000000000000000042e-02
2.000000000000000096e-04
1.250000000000000069e-02
3.000000000000000279e-04
6.400000000000000307e-03
5.000000000000000104e-04
2.400000000000000223e-03
4.000000000000000192e-04
2.660000000000000211e-02
3.400000000000000244e-03
4.300000000000000003e-03
3.000000000000000279e-04
8.700000000000001135e-03
1.000000000000000021e-03
4.819999999999999979e-02
6.000000000000000559e-04
6.500000000000000569e-03
6.000000000000000559e-04
5.200000000000000629e-03
9.000000000000000838e-04
3.400000000000000244e-03
1.000000000000000021e-03
7.200000000000000670e-03
1.899999999999999996e-03
1.630000000000000199e-02
6.000000000000000559e-04
1.399999999999999986e-03
1.700000000000000122e-03
1.910000000000000239e-02
3.900000000000000255e-03
6.400000000000000307e-03
6.000000000000000559e-04
4.889999999999999902e-02
6.000000000000000559e-04
1.800000000000000168e-03
2.000000000000000096e-04
1.760000000000000106e-02
2.000000000000000096e-04
2.469999999999999973e-02
4.000000000000000192e-04
8.899999999999999925e-03
4.000000000000000192e-04
3.200000000000000153e-03
4.700000000000000185e-03
1.850000000000000255e-02
4.000000000000000192e-04
3.870000000000000523e-02
3.000000000000000279e-04
3.400000000000000244e-02
1.700000000000000122e-03
1.000000000000000048e-04
4.300000000000000003e-03
1.530000000000000110e-02
4.000000000000000192e-04
2.799999999999999972e-03
4.000000000000000192e-04
5.500000000000000548e-03
7.500000000000000590e-03
8.099999999999999561e-03
1.100000000000000066e-03
2.280000000000000082e-02
4.000000000000000192e-04
2.000000000000000096e-04
1.800000000000000168e-03
2.000000000000000096e-04
4.000000000000000192e-04
1.000000000000000048e-04
2.000000000000000096e-04
3.000000000000000279e-04
5.000000000000000104e-04
6.000000000000000559e-04
3.000000000000000062e-03
3.799999999999999992e-03
2.200000000000000133e-03
1.400000000000000029e-02
1.800000000000000168e-03
7.599999999999999985e-03
6.000000000000000559e-04
3.980000000000000204e-02
5.000000000000000104e-04
2.520000000000000018e-02
4.000000000000000192e-04
3.640000000000000180e-02
6.999999999999999929e-04
7.200000000000000670e-03
2.000000000000000096e-04
4.700000000000000185e-03
1.100000000000000066e-03
2.620000000000000107e-02
4.000000000000000192e-04
1.990000000000000102e-02
1.000000000000000048e-04
1.119999999999999989e-02
3.000000000000000279e-04
1.290000000000000001e-02
3.000000000000000279e-04
3.180000000000000188e-02
5.700000000000000205e-03
4.400000000000000265e-03
9.400000000000000369e-03
