2.310000000000000248e-02
1.800000000000000168e-03
2.220000000000000098e-02
4.200000000000000608e-03
3.400000000000000244e-03
4.000000000000000192e-04
2.570000000000000062e-02
2.000000000000000096e-04
3.000000000000000062e-03
1.700000000000000122e-03
8.200000000000000691e-03
4.000000000000000192e-04
4.000000000000000192e-04
2.000000000000000096e-04
2.400000000000000223e-03
2.000000000000000096e-04
1.800000000000000168e-03
3.000000000000000279e-04
2.100000000000000304e-03
5.000000000000000104e-04
4.800000000000000447e-03
8.000000000000000383e-04
6.819999999999999674e-02
3.000000000000000062e-03
1.089999999999999997e-02
3.000000000000000062e-03
7.500000000000000590e-03
2.000000000000000096e-04
1.070000000000000118e-02
2.000000000000000096e-04
5.080000000000000487e-02
2.200000000000000133e-03
2.050000000000000086e-02
1.000000000000000021e-03
6.599999999999999964e-03
5.000000000000000104e-04
4.000000000000000192e-04
1.100000000000000066e-03
8.000000000000000383e-04
1.300000000000000157e-03
4.000000000000000192e-04
6.999999999999999929e-04
1.000000000000000021e-03
2.000000000000000096e-04
1.000000000000000021e-03
6.000000000000000559e-04
1.370000000000000037e-02
3.000000000000000279e-04
6.860000000000000819e-02
4.000000000000000192e-04
4.000000000000000192e-04
3.000000000000000279e-04
3.700000000000000164e-03
1.000000000000000021e-03
3.000000000000000279e-04
5.000000000000000104e-04
5.000000000000000104e-04
2.000000000000000096e-04
1.000000000000000021e-03
5.000000000000000104e-04
7.599999999999999985e-03
3.000000000000000279e-04
5.000000000000000104e-04
1.100000000000000066e-03
6.999999999999999929e-04
1.200000000000000112e-03
1.500000000000000031e-03
1.100000000000000066e-03
1.399999999999999986e-03
3.000000000000000279e-04
1.300000000000000157e-03
2.000000000000000096e-04
4.000000000000000192e-04
2.500000000000000052e-03
1.800000000000000168e-03
2.000000000000000096e-04
1.980000000000000163e-02
1.399999999999999986e-03
1.450000000000000074e-02
6.200000000000000649e-03
1.100000000000000066e-03
2.700000000000000143e-03
2.040000000000000147e-02
4.000000000000000192e-04
3.600000000000000335e-03
6.000000000000000559e-04
1.600000000000000077e-03
1.000000000000000021e-03
2.150000000000000175e-02
3.000000000000000279e-04
2.230000000000000038e-02
8.000000000000000383e-04
9.900000000000000813e-03
3.000000000000000279e-04
1.210000000000000138e-02
5.000000000000000104e-04
4.599999999999999922e-03
6.999999999999999929e-04
6.800000000000000488e-03
1.200000000000000112e-03
8.899999999999999925e-03
1.300000000000000157e-03
1.200000000000000025e-02
2.000000000000000096e-04
2.380000000000000171e-02
1.100000000000000066e-03
4.000000000000000083e-03
3.000000000000000062e-03
2.910000000000000087e-02
5.599999999999999943e-03
7.300000000000000065e-03
2.200000000000000133e-03
1.690000000000000183e-02
8.000000000000000383e-04
2.500000000000000052e-03
4.000000000000000192e-04
1.700000000000000122e-03
3.200000000000000153e-03
6.999999999999999929e-04
6.500000000000000569e-03
2.469999999999999973e-02
1.000000000000000048e-04
4.180000000000000382e-02
1.399999999999999986e-03
2.590000000000000288e-02
2.000000000000000096e-04
4.100000000000000346e-03
5.700000000000000205e-03
1.230000000000000017e-02
1.300000000000000157e-03
2.430000000000000215e-02
4.000000000000000192e-04
7.000000000000000146e-03
4.000000000000000192e-04
3.770000000000000434e-02
1.000000000000000021e-03
1.600000000000000077e-03
8.000000000000000383e-04
3.450000000000000289e-02
6.999999999999999929e-04
4.880000000000000310e-02
3.000000000000000279e-04
1.470000000000000126e-02
2.600000000000000314e-03
5.000000000000000104e-04
1.500000000000000031e-03
4.000000000000000192e-04
6.999999999999999929e-04
1.220000000000000077e-02
5.000000000000000104e-04
1.400000000000000029e-02
5.000000000000000104e-04
2.200000000000000133e-03
4.000000000000000192e-04
4.000000000000000083e-03
2.000000000000000096e-04
5.000000000000000278e-02
2.000000000000000096e-04
1.300000000000000114e-02
1.300000000000000157e-03
1.100000000000000066e-03
2.799999999999999972e-03
4.000000000000000192e-04
5.000000000000000104e-04
1.250000000000000069e-02
1.000000000000000021e-03
1.930000000000000118e-02
3.200000000000000153e-03
2.189999999999999933e-02
2.700000000000000143e-03
1.240000000000000130e-02
1.000000000000000048e-04
8.690000000000000502e-02
8.000000000000000383e-04
1.910000000000000239e-02
3.000000000000000279e-04
5.000000000000000104e-04
1.800000000000000168e-03
5.240000000000000213e-02
5.000000000000000104e-04
2.490000000000000199e-02
1.700000000000000122e-03
6.400000000000000307e-03
3.700000000000000164e-03
8.000000000000000383e-04
1.899999999999999996e-03
1.899999999999999996e-03
2.299999999999999961e-03
1.000000000000000021e-03
8.400000000000001216e-03
3.000000000000000279e-04
1.700000000000000122e-03
5.000000000000000104e-04
2.500000000000000052e-03
3.000000000000000279e-04
5.899999999999999863e-03
8.000000000000000383e-04
1.200000000000000112e-03
2.400000000000000223e-03
3.000000000000000062e-03
6.000000000000000559e-04
3.700000000000000164e-03
2.100000000000000304e-03
1.000000000000000021e-03
2.000000000000000096e-04
5.000000000000000104e-04
6.999999999999999929e-04
1.399999999999999986e-03
1.600000000000000077e-03
4.800000000000000447e-03
6.000000000000000559e-04
4.200000000000000608e-03
3.000000000000000279e-04
4.000000000000000192e-04
1.100000000000000066e-03
3.000000000000000279e-04
6.999999999999999929e-04
4.100000000000000346e-03
4.000000000000000192e-04
2.500000000000000052e-03
1.100000000000000066e-03
6.599999999999999964e-03
3.000000000000000279e-04
1.300000000000000157e-03
1.500000000000000031e-03
1.100000000000000066e-03
3.000000000000000279e-04
2.100000000000000304e-03
3.000000000000000062e-03
2.400000000000000223e-03
1.600000000000000077e-03
1.080000000000000057e-02
4.000000000000000192e-04
8.000000000000000383e-04
6.000000000000000559e-04
2.500000000000000052e-03
3.000000000000000279e-04
1.000000000000000048e-04
6.000000000000000559e-04
3.200000000000000153e-03
5.000000000000000104e-04
1.200000000000000112e-03
3.000000000000000279e-04
1.210000000000000138e-02
6.000000000000000559e-04
8.800000000000000530e-03
6.000000000000000559e-04
4.000000000000000192e-04
4.000000000000000192e-04
9.900000000000000813e-03
6.999999999999999929e-04
6.999999999999999929e-04
1.100000000000000066e-03
3.500000000000000073e-03
5.000000000000000104e-04
6.700000000000000226e-03
2.529999999999999957e-02
1.000000000000000021e-03
1.810000000000000150e-02
6.000000000000000559e-04
1.870000000000000134e-02
3.799999999999999992e-03
1.010000000000000134e-02
2.000000000000000096e-04
6.100000000000000387e-03
6.000000000000000559e-04
4.200000000000000608e-03
1.200000000000000112e-03
2.000000000000000042e-03
4.000000000000000192e-04
5.700000000000000205e-03
1.000000000000000021e-03
3.799999999999999992e-03
1.000000000000000048e-04
1.250000000000000069e-02
1.399999999999999986e-03
1.000000000000000048e-04
6.000000000000000559e-04
2.000000000000000042e-03
1.399999999999999986e-03
1.959999999999999937e-02
1.100000000000000066e-03
1.118999999999999995e-01
2.000000000000000096e-04
1.760000000000000106e-02
2.000000000000000096e-04
1.400000000000000029e-02
3.000000000000000279e-04
3.260000000000000397e-02
2.000000000000000096e-04
3.520000000000000212e-02
1.000000000000000048e-04
4.100000000000000346e-03
1.000000000000000021e-03
4.100000000000000346e-03
2.000000000000000096e-04
8.630000000000000171e-02
1.100000000000000066e-03
1.310000000000000053e-02
1.000000000000000048e-04
1.260000000000000009e-02
2.900000000000000234e-03
1.060000000000000005e-02
1.100000000000000066e-03
4.899999999999999842e-03
1.000000000000000048e-04
1.800000000000000168e-03
2.299999999999999961e-03
1.630000000000000199e-02
2.000000000000000096e-04
1.160000000000000094e-02
1.000000000000000048e-04
2.000000000000000096e-04
3.000000000000000279e-04
2.200000000000000133e-03
3.000000000000000279e-04
1.000000000000000021e-03
2.000000000000000096e-04
1.549999999999999989e-02
1.000000000000000048e-04
6.000000000000000559e-04
3.100000000000000325e-03
8.800000000000000530e-03
2.299999999999999961e-03
8.899999999999999925e-03
1.800000000000000168e-03
1.700000000000000122e-03
3.000000000000000279e-04
2.520000000000000018e-02
4.000000000000000192e-04
1.880000000000000074e-02
9.100000000000000450e-03
1.149999999999999981e-02
3.000000000000000279e-04
6.310000000000000331e-02
6.000000000000000559e-04
4.180000000000000382e-02
3.000000000000000279e-04
2.910000000000000087e-02
1.000000000000000048e-04
1.470000000000000126e-02
4.599999999999999922e-03
1.300000000000000157e-03
2.000000000000000096e-04
2.890000000000000208e-02
4.800000000000000447e-03
3.050000000000000280e-02
2.000000000000000096e-04
1.420000000000000082e-02
3.000000000000000279e-04
2.570000000000000062e-02
1.000000000000000048e-04
8.600000000000000006e-03
3.700000000000000164e-03
4.899999999999999842e-03
6.999999999999999929e-04
1.110000000000000049e-02
1.000000000000000048e-04
4.899999999999999842e-03
2.000000000000000096e-04
1.700000000000000122e-03
5.000000000000000104e-04
4.010000000000000370e-02
1.800000000000000168e-03
2.210000000000000159e-02
4.300000000000000003e-03
3.400000000000000244e-03
4.000000000000000192e-04
2.570000000000000062e-02
2.000000000000000096e-04
2.900000000000000234e-03
1.800000000000000168e-03
8.200000000000000691e-03
4.000000000000000192e-04
4.000000000000000192e-04
2.000000000000000096e-04
2.400000000000000223e-03
1.000000000000000048e-04
1.899999999999999996e-03
3.000000000000000279e-04
2.100000000000000304e-03
5.000000000000000104e-04
4.800000000000000447e-03
8.000000000000000383e-04
6.819999999999999674e-02
3.000000000000000062e-03
1.089999999999999997e-02
3.000000000000000062e-03
7.400000000000000328e-03
3.000000000000000279e-04
1.070000000000000118e-02
2.000000000000000096e-04
5.080000000000000487e-02
2.200000000000000133e-03
2.050000000000000086e-02
1.000000000000000021e-03
6.599999999999999964e-03
5.000000000000000104e-04
4.000000000000000192e-04
1.100000000000000066e-03
8.000000000000000383e-04
1.300000000000000157e-03
4.000000000000000192e-04
6.999999999999999929e-04
1.000000000000000021e-03
1.000000000000000048e-04
1.100000000000000066e-03
6.000000000000000559e-04
1.370000000000000037e-02
2.000000000000000096e-04
6.869999999999999718e-02
4.000000000000000192e-04
4.000000000000000192e-04
3.000000000000000279e-04
3.700000000000000164e-03
9.000000000000000838e-04
4.000000000000000192e-04
5.000000000000000104e-04
5.000000000000000104e-04
2.000000000000000096e-04
1.000000000000000021e-03
5.000000000000000104e-04
1.100000000000000066e-03
1.000000000000000048e-04
6.400000000000000307e-03
2.000000000000000096e-04
6.000000000000000559e-04
1.100000000000000066e-03
6.999999999999999929e-04
1.200000000000000112e-03
1.500000000000000031e-03
1.100000000000000066e-03
1.399999999999999986e-03
2.000000000000000096e-04
1.399999999999999986e-03
2.000000000000000096e-04
4.000000000000000192e-04
2.500000000000000052e-03
1.800000000000000168e-03
2.000000000000000096e-04
1.980000000000000163e-02
1.399999999999999986e-03
1.450000000000000074e-02
6.200000000000000649e-03
1.100000000000000066e-03
2.700000000000000143e-03
2.040000000000000147e-02
3.000000000000000279e-04
3.700000000000000164e-03
6.000000000000000559e-04
1.600000000000000077e-03
1.000000000000000021e-03
2.140000000000000235e-02
4.000000000000000192e-04
2.230000000000000038e-02
8.000000000000000383e-04
9.900000000000000813e-03
3.000000000000000279e-04
1.210000000000000138e-02
5.000000000000000104e-04
4.599999999999999922e-03
6.999999999999999929e-04
6.800000000000000488e-03
1.200000000000000112e-03
8.899999999999999925e-03
1.200000000000000112e-03
1.210000000000000138e-02
2.000000000000000096e-04
2.370000000000000231e-02
1.200000000000000112e-03
4.000000000000000083e-03
3.000000000000000062e-03
2.910000000000000087e-02
5.599999999999999943e-03
7.300000000000000065e-03
2.200000000000000133e-03
1.690000000000000183e-02
8.000000000000000383e-04
2.500000000000000052e-03
4.000000000000000192e-04
1.700000000000000122e-03
3.200000000000000153e-03
6.999999999999999929e-04
6.500000000000000569e-03
2.469999999999999973e-02
1.000000000000000048e-04
4.180000000000000382e-02
1.300000000000000157e-03
2.600000000000000228e-02
2.000000000000000096e-04
4.100000000000000346e-03
5.700000000000000205e-03
1.230000000000000017e-02
1.300000000000000157e-03
2.430000000000000215e-02
4.000000000000000192e-04
7.000000000000000146e-03
4.000000000000000192e-04
3.770000000000000434e-02
1.000000000000000021e-03
1.600000000000000077e-03
8.000000000000000383e-04
3.450000000000000289e-02
6.999999999999999929e-04
4.880000000000000310e-02
3.000000000000000279e-04
1.470000000000000126e-02
2.600000000000000314e-03
5.000000000000000104e-04
1.500000000000000031e-03
4.000000000000000192e-04
6.999999999999999929e-04
1.220000000000000077e-02
5.000000000000000104e-04
1.390000000000000090e-02
6.000000000000000559e-04
2.200000000000000133e-03
4.000000000000000192e-04
4.000000000000000083e-03
2.000000000000000096e-04
5.000000000000000278e-02
1.000000000000000048e-04
1.300000000000000114e-02
1.399999999999999986e-03
1.100000000000000066e-03
2.799999999999999972e-03
4.000000000000000192e-04
5.000000000000000104e-04
1.250000000000000069e-02
1.000000000000000021e-03
1.930000000000000118e-02
3.200000000000000153e-03
2.189999999999999933e-02
2.700000000000000143e-03
9.940000000000000224e-02
8.000000000000000383e-04
1.910000000000000239e-02
3.000000000000000279e-04
5.000000000000000104e-04
1.800000000000000168e-03
5.240000000000000213e-02
5.000000000000000104e-04
2.490000000000000199e-02
1.700000000000000122e-03
6.400000000000000307e-03
3.700000000000000164e-03
8.000000000000000383e-04
1.899999999999999996e-03
1.899999999999999996e-03
2.299999999999999961e-03
1.000000000000000021e-03
8.400000000000001216e-03
3.000000000000000279e-04
1.700000000000000122e-03
5.000000000000000104e-04
2.400000000000000223e-03
4.000000000000000192e-04
5.899999999999999863e-03
8.000000000000000383e-04
1.200000000000000112e-03
2.400000000000000223e-03
3.000000000000000062e-03
6.000000000000000559e-04
3.700000000000000164e-03
2.100000000000000304e-03
9.000000000000000838e-04
3.000000000000000279e-04
4.000000000000000192e-04
6.999999999999999929e-04
1.399999999999999986e-03
1.700000000000000122e-03
4.800000000000000447e-03
6.000000000000000559e-04
4.200000000000000608e-03
3.000000000000000279e-04
4.000000000000000192e-04
1.100000000000000066e-03
3.000000000000000279e-04
6.999999999999999929e-04
4.100000000000000346e-03
4.000000000000000192e-04
2.500000000000000052e-03
1.100000000000000066e-03
6.599999999999999964e-03
2.000000000000000096e-04
1.399999999999999986e-03
1.500000000000000031e-03
1.100000000000000066e-03
3.000000000000000279e-04
2.100000000000000304e-03
3.000000000000000062e-03
2.400000000000000223e-03
1.600000000000000077e-03
1.080000000000000057e-02
4.000000000000000192e-04
8.000000000000000383e-04
5.000000000000000104e-04
2.500000000000000052e-03
4.000000000000000192e-04
1.000000000000000048e-04
5.000000000000000104e-04
3.299999999999999982e-03
5.000000000000000104e-04
1.200000000000000112e-03
3.000000000000000279e-04
1.210000000000000138e-02
6.000000000000000559e-04
8.800000000000000530e-03
6.000000000000000559e-04
3.000000000000000279e-04
5.000000000000000104e-04
9.900000000000000813e-03
6.999999999999999929e-04
6.999999999999999929e-04
1.100000000000000066e-03
3.500000000000000073e-03
5.000000000000000104e-04
6.700000000000000226e-03
2.529999999999999957e-02
1.000000000000000021e-03
1.810000000000000150e-02
6.000000000000000559e-04
1.870000000000000134e-02
3.799999999999999992e-03
1.000000000000000021e-02
3.000000000000000279e-04
6.000000000000000125e-03
6.999999999999999929e-04
4.200000000000000608e-03
1.200000000000000112e-03
2.000000000000000042e-03
4.000000000000000192e-04
5.700000000000000205e-03
1.000000000000000021e-03
3.799999999999999992e-03
1.000000000000000048e-04
1.250000000000000069e-02
1.399999999999999986e-03
1.000000000000000048e-04
6.000000000000000559e-04
2.000000000000000042e-03
1.399999999999999986e-03
1.949999999999999997e-02
1.200000000000000112e-03
1.118000000000000105e-01
3.000000000000000279e-04
1.760000000000000106e-02
2.000000000000000096e-04
1.400000000000000029e-02
3.000000000000000279e-04
3.260000000000000397e-02
2.000000000000000096e-04
3.520000000000000212e-02
1.000000000000000048e-04
4.100000000000000346e-03
9.000000000000000838e-04
4.200000000000000608e-03
2.000000000000000096e-04
8.630000000000000171e-02
1.100000000000000066e-03
1.310000000000000053e-02
1.000000000000000048e-04
1.260000000000000009e-02
2.900000000000000234e-03
1.060000000000000005e-02
1.100000000000000066e-03
4.899999999999999842e-03
1.000000000000000048e-04
1.800000000000000168e-03
2.200000000000000133e-03
1.630000000000000199e-02
3.000000000000000279e-04
1.160000000000000094e-02
1.000000000000000048e-04
2.000000000000000096e-04
3.000000000000000279e-04
2.200000000000000133e-03
3.000000000000000279e-04
9.000000000000000838e-04
3.000000000000000279e-04
1.540000000000000049e-02
2.000000000000000096e-04
6.000000000000000559e-04
3.000000000000000062e-03
8.899999999999999925e-03
2.299999999999999961e-03
8.899999999999999925e-03
1.800000000000000168e-03
1.700000000000000122e-03
3.000000000000000279e-04
2.520000000000000018e-02
4.000000000000000192e-04
1.880000000000000074e-02
9.100000000000000450e-03
1.149999999999999981e-02
3.000000000000000279e-04
6.310000000000000331e-02
6.000000000000000559e-04
4.180000000000000382e-02
3.000000000000000279e-04
4.390000000000000152e-02
4.599999999999999922e-03
1.300000000000000157e-03
2.000000000000000096e-04
2.880000000000000268e-02
4.899999999999999842e-03
3.050000000000000280e-02
2.000000000000000096e-04
1.420000000000000082e-02
3.000000000000000279e-04
2.570000000000000062e-02
1.000000000000000048e-04
8.600000000000000006e-03
3.700000000000000164e-03
4.899999999999999842e-03
6.999999999999999929e-04
1.110000000000000049e-02
1.000000000000000048e-04
4.899999999999999842e-03
2.000000000000000096e-04
1.700000000000000122e-03
5.000000000000000104e-04
4.000000000000000083e-02
1.899999999999999996e-03
2.210000000000000159e-02
4.300000000000000003e-03
3.299999999999999982e-03
5.000000000000000104e-04
2.570000000000000062e-02
2.000000000000000096e-04
2.900000000000000234e-03
1.800000000000000168e-03
8.200000000000000691e-03
4.000000000000000192e-04
4.000000000000000192e-04
2.000000000000000096e-04
2.400000000000000223e-03
1.000000000000000048e-04
1.899999999999999996e-03
3.000000000000000279e-04
2.100000000000000304e-03
5.000000000000000104e-04
4.800000000000000447e-03
8.000000000000000383e-04
6.819999999999999674e-02
3.000000000000000062e-03
1.089999999999999997e-02
3.000000000000000062e-03
7.400000000000000328e-03
3.000000000000000279e-04
1.070000000000000118e-02
2.000000000000000096e-04
5.080000000000000487e-02
2.100000000000000304e-03
2.050000000000000086e-02
1.100000000000000066e-03
6.599999999999999964e-03
5.000000000000000104e-04
4.000000000000000192e-04
1.100000000000000066e-03
8.000000000000000383e-04
1.300000000000000157e-03
4.000000000000000192e-04
6.999999999999999929e-04
1.000000000000000021e-03
1.000000000000000048e-04
1.000000000000000021e-03
6.999999999999999929e-04
1.370000000000000037e-02
2.000000000000000096e-04
6.869999999999999718e-02
4.000000000000000192e-04
4.000000000000000192e-04
3.000000000000000279e-04
3.700000000000000164e-03
9.000000000000000838e-04
4.000000000000000192e-04
5.000000000000000104e-04
5.000000000000000104e-04
1.000000000000000048e-04
1.100000000000000066e-03
5.000000000000000104e-04
1.100000000000000066e-03
1.000000000000000048e-04
6.400000000000000307e-03
2.000000000000000096e-04
5.000000000000000104e-04
1.200000000000000112e-03
6.999999999999999929e-04
1.200000000000000112e-03
1.500000000000000031e-03
1.100000000000000066e-03
1.300000000000000157e-03
3.000000000000000279e-04
1.399999999999999986e-03
2.000000000000000096e-04
4.000000000000000192e-04
2.500000000000000052e-03
1.700000000000000122e-03
2.000000000000000096e-04
1.990000000000000102e-02
1.399999999999999986e-03
1.450000000000000074e-02
6.200000000000000649e-03
1.100000000000000066e-03
2.700000000000000143e-03
2.040000000000000147e-02
3.000000000000000279e-04
3.700000000000000164e-03
6.000000000000000559e-04
1.600000000000000077e-03
1.000000000000000021e-03
2.140000000000000235e-02
4.000000000000000192e-04
2.230000000000000038e-02
8.000000000000000383e-04
9.900000000000000813e-03
3.000000000000000279e-04
1.210000000000000138e-02
5.000000000000000104e-04
4.599999999999999922e-03
6.999999999999999929e-04
6.800000000000000488e-03
1.200000000000000112e-03
8.899999999999999925e-03
1.200000000000000112e-03
1.210000000000000138e-02
2.000000000000000096e-04
2.370000000000000231e-02
1.200000000000000112e-03
4.000000000000000083e-03
3.000000000000000062e-03
2.910000000000000087e-02
5.599999999999999943e-03
7.300000000000000065e-03
2.200000000000000133e-03
1.690000000000000183e-02
6.999999999999999929e-04
2.600000000000000314e-03
4.000000000000000192e-04
1.700000000000000122e-03
3.100000000000000325e-03
8.000000000000000383e-04
6.500000000000000569e-03
2.469999999999999973e-02
1.000000000000000048e-04
4.180000000000000382e-02
1.300000000000000157e-03
2.600000000000000228e-02
2.000000000000000096e-04
4.000000000000000083e-03
5.800000000000000468e-03
1.230000000000000017e-02
1.300000000000000157e-03
2.430000000000000215e-02
4.000000000000000192e-04
7.000000000000000146e-03
4.000000000000000192e-04
3.770000000000000434e-02
1.000000000000000021e-03
1.600000000000000077e-03
8.000000000000000383e-04
3.450000000000000289e-02
6.000000000000000559e-04
4.889999999999999902e-02
3.000000000000000279e-04
4.200000000000000608e-03
1.000000000000000048e-04
1.030000000000000013e-02
2.700000000000000143e-03
5.000000000000000104e-04
1.500000000000000031e-03
4.000000000000000192e-04
6.999999999999999929e-04
1.220000000000000077e-02
5.000000000000000104e-04
1.390000000000000090e-02
6.000000000000000559e-04
2.200000000000000133e-03
4.000000000000000192e-04
4.000000000000000083e-03
2.000000000000000096e-04
5.000000000000000278e-02
1.000000000000000048e-04
1.300000000000000114e-02
1.399999999999999986e-03
1.100000000000000066e-03
2.799999999999999972e-03
4.000000000000000192e-04
5.000000000000000104e-04
1.250000000000000069e-02
1.000000000000000021e-03
1.930000000000000118e-02
3.200000000000000153e-03
2.189999999999999933e-02
2.700000000000000143e-03
9.929999999999999938e-02
9.000000000000000838e-04
1.910000000000000239e-02
2.000000000000000096e-04
5.000000000000000104e-04
1.899999999999999996e-03
5.240000000000000213e-02
5.000000000000000104e-04
2.490000000000000199e-02
1.700000000000000122e-03
6.400000000000000307e-03
3.700000000000000164e-03
8.000000000000000383e-04
1.899999999999999996e-03
1.899999999999999996e-03
2.299999999999999961e-03
1.000000000000000021e-03
8.400000000000001216e-03
3.000000000000000279e-04
1.700000000000000122e-03
5.000000000000000104e-04
2.400000000000000223e-03
4.000000000000000192e-04
5.899999999999999863e-03
8.000000000000000383e-04
1.200000000000000112e-03
2.400000000000000223e-03
3.000000000000000062e-03
6.000000000000000559e-04
3.700000000000000164e-03
2.100000000000000304e-03
9.000000000000000838e-04
3.000000000000000279e-04
4.000000000000000192e-04
6.999999999999999929e-04
1.399999999999999986e-03
1.600000000000000077e-03
4.899999999999999842e-03
6.000000000000000559e-04
4.200000000000000608e-03
3.000000000000000279e-04
4.000000000000000192e-04
1.100000000000000066e-03
3.000000000000000279e-04
6.000000000000000559e-04
4.100000000000000346e-03
5.000000000000000104e-04
2.500000000000000052e-03
1.100000000000000066e-03
6.599999999999999964e-03
2.000000000000000096e-04
1.399999999999999986e-03
1.500000000000000031e-03
1.100000000000000066e-03
3.000000000000000279e-04
2.100000000000000304e-03
3.000000000000000062e-03
2.400000000000000223e-03
1.600000000000000077e-03
1.080000000000000057e-02
4.000000000000000192e-04
8.000000000000000383e-04
5.000000000000000104e-04
2.500000000000000052e-03
1.000000000000000021e-03
3.299999999999999982e-03
5.000000000000000104e-04
1.200000000000000112e-03
3.000000000000000279e-04
1.210000000000000138e-02
6.000000000000000559e-04
8.800000000000000530e-03
5.000000000000000104e-04
4.000000000000000192e-04
5.000000000000000104e-04
9.900000000000000813e-03
6.999999999999999929e-04
6.999999999999999929e-04
1.100000000000000066e-03
3.500000000000000073e-03
5.000000000000000104e-04
6.700000000000000226e-03
2.529999999999999957e-02
1.000000000000000021e-03
1.810000000000000150e-02
6.000000000000000559e-04
1.870000000000000134e-02
3.799999999999999992e-03
1.000000000000000021e-02
3.000000000000000279e-04
6.000000000000000125e-03
6.000000000000000559e-04
4.300000000000000003e-03
1.200000000000000112e-03
2.000000000000000042e-03
4.000000000000000192e-04
5.700000000000000205e-03
1.000000000000000021e-03
3.799999999999999992e-03
1.000000000000000048e-04
1.240000000000000130e-02
1.500000000000000031e-03
1.000000000000000048e-04
5.000000000000000104e-04
2.100000000000000304e-03
1.399999999999999986e-03
1.949999999999999997e-02
1.200000000000000112e-03
1.118000000000000105e-01
3.000000000000000279e-04
1.760000000000000106e-02
2.000000000000000096e-04
1.400000000000000029e-02
2.000000000000000096e-04
3.260000000000000397e-02
3.000000000000000279e-04
3.520000000000000212e-02
1.000000000000000048e-04
4.000000000000000083e-03
1.000000000000000021e-03
4.100000000000000346e-03
3.000000000000000279e-04
8.630000000000000171e-02
1.000000000000000021e-03
1.319999999999999993e-02
1.000000000000000048e-04
1.260000000000000009e-02
2.900000000000000234e-03
1.060000000000000005e-02
1.000000000000000021e-03
5.000000000000000104e-03
1.000000000000000048e-04
1.800000000000000168e-03
2.200000000000000133e-03
1.630000000000000199e-02
3.000000000000000279e-04
1.160000000000000094e-02
1.000000000000000048e-04
2.000000000000000096e-04
3.000000000000000279e-04
2.200000000000000133e-03
3.000000000000000279e-04
9.000000000000000838e-04
3.000000000000000279e-04
1.540000000000000049e-02
2.000000000000000096e-04
6.000000000000000559e-04
3.000000000000000062e-03
8.899999999999999925e-03
2.299999999999999961e-03
8.899999999999999925e-03
1.700000000000000122e-03
1.800000000000000168e-03
3.000000000000000279e-04
2.520000000000000018e-02
4.000000000000000192e-04
1.880000000000000074e-02
9.100000000000000450e-03
1.149999999999999981e-02
3.000000000000000279e-04
6.310000000000000331e-02
6.000000000000000559e-04
4.180000000000000382e-02
3.000000000000000279e-04
4.390000000000000152e-02
4.599999999999999922e-03
1.300000000000000157e-03
2.000000000000000096e-04
2.220000000000000098e-02
1.000000000000000048e-04
6.500000000000000569e-03
4.899999999999999842e-03
3.050000000000000280e-02
2.000000000000000096e-04
1.420000000000000082e-02
3.000000000000000279e-04
2.570000000000000062e-02
1.000000000000000048e-04
8.600000000000000006e-03
3.700000000000000164e-03
4.899999999999999842e-03
6.999999999999999929e-04
1.110000000000000049e-02
1.000000000000000048e-04
4.899999999999999842e-03
2.000000000000000096e-04
1.700000000000000122e-03
5.000000000000000104e-04
1.500000000000000031e-03
1.000000000000000048e-04
3.840000000000000357e-02
1.899999999999999996e-03
2.210000000000000159e-02
4.300000000000000003e-03
3.299999999999999982e-03
5.000000000000000104e-04
2.570000000000000062e-02
1.000000000000000048e-04
3.000000000000000062e-03
1.800000000000000168e-03
8.200000000000000691e-03
4.000000000000000192e-04
4.000000000000000192e-04
2.000000000000000096e-04
2.400000000000000223e-03
1.000000000000000048e-04
1.899999999999999996e-03
3.000000000000000279e-04
2.100000000000000304e-03
5.000000000000000104e-04
4.800000000000000447e-03
6.999999999999999929e-04
6.829999999999999960e-02
3.000000000000000062e-03
1.080000000000000057e-02
3.000000000000000062e-03
7.500000000000000590e-03
3.000000000000000279e-04
1.070000000000000118e-02
1.000000000000000048e-04
5.090000000000000080e-02
2.100000000000000304e-03
2.050000000000000086e-02
1.100000000000000066e-03
6.500000000000000569e-03
6.000000000000000559e-04
4.000000000000000192e-04
1.100000000000000066e-03
8.000000000000000383e-04
1.300000000000000157e-03
3.000000000000000279e-04
8.000000000000000383e-04
9.000000000000000838e-04
2.000000000000000096e-04
1.000000000000000021e-03
6.999999999999999929e-04
1.370000000000000037e-02
2.000000000000000096e-04
6.869999999999999718e-02
4.000000000000000192e-04
4.000000000000000192e-04
3.000000000000000279e-04
3.700000000000000164e-03
9.000000000000000838e-04
4.000000000000000192e-04
5.000000000000000104e-04
5.000000000000000104e-04
1.000000000000000048e-04
1.100000000000000066e-03
5.000000000000000104e-04
1.100000000000000066e-03
1.000000000000000048e-04
6.400000000000000307e-03
2.000000000000000096e-04
5.000000000000000104e-04
1.200000000000000112e-03
6.999999999999999929e-04
1.200000000000000112e-03
1.500000000000000031e-03
1.100000000000000066e-03
1.300000000000000157e-03
3.000000000000000279e-04
1.399999999999999986e-03
1.000000000000000048e-04
4.000000000000000192e-04
2.600000000000000314e-03
1.700000000000000122e-03
2.000000000000000096e-04
1.990000000000000102e-02
1.399999999999999986e-03
1.450000000000000074e-02
6.100000000000000387e-03
1.200000000000000112e-03
2.700000000000000143e-03
2.040000000000000147e-02
3.000000000000000279e-04
3.600000000000000335e-03
6.999999999999999929e-04
1.600000000000000077e-03
1.000000000000000021e-03
2.140000000000000235e-02
4.000000000000000192e-04
2.230000000000000038e-02
8.000000000000000383e-04
9.900000000000000813e-03
3.000000000000000279e-04
1.210000000000000138e-02
5.000000000000000104e-04
4.599999999999999922e-03
6.999999999999999929e-04
6.800000000000000488e-03
1.200000000000000112e-03
8.899999999999999925e-03
1.200000000000000112e-03
1.210000000000000138e-02
2.000000000000000096e-04
2.370000000000000231e-02
1.200000000000000112e-03
4.000000000000000083e-03
3.000000000000000062e-03
2.910000000000000087e-02
5.599999999999999943e-03
7.200000000000000670e-03
2.200000000000000133e-03
1.700000000000000122e-02
6.999999999999999929e-04
2.600000000000000314e-03
4.000000000000000192e-04
1.700000000000000122e-03
3.100000000000000325e-03
8.000000000000000383e-04
6.400000000000000307e-03
2.480000000000000260e-02
1.000000000000000048e-04
4.170000000000000095e-02
1.399999999999999986e-03
2.600000000000000228e-02
2.000000000000000096e-04
4.000000000000000083e-03
5.800000000000000468e-03
1.230000000000000017e-02
1.300000000000000157e-03
2.430000000000000215e-02
4.000000000000000192e-04
7.000000000000000146e-03
3.000000000000000279e-04
3.780000000000000027e-02
1.000000000000000021e-03
1.600000000000000077e-03
8.000000000000000383e-04
3.450000000000000289e-02
6.000000000000000559e-04
4.880000000000000310e-02
4.000000000000000192e-04
4.200000000000000608e-03
1.000000000000000048e-04
1.030000000000000013e-02
2.700000000000000143e-03
4.000000000000000192e-04
1.600000000000000077e-03
4.000000000000000192e-04
6.000000000000000559e-04
1.220000000000000077e-02
6.000000000000000559e-04
1.390000000000000090e-02
6.000000000000000559e-04
2.200000000000000133e-03
4.000000000000000192e-04
4.000000000000000083e-03
2.000000000000000096e-04
5.000000000000000278e-02
1.000000000000000048e-04
1.300000000000000114e-02
1.300000000000000157e-03
1.200000000000000112e-03
2.799999999999999972e-03
4.000000000000000192e-04
5.000000000000000104e-04
1.250000000000000069e-02
1.000000000000000021e-03
1.930000000000000118e-02
3.200000000000000153e-03
2.189999999999999933e-02
2.700000000000000143e-03
9.929999999999999938e-02
8.000000000000000383e-04
1.920000000000000179e-02
2.000000000000000096e-04
5.000000000000000104e-04
1.800000000000000168e-03
5.250000000000000500e-02
5.000000000000000104e-04
2.490000000000000199e-02
1.700000000000000122e-03
6.400000000000000307e-03
3.700000000000000164e-03
8.000000000000000383e-04
1.800000000000000168e-03
2.000000000000000042e-03
2.299999999999999961e-03
1.000000000000000021e-03
8.400000000000001216e-03
3.000000000000000279e-04
1.700000000000000122e-03
5.000000000000000104e-04
2.400000000000000223e-03
3.000000000000000279e-04
6.000000000000000125e-03
8.000000000000000383e-04
1.200000000000000112e-03
2.400000000000000223e-03
3.000000000000000062e-03
6.000000000000000559e-04
3.700000000000000164e-03
2.100000000000000304e-03
9.000000000000000838e-04
3.000000000000000279e-04
4.000000000000000192e-04
6.999999999999999929e-04
1.399999999999999986e-03
1.600000000000000077e-03
4.899999999999999842e-03
6.000000000000000559e-04
4.200000000000000608e-03
3.000000000000000279e-04
4.000000000000000192e-04
1.100000000000000066e-03
3.000000000000000279e-04
6.000000000000000559e-04
4.100000000000000346e-03
5.000000000000000104e-04
2.500000000000000052e-03
1.100000000000000066e-03
6.599999999999999964e-03
2.000000000000000096e-04
1.399999999999999986e-03
1.500000000000000031e-03
1.100000000000000066e-03
3.000000000000000279e-04
2.100000000000000304e-03
3.000000000000000062e-03
2.400000000000000223e-03
1.600000000000000077e-03
1.080000000000000057e-02
4.000000000000000192e-04
8.000000000000000383e-04
5.000000000000000104e-04
2.500000000000000052e-03
1.000000000000000021e-03
3.200000000000000153e-03
6.000000000000000559e-04
1.200000000000000112e-03
3.000000000000000279e-04
1.210000000000000138e-02
6.000000000000000559e-04
8.800000000000000530e-03
5.000000000000000104e-04
4.000000000000000192e-04
5.000000000000000104e-04
9.900000000000000813e-03
6.999999999999999929e-04
6.999999999999999929e-04
1.100000000000000066e-03
3.500000000000000073e-03
5.000000000000000104e-04
6.700000000000000226e-03
2.529999999999999957e-02
1.000000000000000021e-03
1.810000000000000150e-02
6.000000000000000559e-04
1.870000000000000134e-02
3.799999999999999992e-03
1.000000000000000021e-02
3.000000000000000279e-04
6.000000000000000125e-03
6.000000000000000559e-04
4.300000000000000003e-03
1.200000000000000112e-03
2.000000000000000042e-03
4.000000000000000192e-04
5.700000000000000205e-03
9.000000000000000838e-04
3.900000000000000255e-03
1.000000000000000048e-04
1.240000000000000130e-02
1.500000000000000031e-03
1.000000000000000048e-04
5.000000000000000104e-04
2.100000000000000304e-03
1.399999999999999986e-03
1.949999999999999997e-02
1.200000000000000112e-03
1.118000000000000105e-01
3.000000000000000279e-04
1.760000000000000106e-02
2.000000000000000096e-04
1.400000000000000029e-02
2.000000000000000096e-04
3.260000000000000397e-02
3.000000000000000279e-04
3.520000000000000212e-02
1.000000000000000048e-04
4.000000000000000083e-03
1.000000000000000021e-03
4.100000000000000346e-03
2.000000000000000096e-04
8.640000000000000457e-02
1.000000000000000021e-03
1.319999999999999993e-02
1.000000000000000048e-04
1.260000000000000009e-02
2.900000000000000234e-03
1.060000000000000005e-02
1.000000000000000021e-03
5.000000000000000104e-03
1.000000000000000048e-04
1.800000000000000168e-03
2.200000000000000133e-03
1.630000000000000199e-02
3.000000000000000279e-04
1.179999999999999973e-02
4.000000000000000192e-04
2.200000000000000133e-03
3.000000000000000279e-04
9.000000000000000838e-04
3.000000000000000279e-04
1.540000000000000049e-02
1.000000000000000048e-04
6.999999999999999929e-04
3.000000000000000062e-03
8.800000000000000530e-03
2.400000000000000223e-03
8.899999999999999925e-03
1.700000000000000122e-03
1.800000000000000168e-03
2.000000000000000096e-04
2.529999999999999957e-02
4.000000000000000192e-04
1.880000000000000074e-02
9.100000000000000450e-03
1.149999999999999981e-02
3.000000000000000279e-04
6.310000000000000331e-02
6.000000000000000559e-04
4.180000000000000382e-02
3.000000000000000279e-04
4.390000000000000152e-02
4.599999999999999922e-03
1.300000000000000157e-03
2.000000000000000096e-04
2.220000000000000098e-02
1.000000000000000048e-04
6.500000000000000569e-03
4.800000000000000447e-03
3.060000000000000220e-02
1.000000000000000048e-04
1.420000000000000082e-02
4.000000000000000192e-04
2.560000000000000123e-02
1.000000000000000048e-04
8.700000000000001135e-03
3.700000000000000164e-03
4.899999999999999842e-03
6.999999999999999929e-04
1.110000000000000049e-02
1.000000000000000048e-04
4.899999999999999842e-03
1.000000000000000048e-04
1.800000000000000168e-03
4.000000000000000192e-04
1.600000000000000077e-03
1.000000000000000048e-04
3.840000000000000357e-02
1.899999999999999996e-03
2.210000000000000159e-02
4.300000000000000003e-03
3.299999999999999982e-03
5.000000000000000104e-04
2.570000000000000062e-02
1.000000000000000048e-04
3.000000000000000062e-03
1.800000000000000168e-03
8.200000000000000691e-03
4.000000000000000192e-04
3.000000000000000279e-04
3.000000000000000279e-04
2.299999999999999961e-03
2.000000000000000096e-04
1.899999999999999996e-03
3.000000000000000279e-04
2.100000000000000304e-03
5.000000000000000104e-04
4.700000000000000185e-03
8.000000000000000383e-04
6.829999999999999960e-02
3.000000000000000062e-03
1.080000000000000057e-02
3.000000000000000062e-03
7.500000000000000590e-03
3.000000000000000279e-04
1.070000000000000118e-02
1.000000000000000048e-04
5.090000000000000080e-02
2.100000000000000304e-03
2.050000000000000086e-02
1.100000000000000066e-03
6.500000000000000569e-03
6.000000000000000559e-04
4.000000000000000192e-04
1.100000000000000066e-03
8.000000000000000383e-04
1.300000000000000157e-03
3.000000000000000279e-04
8.000000000000000383e-04
9.000000000000000838e-04
2.000000000000000096e-04
1.000000000000000021e-03
6.000000000000000559e-04
1.380000000000000150e-02
2.000000000000000096e-04
6.869999999999999718e-02
4.000000000000000192e-04
4.000000000000000192e-04
3.000000000000000279e-04
3.700000000000000164e-03
9.000000000000000838e-04
4.000000000000000192e-04
5.000000000000000104e-04
5.000000000000000104e-04
1.000000000000000048e-04
1.100000000000000066e-03
4.000000000000000192e-04
1.200000000000000112e-03
1.000000000000000048e-04
6.300000000000000044e-03
3.000000000000000279e-04
5.000000000000000104e-04
1.200000000000000112e-03
6.999999999999999929e-04
1.100000000000000066e-03
1.600000000000000077e-03
1.000000000000000021e-03
1.399999999999999986e-03
3.000000000000000279e-04
1.399999999999999986e-03
1.000000000000000048e-04
4.000000000000000192e-04
2.600000000000000314e-03
1.700000000000000122e-03
2.000000000000000096e-04
1.990000000000000102e-02
1.399999999999999986e-03
1.450000000000000074e-02
6.100000000000000387e-03
1.200000000000000112e-03
2.700000000000000143e-03
2.040000000000000147e-02
3.000000000000000279e-04
3.600000000000000335e-03
6.000000000000000559e-04
1.600000000000000077e-03
1.100000000000000066e-03
2.140000000000000235e-02
3.000000000000000279e-04
2.239999999999999977e-02
8.000000000000000383e-04
9.900000000000000813e-03
3.000000000000000279e-04
1.200000000000000025e-02
6.000000000000000559e-04
4.599999999999999922e-03
6.999999999999999929e-04
6.800000000000000488e-03
1.200000000000000112e-03
8.800000000000000530e-03
1.300000000000000157e-03
1.210000000000000138e-02
1.000000000000000048e-04
2.380000000000000171e-02
1.200000000000000112e-03
4.000000000000000083e-03
3.000000000000000062e-03
2.910000000000000087e-02
5.599999999999999943e-03
7.200000000000000670e-03
2.200000000000000133e-03
1.700000000000000122e-02
6.999999999999999929e-04
2.500000000000000052e-03
5.000000000000000104e-04
1.700000000000000122e-03
3.100000000000000325e-03
6.999999999999999929e-04
6.500000000000000569e-03
2.469999999999999973e-02
2.000000000000000096e-04
4.170000000000000095e-02
1.399999999999999986e-03
2.600000000000000228e-02
2.000000000000000096e-04
4.000000000000000083e-03
5.800000000000000468e-03
1.230000000000000017e-02
1.300000000000000157e-03
2.430000000000000215e-02
4.000000000000000192e-04
7.000000000000000146e-03
3.000000000000000279e-04
3.780000000000000027e-02
1.000000000000000021e-03
1.600000000000000077e-03
8.000000000000000383e-04
3.450000000000000289e-02
6.000000000000000559e-04
4.880000000000000310e-02
4.000000000000000192e-04
4.200000000000000608e-03
1.000000000000000048e-04
1.030000000000000013e-02
2.700000000000000143e-03
4.000000000000000192e-04
1.600000000000000077e-03
4.000000000000000192e-04
6.000000000000000559e-04
1.220000000000000077e-02
6.000000000000000559e-04
1.390000000000000090e-02
5.000000000000000104e-04
2.299999999999999961e-03
4.000000000000000192e-04
4.000000000000000083e-03
2.000000000000000096e-04
5.000000000000000278e-02
1.000000000000000048e-04
1.300000000000000114e-02
1.300000000000000157e-03
1.200000000000000112e-03
2.799999999999999972e-03
4.000000000000000192e-04
5.000000000000000104e-04
1.250000000000000069e-02
9.000000000000000838e-04
1.940000000000000058e-02
3.200000000000000153e-03
2.189999999999999933e-02
2.700000000000000143e-03
1.230000000000000017e-02
1.000000000000000048e-04
8.690000000000000502e-02
8.000000000000000383e-04
1.920000000000000179e-02
2.000000000000000096e-04
5.000000000000000104e-04
1.800000000000000168e-03
5.250000000000000500e-02
4.000000000000000192e-04
2.500000000000000139e-02
1.700000000000000122e-03
6.400000000000000307e-03
3.700000000000000164e-03
8.000000000000000383e-04
1.800000000000000168e-03
1.899999999999999996e-03
2.299999999999999961e-03
1.100000000000000066e-03
8.400000000000001216e-03
2.000000000000000096e-04
1.800000000000000168e-03
5.000000000000000104e-04
2.400000000000000223e-03
3.000000000000000279e-04
6.000000000000000125e-03
6.999999999999999929e-04
1.300000000000000157e-03
2.400000000000000223e-03
3.000000000000000062e-03
6.000000000000000559e-04
3.700000000000000164e-03
2.100000000000000304e-03
9.000000000000000838e-04
3.000000000000000279e-04
4.000000000000000192e-04
6.999999999999999929e-04
1.399999999999999986e-03
1.600000000000000077e-03
4.899999999999999842e-03
6.000000000000000559e-04
4.200000000000000608e-03
2.000000000000000096e-04
4.000000000000000192e-04
1.200000000000000112e-03
3.000000000000000279e-04
6.000000000000000559e-04
4.100000000000000346e-03
5.000000000000000104e-04
2.500000000000000052e-03
1.100000000000000066e-03
6.599999999999999964e-03
2.000000000000000096e-04
1.300000000000000157e-03
1.600000000000000077e-03
1.000000000000000021e-03
4.000000000000000192e-04
2.000000000000000042e-03
3.000000000000000062e-03
2.500000000000000052e-03
1.600000000000000077e-03
1.080000000000000057e-02
4.000000000000000192e-04
8.000000000000000383e-04
5.000000000000000104e-04
2.500000000000000052e-03
1.000000000000000021e-03
3.200000000000000153e-03
6.000000000000000559e-04
1.200000000000000112e-03
3.000000000000000279e-04
1.210000000000000138e-02
6.000000000000000559e-04
8.800000000000000530e-03
5.000000000000000104e-04
4.000000000000000192e-04
5.000000000000000104e-04
9.900000000000000813e-03
6.999999999999999929e-04
6.999999999999999929e-04
1.100000000000000066e-03
3.500000000000000073e-03
5.000000000000000104e-04
6.700000000000000226e-03
2.529999999999999957e-02
1.000000000000000021e-03
1.810000000000000150e-02
6.000000000000000559e-04
1.870000000000000134e-02
3.799999999999999992e-03
1.000000000000000021e-02
3.000000000000000279e-04
6.000000000000000125e-03
6.000000000000000559e-04
4.300000000000000003e-03
1.200000000000000112e-03
2.000000000000000042e-03
4.000000000000000192e-04
5.700000000000000205e-03
9.000000000000000838e-04
3.900000000000000255e-03
1.000000000000000048e-04
1.240000000000000130e-02
1.500000000000000031e-03
1.000000000000000048e-04
5.000000000000000104e-04
2.100000000000000304e-03
1.399999999999999986e-03
1.949999999999999997e-02
1.200000000000000112e-03
1.118000000000000105e-01
2.000000000000000096e-04
1.770000000000000046e-02
2.000000000000000096e-04
1.400000000000000029e-02
2.000000000000000096e-04
3.260000000000000397e-02
3.000000000000000279e-04
3.520000000000000212e-02
1.000000000000000048e-04
4.000000000000000083e-03
1.000000000000000021e-03
4.100000000000000346e-03
2.000000000000000096e-04
8.630000000000000171e-02
1.100000000000000066e-03
1.319999999999999993e-02
1.000000000000000048e-04
1.260000000000000009e-02
2.100000000000000304e-03
1.000000000000000048e-04
6.000000000000000559e-04
1.070000000000000118e-02
1.000000000000000021e-03
5.000000000000000104e-03
1.000000000000000048e-04
1.700000000000000122e-03
2.299999999999999961e-03
1.630000000000000199e-02
2.000000000000000096e-04
1.190000000000000085e-02
3.000000000000000279e-04
2.299999999999999961e-03
3.000000000000000279e-04
9.000000000000000838e-04
3.000000000000000279e-04
1.540000000000000049e-02
1.000000000000000048e-04
6.999999999999999929e-04
3.000000000000000062e-03
8.800000000000000530e-03
2.299999999999999961e-03
9.000000000000001055e-03
1.700000000000000122e-03
1.800000000000000168e-03
2.000000000000000096e-04
2.529999999999999957e-02
4.000000000000000192e-04
1.880000000000000074e-02
9.100000000000000450e-03
1.149999999999999981e-02
3.000000000000000279e-04
6.310000000000000331e-02
6.000000000000000559e-04
4.170000000000000095e-02
4.000000000000000192e-04
4.379999999999999866e-02
4.700000000000000185e-03
1.200000000000000112e-03
3.000000000000000279e-04
2.220000000000000098e-02
1.000000000000000048e-04
6.500000000000000569e-03
4.800000000000000447e-03
3.060000000000000220e-02
1.000000000000000048e-04
1.420000000000000082e-02
4.000000000000000192e-04
2.560000000000000123e-02
1.000000000000000048e-04
8.700000000000001135e-03
3.700000000000000164e-03
4.800000000000000447e-03
8.000000000000000383e-04
1.110000000000000049e-02
1.000000000000000048e-04
4.899999999999999842e-03
1.000000000000000048e-04
1.800000000000000168e-03
5.000000000000000104e-04
1.500000000000000031e-03
1.000000000000000048e-04
3.840000000000000357e-02
1.899999999999999996e-03
2.210000000000000159e-02
4.300000000000000003e-03
3.299999999999999982e-03
5.000000000000000104e-04
2.570000000000000062e-02
1.000000000000000048e-04
3.000000000000000062e-03
1.800000000000000168e-03
8.200000000000000691e-03
4.000000000000000192e-04
3.000000000000000279e-04
3.000000000000000279e-04
2.299999999999999961e-03
2.000000000000000096e-04
1.899999999999999996e-03
3.000000000000000279e-04
2.100000000000000304e-03
4.000000000000000192e-04
4.800000000000000447e-03
8.000000000000000383e-04
6.819999999999999674e-02
3.100000000000000325e-03
1.080000000000000057e-02
3.000000000000000062e-03
7.500000000000000590e-03
3.000000000000000279e-04
1.060000000000000005e-02
2.000000000000000096e-04
5.080000000000000487e-02
2.200000000000000133e-03
2.050000000000000086e-02
1.100000000000000066e-03
6.500000000000000569e-03
6.000000000000000559e-04
4.000000000000000192e-04
1.100000000000000066e-03
8.000000000000000383e-04
1.300000000000000157e-03
3.000000000000000279e-04
8.000000000000000383e-04
9.000000000000000838e-04
2.000000000000000096e-04
1.000000000000000021e-03
6.000000000000000559e-04
1.380000000000000150e-02
2.000000000000000096e-04
6.869999999999999718e-02
4.000000000000000192e-04
4.000000000000000192e-04
3.000000000000000279e-04
3.600000000000000335e-03
1.000000000000000021e-03
4.000000000000000192e-04
5.000000000000000104e-04
4.000000000000000192e-04
2.000000000000000096e-04
1.100000000000000066e-03
4.000000000000000192e-04
7.599999999999999985e-03
3.000000000000000279e-04
5.000000000000000104e-04
1.100000000000000066e-03
6.999999999999999929e-04
1.200000000000000112e-03
1.600000000000000077e-03
1.000000000000000021e-03
1.399999999999999986e-03
3.000000000000000279e-04
1.399999999999999986e-03
1.000000000000000048e-04
4.000000000000000192e-04
2.600000000000000314e-03
1.700000000000000122e-03
2.000000000000000096e-04
1.990000000000000102e-02
1.399999999999999986e-03
1.450000000000000074e-02
6.100000000000000387e-03
1.200000000000000112e-03
2.700000000000000143e-03
2.040000000000000147e-02
3.000000000000000279e-04
3.600000000000000335e-03
6.000000000000000559e-04
1.600000000000000077e-03
1.100000000000000066e-03
2.140000000000000235e-02
3.000000000000000279e-04
2.239999999999999977e-02
8.000000000000000383e-04
9.900000000000000813e-03
3.000000000000000279e-04
1.200000000000000025e-02
6.000000000000000559e-04
4.599999999999999922e-03
6.999999999999999929e-04
6.800000000000000488e-03
1.200000000000000112e-03
8.800000000000000530e-03
1.300000000000000157e-03
1.210000000000000138e-02
1.000000000000000048e-04
2.380000000000000171e-02
1.200000000000000112e-03
4.000000000000000083e-03
3.000000000000000062e-03
2.900000000000000147e-02
5.700000000000000205e-03
7.200000000000000670e-03
2.200000000000000133e-03
1.690000000000000183e-02
8.000000000000000383e-04
2.500000000000000052e-03
4.000000000000000192e-04
1.800000000000000168e-03
3.100000000000000325e-03
6.999999999999999929e-04
6.500000000000000569e-03
2.469999999999999973e-02
1.000000000000000048e-04
4.180000000000000382e-02
1.399999999999999986e-03
2.590000000000000288e-02
2.000000000000000096e-04
4.100000000000000346e-03
5.800000000000000468e-03
1.230000000000000017e-02
1.300000000000000157e-03
2.430000000000000215e-02
4.000000000000000192e-04
7.000000000000000146e-03
3.000000000000000279e-04
3.780000000000000027e-02
9.000000000000000838e-04
1.600000000000000077e-03
9.000000000000000838e-04
3.450000000000000289e-02
6.000000000000000559e-04
4.880000000000000310e-02
4.000000000000000192e-04
4.200000000000000608e-03
1.000000000000000048e-04
1.030000000000000013e-02
2.700000000000000143e-03
4.000000000000000192e-04
1.600000000000000077e-03
4.000000000000000192e-04
6.000000000000000559e-04
1.220000000000000077e-02
5.000000000000000104e-04
1.400000000000000029e-02
5.000000000000000104e-04
2.299999999999999961e-03
4.000000000000000192e-04
4.000000000000000083e-03
1.000000000000000048e-04
5.000000000000000278e-02
2.000000000000000096e-04
1.300000000000000114e-02
1.300000000000000157e-03
1.200000000000000112e-03
2.700000000000000143e-03
5.000000000000000104e-04
5.000000000000000104e-04
1.250000000000000069e-02
9.000000000000000838e-04
1.940000000000000058e-02
3.200000000000000153e-03
2.189999999999999933e-02
2.700000000000000143e-03
1.230000000000000017e-02
1.000000000000000048e-04
8.690000000000000502e-02
8.000000000000000383e-04
1.920000000000000179e-02
2.000000000000000096e-04
5.000000000000000104e-04
1.800000000000000168e-03
5.240000000000000213e-02
5.000000000000000104e-04
2.500000000000000139e-02
1.700000000000000122e-03
6.400000000000000307e-03
3.700000000000000164e-03
8.000000000000000383e-04
1.800000000000000168e-03
1.899999999999999996e-03
2.299999999999999961e-03
1.100000000000000066e-03
8.300000000000000086e-03
3.000000000000000279e-04
1.800000000000000168e-03
5.000000000000000104e-04
2.400000000000000223e-03
3.000000000000000279e-04
5.899999999999999863e-03
8.000000000000000383e-04
1.200000000000000112e-03
2.500000000000000052e-03
3.000000000000000062e-03
6.000000000000000559e-04
3.700000000000000164e-03
2.100000000000000304e-03
9.000000000000000838e-04
3.000000000000000279e-04
4.000000000000000192e-04
6.999999999999999929e-04
1.399999999999999986e-03
1.600000000000000077e-03
4.899999999999999842e-03
6.000000000000000559e-04
4.100000000000000346e-03
3.000000000000000279e-04
4.000000000000000192e-04
1.200000000000000112e-03
3.000000000000000279e-04
6.000000000000000559e-04
4.100000000000000346e-03
5.000000000000000104e-04
2.500000000000000052e-03
1.100000000000000066e-03
6.599999999999999964e-03
2.000000000000000096e-04
1.300000000000000157e-03
1.500000000000000031e-03
1.100000000000000066e-03
4.000000000000000192e-04
2.000000000000000042e-03
3.000000000000000062e-03
2.500000000000000052e-03
1.600000000000000077e-03
1.070000000000000118e-02
5.000000000000000104e-04
8.000000000000000383e-04
5.000000000000000104e-04
2.500000000000000052e-03
1.000000000000000021e-03
3.200000000000000153e-03
5.000000000000000104e-04
1.300000000000000157e-03
3.000000000000000279e-04
1.210000000000000138e-02
6.000000000000000559e-04
8.800000000000000530e-03
5.000000000000000104e-04
4.000000000000000192e-04
4.000000000000000192e-04
1.000000000000000021e-02
6.999999999999999929e-04
6.000000000000000559e-04
1.200000000000000112e-03
3.500000000000000073e-03
5.000000000000000104e-04
6.700000000000000226e-03
2.529999999999999957e-02
1.000000000000000021e-03
1.800000000000000211e-02
6.999999999999999929e-04
1.870000000000000134e-02
3.799999999999999992e-03
1.000000000000000021e-02
3.000000000000000279e-04
6.000000000000000125e-03
6.000000000000000559e-04
4.300000000000000003e-03
1.200000000000000112e-03
2.000000000000000042e-03
4.000000000000000192e-04
5.599999999999999943e-03
1.000000000000000021e-03
3.900000000000000255e-03
1.000000000000000048e-04
1.240000000000000130e-02
1.500000000000000031e-03
1.000000000000000048e-04
5.000000000000000104e-04
2.100000000000000304e-03
1.300000000000000157e-03
1.959999999999999937e-02
1.200000000000000112e-03
1.118000000000000105e-01
2.000000000000000096e-04
1.770000000000000046e-02
2.000000000000000096e-04
1.400000000000000029e-02
2.000000000000000096e-04
3.260000000000000397e-02
3.000000000000000279e-04
3.520000000000000212e-02
1.000000000000000048e-04
4.000000000000000083e-03
1.000000000000000021e-03
4.100000000000000346e-03
2.000000000000000096e-04
8.630000000000000171e-02
1.100000000000000066e-03
1.319999999999999993e-02
1.000000000000000048e-04
1.260000000000000009e-02
2.799999999999999972e-03
1.070000000000000118e-02
1.000000000000000021e-03
5.000000000000000104e-03
1.000000000000000048e-04
1.700000000000000122e-03
2.299999999999999961e-03
1.630000000000000199e-02
2.000000000000000096e-04
1.160000000000000094e-02
1.000000000000000048e-04
2.000000000000000096e-04
3.000000000000000279e-04
2.299999999999999961e-03
3.000000000000000279e-04
9.000000000000000838e-04
3.000000000000000279e-04
1.540000000000000049e-02
1.000000000000000048e-04
6.999999999999999929e-04
3.000000000000000062e-03
8.800000000000000530e-03
2.299999999999999961e-03
8.899999999999999925e-03
1.800000000000000168e-03
1.800000000000000168e-03
2.000000000000000096e-04
2.529999999999999957e-02
4.000000000000000192e-04
1.870000000000000134e-02
9.199999999999999845e-03
1.149999999999999981e-02
3.000000000000000279e-04
6.310000000000000331e-02
6.000000000000000559e-04
4.170000000000000095e-02
4.000000000000000192e-04
2.900000000000000147e-02
1.000000000000000048e-04
1.470000000000000126e-02
4.700000000000000185e-03
1.200000000000000112e-03
2.000000000000000096e-04
2.230000000000000038e-02
1.000000000000000048e-04
6.500000000000000569e-03
4.800000000000000447e-03
3.060000000000000220e-02
1.000000000000000048e-04
1.420000000000000082e-02
4.000000000000000192e-04
2.560000000000000123e-02
1.000000000000000048e-04
8.700000000000001135e-03
3.700000000000000164e-03
4.800000000000000447e-03
8.000000000000000383e-04
1.110000000000000049e-02
1.000000000000000048e-04
4.899999999999999842e-03
1.000000000000000048e-04
1.800000000000000168e-03
4.000000000000000192e-04
1.600000000000000077e-03
1.000000000000000048e-04
3.840000000000000357e-02
1.899999999999999996e-03
2.210000000000000159e-02
4.300000000000000003e-03
3.299999999999999982e-03
5.000000000000000104e-04
2.570000000000000062e-02
1.000000000000000048e-04
3.000000000000000062e-03
1.700000000000000122e-03
8.300000000000000086e-03
4.000000000000000192e-04
3.000000000000000279e-04
3.000000000000000279e-04
2.299999999999999961e-03
2.000000000000000096e-04
1.899999999999999996e-03
3.000000000000000279e-04
2.100000000000000304e-03
4.000000000000000192e-04
4.800000000000000447e-03
8.000000000000000383e-04
6.819999999999999674e-02
3.100000000000000325e-03
1.080000000000000057e-02
3.000000000000000062e-03
7.500000000000000590e-03
3.000000000000000279e-04
1.060000000000000005e-02
2.000000000000000096e-04
5.080000000000000487e-02
2.200000000000000133e-03
2.050000000000000086e-02
1.100000000000000066e-03
6.500000000000000569e-03
5.000000000000000104e-04
5.000000000000000104e-04
1.100000000000000066e-03
8.000000000000000383e-04
1.200000000000000112e-03
4.000000000000000192e-04
8.000000000000000383e-04
9.000000000000000838e-04
2.000000000000000096e-04
1.000000000000000021e-03
6.000000000000000559e-04
1.370000000000000037e-02
3.000000000000000279e-04
6.869999999999999718e-02
4.000000000000000192e-04
4.000000000000000192e-04
3.000000000000000279e-04
3.600000000000000335e-03
1.000000000000000021e-03
4.000000000000000192e-04
5.000000000000000104e-04
4.000000000000000192e-04
2.000000000000000096e-04
1.100000000000000066e-03
4.000000000000000192e-04
7.599999999999999985e-03
3.000000000000000279e-04
5.000000000000000104e-04
1.100000000000000066e-03
6.999999999999999929e-04
1.200000000000000112e-03
1.600000000000000077e-03
1.000000000000000021e-03
1.399999999999999986e-03
3.000000000000000279e-04
1.399999999999999986e-03
1.000000000000000048e-04
4.000000000000000192e-04
2.600000000000000314e-03
1.700000000000000122e-03
2.000000000000000096e-04
1.990000000000000102e-02
1.399999999999999986e-03
1.450000000000000074e-02
6.100000000000000387e-03
1.100000000000000066e-03
2.799999999999999972e-03
2.040000000000000147e-02
3.000000000000000279e-04
3.600000000000000335e-03
6.000000000000000559e-04
1.600000000000000077e-03
1.100000000000000066e-03
2.140000000000000235e-02
3.000000000000000279e-04
2.239999999999999977e-02
8.000000000000000383e-04
9.799999999999999684e-03
4.000000000000000192e-04
1.200000000000000025e-02
6.000000000000000559e-04
4.599999999999999922e-03
6.999999999999999929e-04
6.800000000000000488e-03
1.200000000000000112e-03
8.800000000000000530e-03
1.300000000000000157e-03
1.210000000000000138e-02
1.000000000000000048e-04
2.380000000000000171e-02
1.200000000000000112e-03
4.000000000000000083e-03
2.900000000000000234e-03
2.910000000000000087e-02
5.700000000000000205e-03
7.200000000000000670e-03
2.200000000000000133e-03
1.690000000000000183e-02
8.000000000000000383e-04
2.500000000000000052e-03
4.000000000000000192e-04
1.800000000000000168e-03
3.100000000000000325e-03
6.999999999999999929e-04
6.500000000000000569e-03
2.469999999999999973e-02
1.000000000000000048e-04
4.180000000000000382e-02
1.399999999999999986e-03
2.590000000000000288e-02
2.000000000000000096e-04
4.100000000000000346e-03
5.800000000000000468e-03
1.230000000000000017e-02
1.200000000000000112e-03
2.440000000000000155e-02
4.000000000000000192e-04
7.000000000000000146e-03
3.000000000000000279e-04
3.780000000000000027e-02
9.000000000000000838e-04
1.600000000000000077e-03
9.000000000000000838e-04
3.450000000000000289e-02
6.000000000000000559e-04
4.880000000000000310e-02
4.000000000000000192e-04
4.200000000000000608e-03
1.000000000000000048e-04
1.030000000000000013e-02
2.600000000000000314e-03
5.000000000000000104e-04
1.500000000000000031e-03
5.000000000000000104e-04
6.000000000000000559e-04
1.220000000000000077e-02
5.000000000000000104e-04
1.400000000000000029e-02
5.000000000000000104e-04
2.299999999999999961e-03
4.000000000000000192e-04
4.000000000000000083e-03
1.000000000000000048e-04
5.000000000000000278e-02
2.000000000000000096e-04
1.300000000000000114e-02
1.300000000000000157e-03
1.200000000000000112e-03
2.700000000000000143e-03
4.000000000000000192e-04
6.000000000000000559e-04
1.240000000000000130e-02
1.000000000000000021e-03
1.940000000000000058e-02
3.100000000000000325e-03
2.200000000000000219e-02
2.700000000000000143e-03
1.230000000000000017e-02
1.000000000000000048e-04
8.690000000000000502e-02
8.000000000000000383e-04
1.920000000000000179e-02
2.000000000000000096e-04
5.000000000000000104e-04
1.800000000000000168e-03
5.240000000000000213e-02
5.000000000000000104e-04
2.500000000000000139e-02
1.700000000000000122e-03
6.400000000000000307e-03
3.700000000000000164e-03
8.000000000000000383e-04
1.800000000000000168e-03
1.899999999999999996e-03
2.299999999999999961e-03
1.100000000000000066e-03
8.300000000000000086e-03
3.000000000000000279e-04
1.800000000000000168e-03
5.000000000000000104e-04
2.400000000000000223e-03
3.000000000000000279e-04
5.899999999999999863e-03
8.000000000000000383e-04
1.200000000000000112e-03
2.500000000000000052e-03
3.000000000000000062e-03
6.000000000000000559e-04
3.600000000000000335e-03
2.200000000000000133e-03
9.000000000000000838e-04
3.000000000000000279e-04
4.000000000000000192e-04
6.999999999999999929e-04
1.399999999999999986e-03
1.600000000000000077e-03
4.899999999999999842e-03
6.000000000000000559e-04
4.100000000000000346e-03
3.000000000000000279e-04
4.000000000000000192e-04
1.100000000000000066e-03
4.000000000000000192e-04
6.000000000000000559e-04
4.100000000000000346e-03
4.000000000000000192e-04
2.600000000000000314e-03
1.000000000000000021e-03
6.700000000000000226e-03
2.000000000000000096e-04
1.300000000000000157e-03
1.500000000000000031e-03
1.100000000000000066e-03
3.000000000000000279e-04
2.100000000000000304e-03
3.000000000000000062e-03
2.500000000000000052e-03
1.600000000000000077e-03
1.070000000000000118e-02
4.000000000000000192e-04
8.000000000000000383e-04
6.000000000000000559e-04
2.500000000000000052e-03
3.000000000000000279e-04
1.000000000000000048e-04
6.000000000000000559e-04
3.200000000000000153e-03
5.000000000000000104e-04
1.300000000000000157e-03
3.000000000000000279e-04
1.210000000000000138e-02
6.000000000000000559e-04
8.800000000000000530e-03
5.000000000000000104e-04
4.000000000000000192e-04
4.000000000000000192e-04
1.000000000000000021e-02
6.999999999999999929e-04
6.000000000000000559e-04
1.200000000000000112e-03
3.500000000000000073e-03
5.000000000000000104e-04
6.700000000000000226e-03
2.529999999999999957e-02
1.000000000000000021e-03
1.800000000000000211e-02
6.000000000000000559e-04
1.880000000000000074e-02
3.799999999999999992e-03
1.000000000000000021e-02
3.000000000000000279e-04
6.000000000000000125e-03
6.000000000000000559e-04
4.300000000000000003e-03
1.200000000000000112e-03
2.000000000000000042e-03
4.000000000000000192e-04
5.599999999999999943e-03
1.000000000000000021e-03
3.799999999999999992e-03
1.000000000000000048e-04
1.250000000000000069e-02
1.500000000000000031e-03
1.000000000000000048e-04
5.000000000000000104e-04
2.100000000000000304e-03
1.300000000000000157e-03
1.959999999999999937e-02
1.200000000000000112e-03
1.118000000000000105e-01
2.000000000000000096e-04
1.770000000000000046e-02
2.000000000000000096e-04
1.400000000000000029e-02
2.000000000000000096e-04
3.260000000000000397e-02
3.000000000000000279e-04
3.520000000000000212e-02
1.000000000000000048e-04
4.000000000000000083e-03
1.000000000000000021e-03
4.100000000000000346e-03
2.000000000000000096e-04
8.630000000000000171e-02
1.100000000000000066e-03
1.319999999999999993e-02
1.000000000000000048e-04
1.260000000000000009e-02
2.799999999999999972e-03
1.070000000000000118e-02
1.000000000000000021e-03
5.000000000000000104e-03
1.000000000000000048e-04
1.700000000000000122e-03
2.299999999999999961e-03
1.630000000000000199e-02
2.000000000000000096e-04
1.160000000000000094e-02
1.000000000000000048e-04
2.000000000000000096e-04
3.000000000000000279e-04
2.299999999999999961e-03
3.000000000000000279e-04
9.000000000000000838e-04
2.000000000000000096e-04
1.549999999999999989e-02
1.000000000000000048e-04
6.999999999999999929e-04
3.000000000000000062e-03
8.800000000000000530e-03
2.299999999999999961e-03
8.899999999999999925e-03
1.800000000000000168e-03
1.800000000000000168e-03
2.000000000000000096e-04
2.529999999999999957e-02
4.000000000000000192e-04
1.870000000000000134e-02
9.199999999999999845e-03
1.149999999999999981e-02
3.000000000000000279e-04
6.310000000000000331e-02
5.000000000000000104e-04
4.180000000000000382e-02
3.000000000000000279e-04
2.910000000000000087e-02
1.000000000000000048e-04
1.470000000000000126e-02
4.700000000000000185e-03
1.200000000000000112e-03
2.000000000000000096e-04
2.230000000000000038e-02
1.000000000000000048e-04
6.500000000000000569e-03
4.800000000000000447e-03
3.060000000000000220e-02
1.000000000000000048e-04
1.420000000000000082e-02
4.000000000000000192e-04
2.560000000000000123e-02
1.000000000000000048e-04
8.700000000000001135e-03
3.700000000000000164e-03
4.800000000000000447e-03
8.000000000000000383e-04
1.110000000000000049e-02
1.000000000000000048e-04
4.899999999999999842e-03
1.000000000000000048e-04
1.800000000000000168e-03
4.000000000000000192e-04
1.600000000000000077e-03
1.000000000000000048e-04
3.840000000000000357e-02
1.899999999999999996e-03
2.210000000000000159e-02
4.300000000000000003e-03
3.299999999999999982e-03
5.000000000000000104e-04
2.560000000000000123e-02
2.000000000000000096e-04
3.000000000000000062e-03
1.700000000000000122e-03
8.300000000000000086e-03
4.000000000000000192e-04
3.000000000000000279e-04
3.000000000000000279e-04
2.299999999999999961e-03
2.000000000000000096e-04
1.800000000000000168e-03
4.000000000000000192e-04
2.100000000000000304e-03
4.000000000000000192e-04
4.800000000000000447e-03
8.000000000000000383e-04
6.819999999999999674e-02
3.100000000000000325e-03
1.080000000000000057e-02
3.000000000000000062e-03
7.500000000000000590e-03
3.000000000000000279e-04
1.060000000000000005e-02
2.000000000000000096e-04
5.080000000000000487e-02
2.200000000000000133e-03
2.050000000000000086e-02
1.100000000000000066e-03
6.500000000000000569e-03
5.000000000000000104e-04
5.000000000000000104e-04
1.100000000000000066e-03
8.000000000000000383e-04
1.200000000000000112e-03
4.000000000000000192e-04
8.000000000000000383e-04
9.000000000000000838e-04
2.000000000000000096e-04
1.000000000000000021e-03
6.000000000000000559e-04
1.370000000000000037e-02
3.000000000000000279e-04
6.860000000000000819e-02
4.000000000000000192e-04
5.000000000000000104e-04
3.000000000000000279e-04
3.600000000000000335e-03
1.000000000000000021e-03
4.000000000000000192e-04
4.000000000000000192e-04
5.000000000000000104e-04
2.000000000000000096e-04
1.000000000000000021e-03
5.000000000000000104e-04
7.599999999999999985e-03
3.000000000000000279e-04
5.000000000000000104e-04
1.100000000000000066e-03
6.999999999999999929e-04
1.200000000000000112e-03
1.600000000000000077e-03
1.000000000000000021e-03
1.399999999999999986e-03
3.000000000000000279e-04
1.399999999999999986e-03
1.000000000000000048e-04
4.000000000000000192e-04
2.500000000000000052e-03
1.800000000000000168e-03
2.000000000000000096e-04
1.980000000000000163e-02
1.500000000000000031e-03
1.450000000000000074e-02
6.100000000000000387e-03
1.100000000000000066e-03
2.799999999999999972e-03
2.030000000000000207e-02
4.000000000000000192e-04
3.600000000000000335e-03
6.000000000000000559e-04
1.600000000000000077e-03
1.100000000000000066e-03
2.140000000000000235e-02
3.000000000000000279e-04
2.239999999999999977e-02
8.000000000000000383e-04
9.799999999999999684e-03
4.000000000000000192e-04
1.200000000000000025e-02
5.000000000000000104e-04
4.599999999999999922e-03
6.999999999999999929e-04
6.900000000000000751e-03
1.200000000000000112e-03
8.800000000000000530e-03
1.300000000000000157e-03
1.210000000000000138e-02
1.000000000000000048e-04
2.380000000000000171e-02
1.200000000000000112e-03
4.000000000000000083e-03
2.900000000000000234e-03
2.910000000000000087e-02
5.700000000000000205e-03
7.200000000000000670e-03
2.200000000000000133e-03
1.690000000000000183e-02
8.000000000000000383e-04
2.500000000000000052e-03
4.000000000000000192e-04
1.800000000000000168e-03
3.100000000000000325e-03
6.999999999999999929e-04
6.500000000000000569e-03
2.469999999999999973e-02
1.000000000000000048e-04
4.180000000000000382e-02
1.399999999999999986e-03
2.590000000000000288e-02
2.000000000000000096e-04
4.100000000000000346e-03
5.800000000000000468e-03
1.230000000000000017e-02
1.200000000000000112e-03
2.440000000000000155e-02
4.000000000000000192e-04
7.000000000000000146e-03
3.000000000000000279e-04
3.780000000000000027e-02
9.000000000000000838e-04
1.600000000000000077e-03
9.000000000000000838e-04
3.440000000000000002e-02
6.999999999999999929e-04
4.880000000000000310e-02
4.000000000000000192e-04
4.200000000000000608e-03
1.000000000000000048e-04
1.030000000000000013e-02
2.600000000000000314e-03
5.000000000000000104e-04
1.500000000000000031e-03
5.000000000000000104e-04
6.000000000000000559e-04
1.220000000000000077e-02
5.000000000000000104e-04
1.400000000000000029e-02
5.000000000000000104e-04
2.299999999999999961e-03
4.000000000000000192e-04
4.000000000000000083e-03
1.000000000000000048e-04
5.000000000000000278e-02
2.000000000000000096e-04
1.300000000000000114e-02
1.300000000000000157e-03
1.200000000000000112e-03
2.700000000000000143e-03
4.000000000000000192e-04
5.000000000000000104e-04
1.250000000000000069e-02
1.000000000000000021e-03
1.940000000000000058e-02
3.100000000000000325e-03
2.200000000000000219e-02
2.600000000000000314e-03
1.240000000000000130e-02
1.000000000000000048e-04
8.690000000000000502e-02
8.000000000000000383e-04
1.920000000000000179e-02
2.000000000000000096e-04
5.000000000000000104e-04
1.800000000000000168e-03
5.240000000000000213e-02
5.000000000000000104e-04
2.500000000000000139e-02
1.700000000000000122e-03
6.400000000000000307e-03
3.700000000000000164e-03
8.000000000000000383e-04
1.800000000000000168e-03
1.899999999999999996e-03
2.299999999999999961e-03
1.000000000000000021e-03
8.400000000000001216e-03
3.000000000000000279e-04
1.700000000000000122e-03
5.000000000000000104e-04
2.500000000000000052e-03
3.000000000000000279e-04
5.899999999999999863e-03
8.000000000000000383e-04
1.200000000000000112e-03
2.500000000000000052e-03
3.000000000000000062e-03
6.000000000000000559e-04
3.600000000000000335e-03
2.200000000000000133e-03
9.000000000000000838e-04
2.000000000000000096e-04
5.000000000000000104e-04
6.999999999999999929e-04
1.399999999999999986e-03
1.600000000000000077e-03
4.899999999999999842e-03
6.000000000000000559e-04
4.100000000000000346e-03
3.000000000000000279e-04
4.000000000000000192e-04
1.100000000000000066e-03
3.000000000000000279e-04
6.999999999999999929e-04
4.100000000000000346e-03
4.000000000000000192e-04
2.600000000000000314e-03
1.000000000000000021e-03
6.599999999999999964e-03
3.000000000000000279e-04
1.300000000000000157e-03
1.500000000000000031e-03
1.100000000000000066e-03
3.000000000000000279e-04
2.100000000000000304e-03
3.000000000000000062e-03
2.400000000000000223e-03
1.600000000000000077e-03
1.080000000000000057e-02
4.000000000000000192e-04
8.000000000000000383e-04
6.000000000000000559e-04
2.500000000000000052e-03
3.000000000000000279e-04
1.000000000000000048e-04
6.000000000000000559e-04
3.200000000000000153e-03
5.000000000000000104e-04
1.300000000000000157e-03
3.000000000000000279e-04
1.210000000000000138e-02
6.000000000000000559e-04
8.700000000000001135e-03
6.000000000000000559e-04
4.000000000000000192e-04
4.000000000000000192e-04
9.900000000000000813e-03
8.000000000000000383e-04
6.000000000000000559e-04
1.200000000000000112e-03
3.500000000000000073e-03
5.000000000000000104e-04
6.700000000000000226e-03
2.529999999999999957e-02
9.000000000000000838e-04
1.810000000000000150e-02
6.000000000000000559e-04
1.880000000000000074e-02
3.700000000000000164e-03
1.010000000000000134e-02
3.000000000000000279e-04
6.000000000000000125e-03
6.000000000000000559e-04
4.300000000000000003e-03
1.200000000000000112e-03
2.000000000000000042e-03
4.000000000000000192e-04
5.599999999999999943e-03
1.000000000000000021e-03
3.799999999999999992e-03
1.000000000000000048e-04
1.250000000000000069e-02
1.500000000000000031e-03
1.000000000000000048e-04
5.000000000000000104e-04
2.100000000000000304e-03
1.300000000000000157e-03
1.959999999999999937e-02
1.200000000000000112e-03
1.118000000000000105e-01
2.000000000000000096e-04
1.770000000000000046e-02
2.000000000000000096e-04
1.390000000000000090e-02
3.000000000000000279e-04
3.260000000000000397e-02
3.000000000000000279e-04
3.520000000000000212e-02
1.000000000000000048e-04
4.000000000000000083e-03
1.000000000000000021e-03
4.100000000000000346e-03
2.000000000000000096e-04
8.630000000000000171e-02
1.100000000000000066e-03
1.319999999999999993e-02
1.000000000000000048e-04
1.250000000000000069e-02
2.900000000000000234e-03
1.070000000000000118e-02
1.000000000000000021e-03
5.000000000000000104e-03
1.000000000000000048e-04
1.700000000000000122e-03
2.299999999999999961e-03
1.630000000000000199e-02
2.000000000000000096e-04
1.160000000000000094e-02
1.000000000000000048e-04
2.000000000000000096e-04
3.000000000000000279e-04
2.299999999999999961e-03
3.000000000000000279e-04
9.000000000000000838e-04
2.000000000000000096e-04
1.549999999999999989e-02
1.000000000000000048e-04
6.000000000000000559e-04
3.100000000000000325e-03
8.800000000000000530e-03
2.299999999999999961e-03
8.899999999999999925e-03
1.800000000000000168e-03
1.700000000000000122e-03
3.000000000000000279e-04
2.529999999999999957e-02
3.000000000000000279e-04
1.880000000000000074e-02
9.100000000000000450e-03
1.149999999999999981e-02
4.000000000000000192e-04
6.310000000000000331e-02
5.000000000000000104e-04
4.180000000000000382e-02
3.000000000000000279e-04
2.910000000000000087e-02
1.000000000000000048e-04
1.470000000000000126e-02
4.700000000000000185e-03
1.200000000000000112e-03
2.000000000000000096e-04
2.230000000000000038e-02
1.000000000000000048e-04
6.500000000000000569e-03
4.800000000000000447e-03
3.060000000000000220e-02
1.000000000000000048e-04
1.420000000000000082e-02
4.000000000000000192e-04
2.560000000000000123e-02
1.000000000000000048e-04
8.600000000000000006e-03
3.700000000000000164e-03
4.899999999999999842e-03
8.000000000000000383e-04
1.100000000000000110e-02
1.000000000000000048e-04
4.899999999999999842e-03
2.000000000000000096e-04
1.800000000000000168e-03
4.000000000000000192e-04
1.600000000000000077e-03
1.000000000000000048e-04
3.840000000000000357e-02
1.899999999999999996e-03
2.210000000000000159e-02
4.200000000000000608e-03
3.400000000000000244e-03
5.000000000000000104e-04
2.560000000000000123e-02
2.000000000000000096e-04
3.000000000000000062e-03
1.700000000000000122e-03
8.300000000000000086e-03
4.000000000000000192e-04
3.000000000000000279e-04
2.000000000000000096e-04
2.400000000000000223e-03
2.000000000000000096e-04
1.800000000000000168e-03
3.000000000000000279e-04
2.100000000000000304e-03
5.000000000000000104e-04
4.800000000000000447e-03
8.000000000000000383e-04
6.819999999999999674e-02
3.000000000000000062e-03
1.089999999999999997e-02
3.000000000000000062e-03
7.500000000000000590e-03
3.000000000000000279e-04
1.060000000000000005e-02
2.000000000000000096e-04
5.080000000000000487e-02
2.200000000000000133e-03
2.050000000000000086e-02
1.100000000000000066e-03
6.500000000000000569e-03
5.000000000000000104e-04
5.000000000000000104e-04
1.100000000000000066e-03
8.000000000000000383e-04
1.200000000000000112e-03
4.000000000000000192e-04
8.000000000000000383e-04
9.000000000000000838e-04
2.000000000000000096e-04
1.000000000000000021e-03
6.000000000000000559e-04
1.370000000000000037e-02
3.000000000000000279e-04
6.860000000000000819e-02
4.000000000000000192e-04
4.000000000000000192e-04
3.000000000000000279e-04
3.700000000000000164e-03
1.000000000000000021e-03
3.000000000000000279e-04
5.000000000000000104e-04
5.000000000000000104e-04
2.000000000000000096e-04
1.000000000000000021e-03
5.000000000000000104e-04
7.599999999999999985e-03
3.000000000000000279e-04
5.000000000000000104e-04
1.100000000000000066e-03
6.999999999999999929e-04
1.200000000000000112e-03
1.600000000000000077e-03
1.000000000000000021e-03
1.399999999999999986e-03
3.000000000000000279e-04
1.300000000000000157e-03
2.000000000000000096e-04
4.000000000000000192e-04
2.500000000000000052e-03
1.800000000000000168e-03
2.000000000000000096e-04
1.980000000000000163e-02
1.500000000000000031e-03
1.450000000000000074e-02
6.100000000000000387e-03
1.100000000000000066e-03
2.700000000000000143e-03
2.040000000000000147e-02
4.000000000000000192e-04
3.600000000000000335e-03
6.000000000000000559e-04
1.600000000000000077e-03
1.100000000000000066e-03
2.140000000000000235e-02
3.000000000000000279e-04
2.230000000000000038e-02
8.000000000000000383e-04
9.900000000000000813e-03
4.000000000000000192e-04
1.200000000000000025e-02
5.000000000000000104e-04
4.599999999999999922e-03
6.999999999999999929e-04
6.800000000000000488e-03
1.200000000000000112e-03
8.899999999999999925e-03
1.300000000000000157e-03
1.210000000000000138e-02
1.000000000000000048e-04
2.380000000000000171e-02
1.200000000000000112e-03
4.000000000000000083e-03
2.900000000000000234e-03
2.910000000000000087e-02
5.700000000000000205e-03
7.200000000000000670e-03
2.200000000000000133e-03
1.690000000000000183e-02
8.000000000000000383e-04
2.500000000000000052e-03
4.000000000000000192e-04
1.800000000000000168e-03
3.100000000000000325e-03
6.999999999999999929e-04
6.500000000000000569e-03
2.469999999999999973e-02
1.000000000000000048e-04
4.180000000000000382e-02
1.399999999999999986e-03
2.590000000000000288e-02
2.000000000000000096e-04
4.100000000000000346e-03
5.700000000000000205e-03
1.230000000000000017e-02
1.300000000000000157e-03
2.440000000000000155e-02
3.000000000000000279e-04
7.000000000000000146e-03
4.000000000000000192e-04
3.780000000000000027e-02
9.000000000000000838e-04
1.600000000000000077e-03
8.000000000000000383e-04
3.450000000000000289e-02
6.999999999999999929e-04
4.880000000000000310e-02
4.000000000000000192e-04
1.460000000000000013e-02
2.600000000000000314e-03
5.000000000000000104e-04
1.500000000000000031e-03
5.000000000000000104e-04
6.000000000000000559e-04
1.220000000000000077e-02
5.000000000000000104e-04
1.400000000000000029e-02
5.000000000000000104e-04
2.200000000000000133e-03
5.000000000000000104e-04
4.000000000000000083e-03
1.000000000000000048e-04
5.000000000000000278e-02
2.000000000000000096e-04
1.300000000000000114e-02
1.300000000000000157e-03
1.200000000000000112e-03
2.700000000000000143e-03
4.000000000000000192e-04
5.000000000000000104e-04
1.250000000000000069e-02
1.000000000000000021e-03
1.930000000000000118e-02
3.200000000000000153e-03
2.200000000000000219e-02
2.600000000000000314e-03
1.240000000000000130e-02
1.000000000000000048e-04
8.690000000000000502e-02
8.000000000000000383e-04
1.920000000000000179e-02
2.000000000000000096e-04
5.000000000000000104e-04
1.800000000000000168e-03
5.240000000000000213e-02
5.000000000000000104e-04
2.500000000000000139e-02
1.600000000000000077e-03
6.400000000000000307e-03
3.799999999999999992e-03
8.000000000000000383e-04
1.800000000000000168e-03
1.899999999999999996e-03
2.299999999999999961e-03
1.000000000000000021e-03
8.400000000000001216e-03
3.000000000000000279e-04
1.700000000000000122e-03
5.000000000000000104e-04
2.500000000000000052e-03
3.000000000000000279e-04
5.899999999999999863e-03
8.000000000000000383e-04
1.200000000000000112e-03
2.500000000000000052e-03
2.900000000000000234e-03
6.999999999999999929e-04
3.600000000000000335e-03
2.200000000000000133e-03
9.000000000000000838e-04
2.000000000000000096e-04
5.000000000000000104e-04
6.999999999999999929e-04
1.399999999999999986e-03
1.600000000000000077e-03
4.899999999999999842e-03
6.000000000000000559e-04
4.100000000000000346e-03
3.000000000000000279e-04
4.000000000000000192e-04
1.100000000000000066e-03
3.000000000000000279e-04
6.999999999999999929e-04
4.100000000000000346e-03
4.000000000000000192e-04
2.600000000000000314e-03
1.000000000000000021e-03
6.599999999999999964e-03
3.000000000000000279e-04
1.300000000000000157e-03
1.500000000000000031e-03
1.100000000000000066e-03
3.000000000000000279e-04
2.100000000000000304e-03
3.000000000000000062e-03
2.400000000000000223e-03
1.600000000000000077e-03
1.080000000000000057e-02
4.000000000000000192e-04
8.000000000000000383e-04
6.000000000000000559e-04
2.500000000000000052e-03
3.000000000000000279e-04
1.000000000000000048e-04
6.000000000000000559e-04
3.200000000000000153e-03
5.000000000000000104e-04
1.300000000000000157e-03
2.000000000000000096e-04
1.220000000000000077e-02
5.000000000000000104e-04
8.800000000000000530e-03
6.000000000000000559e-04
4.000000000000000192e-04
4.000000000000000192e-04
9.900000000000000813e-03
8.000000000000000383e-04
6.000000000000000559e-04
1.100000000000000066e-03
3.600000000000000335e-03
4.000000000000000192e-04
6.700000000000000226e-03
2.540000000000000244e-02
9.000000000000000838e-04
1.810000000000000150e-02
6.000000000000000559e-04
1.880000000000000074e-02
3.700000000000000164e-03
1.010000000000000134e-02
3.000000000000000279e-04
6.000000000000000125e-03
6.000000000000000559e-04
4.300000000000000003e-03
1.200000000000000112e-03
1.899999999999999996e-03
5.000000000000000104e-04
5.599999999999999943e-03
1.000000000000000021e-03
3.799999999999999992e-03
1.000000000000000048e-04
1.250000000000000069e-02
1.500000000000000031e-03
1.000000000000000048e-04
5.000000000000000104e-04
2.100000000000000304e-03
1.300000000000000157e-03
1.959999999999999937e-02
1.100000000000000066e-03
1.118999999999999995e-01
2.000000000000000096e-04
1.760000000000000106e-02
3.000000000000000279e-04
1.390000000000000090e-02
3.000000000000000279e-04
3.260000000000000397e-02
3.000000000000000279e-04
3.509999999999999926e-02
1.000000000000000048e-04
4.100000000000000346e-03
1.000000000000000021e-03
4.100000000000000346e-03
2.000000000000000096e-04
8.630000000000000171e-02
1.100000000000000066e-03
2.580000000000000002e-02
2.900000000000000234e-03
1.060000000000000005e-02
1.100000000000000066e-03
5.000000000000000104e-03
1.000000000000000048e-04
1.700000000000000122e-03
2.299999999999999961e-03
1.630000000000000199e-02
2.000000000000000096e-04
1.160000000000000094e-02
1.000000000000000048e-04
2.000000000000000096e-04
3.000000000000000279e-04
2.200000000000000133e-03
3.000000000000000279e-04
1.000000000000000021e-03
2.000000000000000096e-04
1.549999999999999989e-02
1.000000000000000048e-04
6.000000000000000559e-04
3.100000000000000325e-03
8.800000000000000530e-03
2.299999999999999961e-03
8.899999999999999925e-03
1.800000000000000168e-03
1.700000000000000122e-03
3.000000000000000279e-04
2.529999999999999957e-02
3.000000000000000279e-04
1.880000000000000074e-02
9.100000000000000450e-03
1.149999999999999981e-02
4.000000000000000192e-04
6.310000000000000331e-02
5.000000000000000104e-04
4.180000000000000382e-02
3.000000000000000279e-04
2.910000000000000087e-02
1.000000000000000048e-04
1.470000000000000126e-02
4.700000000000000185e-03
1.200000000000000112e-03
2.000000000000000096e-04
2.230000000000000038e-02
1.000000000000000048e-04
6.500000000000000569e-03
4.800000000000000447e-03
3.060000000000000220e-02
1.000000000000000048e-04
1.420000000000000082e-02
4.000000000000000192e-04
2.560000000000000123e-02
1.000000000000000048e-04
8.600000000000000006e-03
3.700000000000000164e-03
4.899999999999999842e-03
6.999999999999999929e-04
1.110000000000000049e-02
1.000000000000000048e-04
4.899999999999999842e-03
2.000000000000000096e-04
1.700000000000000122e-03
5.000000000000000104e-04
1.600000000000000077e-03
1.000000000000000048e-04
3.840000000000000357e-02
1.899999999999999996e-03
2.210000000000000159e-02
4.200000000000000608e-03
3.400000000000000244e-03
5.000000000000000104e-04
2.560000000000000123e-02
2.000000000000000096e-04
3.000000000000000062e-03
1.700000000000000122e-03
8.300000000000000086e-03
4.000000000000000192e-04
3.000000000000000279e-04
2.000000000000000096e-04
2.400000000000000223e-03
2.000000000000000096e-04
1.800000000000000168e-03
3.000000000000000279e-04
2.100000000000000304e-03
5.000000000000000104e-04
4.800000000000000447e-03
8.000000000000000383e-04
6.819999999999999674e-02
3.000000000000000062e-03
1.089999999999999997e-02
3.000000000000000062e-03
7.500000000000000590e-03
3.000000000000000279e-04
1.060000000000000005e-02
2.000000000000000096e-04
5.080000000000000487e-02
2.200000000000000133e-03
2.050000000000000086e-02
1.100000000000000066e-03
6.500000000000000569e-03
5.000000000000000104e-04
4.000000000000000192e-04
1.200000000000000112e-03
6.999999999999999929e-04
1.300000000000000157e-03
4.000000000000000192e-04
6.999999999999999929e-04
1.000000000000000021e-03
2.000000000000000096e-04
1.000000000000000021e-03
6.000000000000000559e-04
1.370000000000000037e-02
3.000000000000000279e-04
6.860000000000000819e-02
4.000000000000000192e-04
4.000000000000000192e-04
3.000000000000000279e-04
3.700000000000000164e-03
1.000000000000000021e-03
3.000000000000000279e-04
5.000000000000000104e-04
5.000000000000000104e-04
2.000000000000000096e-04
1.000000000000000021e-03
5.000000000000000104e-04
7.599999999999999985e-03
3.000000000000000279e-04
5.000000000000000104e-04
1.100000000000000066e-03
6.999999999999999929e-04
1.200000000000000112e-03
1.500000000000000031e-03
1.100000000000000066e-03
1.399999999999999986e-03
3.000000000000000279e-04
1.300000000000000157e-03
2.000000000000000096e-04
4.000000000000000192e-04
2.500000000000000052e-03
1.800000000000000168e-03
2.000000000000000096e-04
1.980000000000000163e-02
1.500000000000000031e-03
1.440000000000000134e-02
6.200000000000000649e-03
1.100000000000000066e-03
2.700000000000000143e-03
2.040000000000000147e-02
4.000000000000000192e-04
3.600000000000000335e-03
6.000000000000000559e-04
1.600000000000000077e-03
1.100000000000000066e-03
2.140000000000000235e-02
3.000000000000000279e-04
2.230000000000000038e-02
8.000000000000000383e-04
9.900000000000000813e-03
4.000000000000000192e-04
1.200000000000000025e-02
5.000000000000000104e-04
4.599999999999999922e-03
6.999999999999999929e-04
6.800000000000000488e-03
1.200000000000000112e-03
8.899999999999999925e-03
1.300000000000000157e-03
1.210000000000000138e-02
1.000000000000000048e-04
2.380000000000000171e-02
1.200000000000000112e-03
3.900000000000000255e-03
3.000000000000000062e-03
2.910000000000000087e-02
5.599999999999999943e-03
7.300000000000000065e-03
2.200000000000000133e-03
1.690000000000000183e-02
8.000000000000000383e-04
2.500000000000000052e-03
4.000000000000000192e-04
1.800000000000000168e-03
3.100000000000000325e-03
6.999999999999999929e-04
6.500000000000000569e-03
2.469999999999999973e-02
1.000000000000000048e-04
4.180000000000000382e-02
1.399999999999999986e-03
2.590000000000000288e-02
2.000000000000000096e-04
4.100000000000000346e-03
5.700000000000000205e-03
1.230000000000000017e-02
1.300000000000000157e-03
2.430000000000000215e-02
4.000000000000000192e-04
7.000000000000000146e-03
4.000000000000000192e-04
3.780000000000000027e-02
9.000000000000000838e-04
1.600000000000000077e-03
8.000000000000000383e-04
2.179999999999999993e-02
1.000000000000000048e-04
1.260000000000000009e-02
6.999999999999999929e-04
4.880000000000000310e-02
3.000000000000000279e-04
1.470000000000000126e-02
2.600000000000000314e-03
5.000000000000000104e-04
1.500000000000000031e-03
4.000000000000000192e-04
6.999999999999999929e-04
1.220000000000000077e-02
5.000000000000000104e-04
1.400000000000000029e-02
5.000000000000000104e-04
2.200000000000000133e-03
5.000000000000000104e-04
3.900000000000000255e-03
2.000000000000000096e-04
5.000000000000000278e-02
2.000000000000000096e-04
1.300000000000000114e-02
1.300000000000000157e-03
1.200000000000000112e-03
2.700000000000000143e-03
4.000000000000000192e-04
5.000000000000000104e-04
1.250000000000000069e-02
1.000000000000000021e-03
1.930000000000000118e-02
3.200000000000000153e-03
2.200000000000000219e-02
2.600000000000000314e-03
1.240000000000000130e-02
1.000000000000000048e-04
8.690000000000000502e-02
8.000000000000000383e-04
1.910000000000000239e-02
3.000000000000000279e-04
5.000000000000000104e-04
1.800000000000000168e-03
5.240000000000000213e-02
5.000000000000000104e-04
2.500000000000000139e-02
1.600000000000000077e-03
6.400000000000000307e-03
3.700000000000000164e-03
8.000000000000000383e-04
1.899999999999999996e-03
1.899999999999999996e-03
2.299999999999999961e-03
1.000000000000000021e-03
8.400000000000001216e-03
3.000000000000000279e-04
1.700000000000000122e-03
5.000000000000000104e-04
2.500000000000000052e-03
3.000000000000000279e-04
5.899999999999999863e-03
8.000000000000000383e-04
1.200000000000000112e-03
2.400000000000000223e-03
3.000000000000000062e-03
6.999999999999999929e-04
3.600000000000000335e-03
2.200000000000000133e-03
9.000000000000000838e-04
2.000000000000000096e-04
5.000000000000000104e-04
6.999999999999999929e-04
1.399999999999999986e-03
1.600000000000000077e-03
4.899999999999999842e-03
5.000000000000000104e-04
4.200000000000000608e-03
3.000000000000000279e-04
4.000000000000000192e-04
1.100000000000000066e-03
3.000000000000000279e-04
6.999999999999999929e-04
4.100000000000000346e-03
4.000000000000000192e-04
2.500000000000000052e-03
1.100000000000000066e-03
6.599999999999999964e-03
3.000000000000000279e-04
1.300000000000000157e-03
1.500000000000000031e-03
1.100000000000000066e-03
3.000000000000000279e-04
2.100000000000000304e-03
3.000000000000000062e-03
2.400000000000000223e-03
1.600000000000000077e-03
1.080000000000000057e-02
4.000000000000000192e-04
8.000000000000000383e-04
6.000000000000000559e-04
2.500000000000000052e-03
3.000000000000000279e-04
1.000000000000000048e-04
6.000000000000000559e-04
3.200000000000000153e-03
5.000000000000000104e-04
1.200000000000000112e-03
3.000000000000000279e-04
1.210000000000000138e-02
6.000000000000000559e-04
8.800000000000000530e-03
6.000000000000000559e-04
4.000000000000000192e-04
4.000000000000000192e-04
9.900000000000000813e-03
6.999999999999999929e-04
6.999999999999999929e-04
1.100000000000000066e-03
3.500000000000000073e-03
5.000000000000000104e-04
6.700000000000000226e-03
2.529999999999999957e-02
1.000000000000000021e-03
1.810000000000000150e-02
6.000000000000000559e-04
1.870000000000000134e-02
3.799999999999999992e-03
1.010000000000000134e-02
2.000000000000000096e-04
6.100000000000000387e-03
6.000000000000000559e-04
4.200000000000000608e-03
1.300000000000000157e-03
1.899999999999999996e-03
4.000000000000000192e-04
5.700000000000000205e-03
1.000000000000000021e-03
3.799999999999999992e-03
1.000000000000000048e-04
1.250000000000000069e-02
1.500000000000000031e-03
1.000000000000000048e-04
5.000000000000000104e-04
2.100000000000000304e-03
1.300000000000000157e-03
1.959999999999999937e-02
1.100000000000000066e-03
1.118999999999999995e-01
2.000000000000000096e-04
1.760000000000000106e-02
2.000000000000000096e-04
1.400000000000000029e-02
3.000000000000000279e-04
3.260000000000000397e-02
2.000000000000000096e-04
3.520000000000000212e-02
1.000000000000000048e-04
4.100000000000000346e-03
1.000000000000000021e-03
4.100000000000000346e-03
2.000000000000000096e-04
8.630000000000000171e-02
1.100000000000000066e-03
1.310000000000000053e-02
1.000000000000000048e-04
1.260000000000000009e-02
2.900000000000000234e-03
1.060000000000000005e-02
1.100000000000000066e-03
4.899999999999999842e-03
2.000000000000000096e-04
1.700000000000000122e-03
2.299999999999999961e-03
1.630000000000000199e-02
2.000000000000000096e-04
1.160000000000000094e-02
1.000000000000000048e-04
2.000000000000000096e-04
3.000000000000000279e-04
2.200000000000000133e-03
3.000000000000000279e-04
1.000000000000000021e-03
2.000000000000000096e-04
1.549999999999999989e-02
1.000000000000000048e-04
6.000000000000000559e-04
3.100000000000000325e-03
8.800000000000000530e-03
2.299999999999999961e-03
8.899999999999999925e-03
1.800000000000000168e-03
1.700000000000000122e-03
3.000000000000000279e-04
2.529999999999999957e-02
3.000000000000000279e-04
1.880000000000000074e-02
9.100000000000000450e-03
1.149999999999999981e-02
4.000000000000000192e-04
6.310000000000000331e-02
5.000000000000000104e-04
4.180000000000000382e-02
3.000000000000000279e-04
2.910000000000000087e-02
1.000000000000000048e-04
1.470000000000000126e-02
4.700000000000000185e-03
1.200000000000000112e-03
2.000000000000000096e-04
2.890000000000000208e-02
4.800000000000000447e-03
3.060000000000000220e-02
1.000000000000000048e-04
1.420000000000000082e-02
4.000000000000000192e-04
2.560000000000000123e-02
1.000000000000000048e-04
8.600000000000000006e-03
3.700000000000000164e-03
4.899999999999999842e-03
6.999999999999999929e-04
1.110000000000000049e-02
1.000000000000000048e-04
4.899999999999999842e-03
2.000000000000000096e-04
1.700000000000000122e-03
5.000000000000000104e-04
1.600000000000000077e-03
1.000000000000000048e-04
