1.000000000000000048e-04
1.100000000000000066e-03
8.800000000000000530e-03
6.000000000000000559e-04
3.010000000000000175e-02
8.000000000000000383e-04
6.900000000000000751e-03
2.100000000000000304e-03
5.490000000000000435e-02
1.200000000000000112e-03
4.620000000000000495e-02
6.000000000000000559e-04
8.600000000000000006e-03
3.000000000000000279e-04
1.600000000000000077e-03
3.000000000000000279e-04
4.599999999999999922e-02
1.899999999999999996e-03
2.900000000000000234e-03
1.500000000000000031e-03
8.099999999999999561e-03
4.000000000000000192e-04
4.850000000000000144e-02
2.000000000000000096e-04
7.200000000000000670e-03
1.500000000000000031e-03
2.430000000000000215e-02
4.000000000000000192e-04
5.270000000000000379e-02
3.000000000000000279e-04
1.669999999999999957e-02
3.000000000000000279e-04
2.699999999999999969e-02
2.000000000000000096e-04
2.060000000000000026e-02
5.000000000000000104e-04
5.850000000000000339e-02
3.000000000000000279e-04
1.200000000000000112e-03
3.400000000000000244e-03
6.819999999999999674e-02
6.000000000000000559e-04
1.870000000000000134e-02
3.400000000000000244e-03
7.700000000000000247e-03
2.000000000000000096e-04
9.300000000000000974e-03
6.000000000000000559e-04
5.899999999999999863e-03
4.000000000000000192e-04
1.880000000000000074e-02
2.100000000000000304e-03
2.340000000000000066e-02
2.000000000000000096e-04
5.850000000000000339e-02
2.000000000000000096e-04
2.000000000000000096e-04
5.000000000000000104e-04
1.770000000000000046e-02
1.000000000000000021e-03
5.619999999999999996e-02
1.000000000000000048e-04
4.719999999999999890e-02
5.800000000000000468e-03
1.820000000000000090e-02
8.000000000000000383e-04
3.250000000000000111e-02
2.000000000000000096e-04
2.330000000000000127e-02
8.000000000000000383e-04
1.000000000000000021e-02
4.100000000000000346e-03
2.420000000000000276e-02
4.000000000000000192e-04
3.150000000000000022e-02
1.000000000000000021e-03
5.480000000000000149e-02
5.000000000000000104e-04
3.760000000000000148e-02
1.500000000000000031e-03
5.279999999999999971e-02
1.000000000000000048e-04
2.299999999999999961e-03
1.700000000000000122e-03
6.100000000000000387e-03
5.000000000000000104e-04
8.000000000000000383e-04
2.000000000000000096e-04
5.120000000000000245e-02
3.000000000000000279e-04
1.680000000000000243e-02
1.300000000000000157e-03
1.110000000000000049e-02
3.000000000000000279e-04
3.000000000000000062e-03
1.000000000000000048e-04
5.380000000000000060e-02
2.299999999999999961e-03
1.179999999999999973e-02
6.999999999999999929e-04
1.949999999999999997e-02
4.000000000000000192e-04
2.799999999999999972e-03
1.100000000000000066e-03
1.040000000000000126e-02
1.000000000000000048e-04
4.400000000000000265e-03
2.100000000000000304e-03
4.500000000000000527e-03
4.000000000000000192e-04
1.800000000000000168e-03
4.000000000000000192e-04
7.400000000000000328e-03
6.999999999999999929e-04
3.700000000000000164e-03
4.400000000000000265e-03
4.000000000000000192e-04
8.000000000000000383e-04
2.650000000000000272e-02
1.200000000000000112e-03
6.829999999999999960e-02
6.999999999999999929e-04
2.520000000000000018e-02
2.000000000000000096e-04
1.000000000000000021e-02
6.999999999999999929e-04
1.050000000000000065e-02
8.000000000000000383e-04
2.140000000000000235e-02
2.700000000000000143e-03
3.540000000000000091e-02
1.000000000000000048e-04
1.680000000000000243e-02
1.000000000000000021e-03
2.750000000000000014e-02
3.000000000000000279e-04
1.000000000000000021e-03
3.000000000000000279e-04
4.800000000000000447e-03
6.000000000000000559e-04
1.015000000000000069e-01
4.000000000000000192e-04
4.640000000000000374e-02
4.000000000000000192e-04
2.750000000000000014e-02
5.000000000000000104e-04
5.899999999999999863e-03
1.399999999999999986e-03
3.310000000000000442e-02
2.000000000000000096e-04
1.580000000000000154e-02
8.000000000000000383e-04
5.200000000000000455e-02
1.899999999999999996e-03
2.340000000000000066e-02
2.000000000000000096e-04
1.910000000000000239e-02
1.200000000000000112e-03
5.800000000000000468e-03
2.000000000000000096e-04
4.000000000000000192e-04
5.000000000000000104e-04
5.100000000000000366e-03
1.000000000000000048e-04
1.070000000000000118e-02
2.000000000000000096e-04
4.000000000000000192e-04
6.999999999999999929e-04
7.730000000000000759e-02
3.000000000000000279e-04
7.300000000000000065e-03
2.600000000000000314e-03
7.599999999999999985e-03
5.000000000000000104e-04
3.600000000000000335e-03
1.200000000000000112e-03
4.000000000000000083e-03
1.000000000000000048e-04
1.510000000000000057e-02
2.000000000000000096e-04
6.000000000000000559e-04
1.800000000000000168e-03
2.700000000000000143e-03
2.000000000000000096e-04
2.000000000000000096e-04
1.800000000000000168e-03
9.510000000000000397e-02
1.200000000000000112e-03
3.100000000000000325e-03
3.000000000000000279e-04
3.600000000000000335e-03
1.000000000000000048e-04
4.040000000000000535e-02
4.599999999999999922e-03
4.240000000000000019e-02
6.999999999999999929e-04
4.610000000000000209e-02
3.100000000000000325e-03
8.030000000000001026e-02
4.000000000000000192e-04
2.570000000000000062e-02
2.000000000000000096e-04
2.400000000000000223e-03
2.000000000000000096e-04
1.280000000000000061e-02
4.200000000000000608e-03
1.000000000000000048e-04
1.100000000000000066e-03
1.349999999999999985e-02
1.100000000000000066e-03
8.800000000000000530e-03
6.000000000000000559e-04
3.000000000000000236e-02
9.000000000000000838e-04
6.900000000000000751e-03
2.100000000000000304e-03
5.490000000000000435e-02
1.200000000000000112e-03
4.620000000000000495e-02
6.000000000000000559e-04
8.600000000000000006e-03
2.000000000000000096e-04
1.600000000000000077e-03
4.000000000000000192e-04
4.599999999999999922e-02
1.899999999999999996e-03
2.900000000000000234e-03
1.500000000000000031e-03
8.000000000000000167e-03
5.000000000000000104e-04
4.850000000000000144e-02
2.000000000000000096e-04
7.200000000000000670e-03
1.500000000000000031e-03
2.430000000000000215e-02
4.000000000000000192e-04
5.270000000000000379e-02
2.000000000000000096e-04
1.680000000000000243e-02
3.000000000000000279e-04
2.699999999999999969e-02
2.000000000000000096e-04
2.060000000000000026e-02
5.000000000000000104e-04
5.850000000000000339e-02
3.000000000000000279e-04
1.200000000000000112e-03
3.400000000000000244e-03
6.819999999999999674e-02
6.000000000000000559e-04
1.870000000000000134e-02
3.299999999999999982e-03
7.800000000000000509e-03
2.000000000000000096e-04
9.300000000000000974e-03
6.000000000000000559e-04
5.899999999999999863e-03
4.000000000000000192e-04
1.880000000000000074e-02
2.100000000000000304e-03
2.340000000000000066e-02
2.000000000000000096e-04
5.850000000000000339e-02
2.000000000000000096e-04
2.000000000000000096e-04
5.000000000000000104e-04
1.760000000000000106e-02
1.100000000000000066e-03
5.619999999999999996e-02
1.000000000000000048e-04
4.719999999999999890e-02
5.800000000000000468e-03
1.820000000000000090e-02
8.000000000000000383e-04
3.250000000000000111e-02
2.000000000000000096e-04
2.330000000000000127e-02
8.000000000000000383e-04
1.000000000000000021e-02
4.100000000000000346e-03
2.420000000000000276e-02
4.000000000000000192e-04
3.150000000000000022e-02
1.000000000000000021e-03
5.480000000000000149e-02
5.000000000000000104e-04
3.760000000000000148e-02
1.500000000000000031e-03
5.279999999999999971e-02
1.000000000000000048e-04
2.299999999999999961e-03
1.700000000000000122e-03
6.100000000000000387e-03
5.000000000000000104e-04
8.000000000000000383e-04
2.000000000000000096e-04
5.120000000000000245e-02
2.000000000000000096e-04
1.690000000000000183e-02
1.300000000000000157e-03
1.110000000000000049e-02
3.000000000000000279e-04
3.000000000000000062e-03
1.000000000000000048e-04
5.380000000000000060e-02
2.299999999999999961e-03
1.179999999999999973e-02
6.999999999999999929e-04
1.949999999999999997e-02
4.000000000000000192e-04
2.799999999999999972e-03
1.100000000000000066e-03
1.040000000000000126e-02
1.000000000000000048e-04
4.400000000000000265e-03
2.100000000000000304e-03
4.500000000000000527e-03
4.000000000000000192e-04
1.800000000000000168e-03
4.000000000000000192e-04
7.400000000000000328e-03
6.999999999999999929e-04
3.700000000000000164e-03
4.400000000000000265e-03
3.000000000000000279e-04
9.000000000000000838e-04
2.650000000000000272e-02
1.200000000000000112e-03
6.819999999999999674e-02
8.000000000000000383e-04
2.520000000000000018e-02
2.000000000000000096e-04
1.000000000000000021e-02
6.999999999999999929e-04
1.050000000000000065e-02
8.000000000000000383e-04
2.129999999999999949e-02
2.799999999999999972e-03
3.540000000000000091e-02
1.000000000000000048e-04
1.680000000000000243e-02
1.000000000000000021e-03
2.750000000000000014e-02
3.000000000000000279e-04
1.000000000000000021e-03
3.000000000000000279e-04
4.800000000000000447e-03
6.000000000000000559e-04
1.015000000000000069e-01
4.000000000000000192e-04
4.630000000000000088e-02
4.000000000000000192e-04
2.760000000000000300e-02
5.000000000000000104e-04
5.899999999999999863e-03
1.399999999999999986e-03
3.310000000000000442e-02
2.000000000000000096e-04
1.580000000000000154e-02
8.000000000000000383e-04
5.200000000000000455e-02
1.899999999999999996e-03
2.340000000000000066e-02
2.000000000000000096e-04
1.910000000000000239e-02
1.200000000000000112e-03
5.800000000000000468e-03
2.000000000000000096e-04
4.000000000000000192e-04
5.000000000000000104e-04
5.100000000000000366e-03
1.000000000000000048e-04
1.070000000000000118e-02
2.000000000000000096e-04
3.000000000000000279e-04
8.000000000000000383e-04
7.730000000000000759e-02
3.000000000000000279e-04
7.300000000000000065e-03
2.600000000000000314e-03
7.599999999999999985e-03
5.000000000000000104e-04
3.600000000000000335e-03
1.200000000000000112e-03
3.900000000000000255e-03
2.000000000000000096e-04
1.510000000000000057e-02
2.000000000000000096e-04
5.000000000000000104e-04
1.899999999999999996e-03
2.700000000000000143e-03
2.000000000000000096e-04
2.000000000000000096e-04
1.800000000000000168e-03
9.510000000000000397e-02
1.100000000000000066e-03
3.200000000000000153e-03
3.000000000000000279e-04
3.600000000000000335e-03
1.000000000000000048e-04
4.040000000000000535e-02
4.599999999999999922e-03
4.240000000000000019e-02
6.999999999999999929e-04
4.599999999999999922e-02
3.200000000000000153e-03
8.030000000000001026e-02
4.000000000000000192e-04
2.570000000000000062e-02
2.000000000000000096e-04
2.400000000000000223e-03
2.000000000000000096e-04
1.280000000000000061e-02
4.100000000000000346e-03
2.000000000000000096e-04
1.000000000000000021e-03
1.360000000000000098e-02
1.100000000000000066e-03
8.800000000000000530e-03
6.000000000000000559e-04
3.000000000000000236e-02
9.000000000000000838e-04
6.900000000000000751e-03
2.100000000000000304e-03
5.490000000000000435e-02
1.200000000000000112e-03
4.620000000000000495e-02
6.000000000000000559e-04
8.500000000000000611e-03
3.000000000000000279e-04
1.600000000000000077e-03
4.000000000000000192e-04
4.599999999999999922e-02
1.899999999999999996e-03
2.900000000000000234e-03
1.500000000000000031e-03
8.000000000000000167e-03
4.000000000000000192e-04
4.860000000000000431e-02
2.000000000000000096e-04
7.200000000000000670e-03
1.399999999999999986e-03
2.440000000000000155e-02
4.000000000000000192e-04
5.270000000000000379e-02
2.000000000000000096e-04
1.680000000000000243e-02
3.000000000000000279e-04
2.699999999999999969e-02
2.000000000000000096e-04
2.060000000000000026e-02
5.000000000000000104e-04
5.850000000000000339e-02
3.000000000000000279e-04
1.200000000000000112e-03
3.400000000000000244e-03
6.819999999999999674e-02
6.000000000000000559e-04
1.870000000000000134e-02
3.299999999999999982e-03
7.800000000000000509e-03
2.000000000000000096e-04
9.300000000000000974e-03
6.000000000000000559e-04
5.899999999999999863e-03
4.000000000000000192e-04
1.880000000000000074e-02
2.100000000000000304e-03
2.340000000000000066e-02
2.000000000000000096e-04
5.850000000000000339e-02
2.000000000000000096e-04
2.000000000000000096e-04
5.000000000000000104e-04
1.760000000000000106e-02
1.000000000000000021e-03
5.630000000000000282e-02
1.000000000000000048e-04
4.710000000000000298e-02
5.899999999999999863e-03
1.820000000000000090e-02
8.000000000000000383e-04
3.250000000000000111e-02
2.000000000000000096e-04
2.330000000000000127e-02
8.000000000000000383e-04
1.000000000000000021e-02
4.100000000000000346e-03
2.420000000000000276e-02
4.000000000000000192e-04
3.150000000000000022e-02
1.000000000000000021e-03
5.480000000000000149e-02
5.000000000000000104e-04
3.760000000000000148e-02
1.500000000000000031e-03
5.279999999999999971e-02
1.000000000000000048e-04
2.200000000000000133e-03
1.800000000000000168e-03
6.100000000000000387e-03
5.000000000000000104e-04
8.000000000000000383e-04
2.000000000000000096e-04
5.120000000000000245e-02
2.000000000000000096e-04
1.690000000000000183e-02
1.300000000000000157e-03
1.110000000000000049e-02
3.000000000000000279e-04
2.900000000000000234e-03
2.000000000000000096e-04
5.380000000000000060e-02
2.299999999999999961e-03
1.179999999999999973e-02
6.999999999999999929e-04
1.949999999999999997e-02
4.000000000000000192e-04
2.799999999999999972e-03
1.000000000000000021e-03
1.040000000000000126e-02
2.000000000000000096e-04
4.400000000000000265e-03
2.100000000000000304e-03
4.500000000000000527e-03
4.000000000000000192e-04
1.800000000000000168e-03
4.000000000000000192e-04
7.400000000000000328e-03
6.999999999999999929e-04
3.700000000000000164e-03
4.300000000000000003e-03
4.000000000000000192e-04
9.000000000000000838e-04
2.650000000000000272e-02
1.200000000000000112e-03
6.819999999999999674e-02
8.000000000000000383e-04
2.510000000000000078e-02
3.000000000000000279e-04
1.000000000000000021e-02
6.000000000000000559e-04
1.060000000000000005e-02
8.000000000000000383e-04
2.129999999999999949e-02
2.799999999999999972e-03
3.540000000000000091e-02
1.000000000000000048e-04
1.669999999999999957e-02
1.100000000000000066e-03
2.740000000000000074e-02
4.000000000000000192e-04
1.000000000000000021e-03
2.000000000000000096e-04
4.899999999999999842e-03
5.000000000000000104e-04
1.016000000000000097e-01
4.000000000000000192e-04
4.630000000000000088e-02
4.000000000000000192e-04
2.760000000000000300e-02
5.000000000000000104e-04
5.899999999999999863e-03
1.399999999999999986e-03
3.310000000000000442e-02
2.000000000000000096e-04
1.580000000000000154e-02
8.000000000000000383e-04
5.200000000000000455e-02
1.899999999999999996e-03
2.340000000000000066e-02
2.000000000000000096e-04
1.910000000000000239e-02
1.200000000000000112e-03
5.800000000000000468e-03
2.000000000000000096e-04
4.000000000000000192e-04
5.000000000000000104e-04
5.100000000000000366e-03
1.000000000000000048e-04
1.070000000000000118e-02
2.000000000000000096e-04
3.000000000000000279e-04
8.000000000000000383e-04
7.730000000000000759e-02
3.000000000000000279e-04
7.300000000000000065e-03
2.600000000000000314e-03
7.599999999999999985e-03
4.000000000000000192e-04
3.600000000000000335e-03
1.300000000000000157e-03
3.900000000000000255e-03
2.000000000000000096e-04
1.510000000000000057e-02
1.000000000000000048e-04
6.000000000000000559e-04
1.800000000000000168e-03
2.700000000000000143e-03
3.000000000000000279e-04
2.000000000000000096e-04
1.800000000000000168e-03
9.510000000000000397e-02
1.100000000000000066e-03
3.200000000000000153e-03
3.000000000000000279e-04
3.600000000000000335e-03
1.000000000000000048e-04
4.040000000000000535e-02
4.500000000000000527e-03
4.250000000000000305e-02
6.999999999999999929e-04
4.599999999999999922e-02
3.200000000000000153e-03
8.030000000000001026e-02
4.000000000000000192e-04
2.570000000000000062e-02
2.000000000000000096e-04
2.400000000000000223e-03
2.000000000000000096e-04
1.280000000000000061e-02
4.100000000000000346e-03
2.000000000000000096e-04
1.000000000000000021e-03
1.360000000000000098e-02
1.100000000000000066e-03
8.800000000000000530e-03
6.000000000000000559e-04
3.000000000000000236e-02
8.000000000000000383e-04
7.000000000000000146e-03
2.100000000000000304e-03
5.490000000000000435e-02
1.200000000000000112e-03
4.620000000000000495e-02
5.000000000000000104e-04
8.600000000000000006e-03
3.000000000000000279e-04
1.600000000000000077e-03
4.000000000000000192e-04
4.599999999999999922e-02
1.899999999999999996e-03
2.799999999999999972e-03
1.600000000000000077e-03
8.000000000000000167e-03
4.000000000000000192e-04
4.860000000000000431e-02
2.000000000000000096e-04
7.200000000000000670e-03
1.399999999999999986e-03
2.440000000000000155e-02
4.000000000000000192e-04
5.270000000000000379e-02
2.000000000000000096e-04
1.680000000000000243e-02
3.000000000000000279e-04
2.699999999999999969e-02
2.000000000000000096e-04
2.060000000000000026e-02
5.000000000000000104e-04
5.850000000000000339e-02
3.000000000000000279e-04
1.200000000000000112e-03
3.400000000000000244e-03
6.819999999999999674e-02
6.000000000000000559e-04
1.870000000000000134e-02
3.299999999999999982e-03
7.800000000000000509e-03
2.000000000000000096e-04
9.300000000000000974e-03
6.000000000000000559e-04
5.899999999999999863e-03
4.000000000000000192e-04
1.870000000000000134e-02
2.200000000000000133e-03
2.340000000000000066e-02
2.000000000000000096e-04
5.840000000000000052e-02
3.000000000000000279e-04
1.000000000000000048e-04
6.000000000000000559e-04
1.760000000000000106e-02
1.000000000000000021e-03
5.630000000000000282e-02
1.000000000000000048e-04
4.710000000000000298e-02
5.800000000000000468e-03
1.820000000000000090e-02
9.000000000000000838e-04
3.250000000000000111e-02
2.000000000000000096e-04
2.330000000000000127e-02
8.000000000000000383e-04
1.000000000000000021e-02
4.100000000000000346e-03
2.420000000000000276e-02
4.000000000000000192e-04
3.150000000000000022e-02
9.000000000000000838e-04
5.490000000000000435e-02
5.000000000000000104e-04
3.760000000000000148e-02
1.500000000000000031e-03
5.270000000000000379e-02
2.000000000000000096e-04
2.200000000000000133e-03
1.800000000000000168e-03
6.100000000000000387e-03
4.000000000000000192e-04
9.000000000000000838e-04
2.000000000000000096e-04
5.120000000000000245e-02
2.000000000000000096e-04
1.690000000000000183e-02
1.300000000000000157e-03
1.100000000000000110e-02
4.000000000000000192e-04
2.900000000000000234e-03
2.000000000000000096e-04
5.380000000000000060e-02
2.299999999999999961e-03
1.179999999999999973e-02
6.999999999999999929e-04
1.949999999999999997e-02
4.000000000000000192e-04
2.799999999999999972e-03
1.000000000000000021e-03
1.040000000000000126e-02
2.000000000000000096e-04
4.400000000000000265e-03
2.100000000000000304e-03
4.500000000000000527e-03
3.000000000000000279e-04
1.899999999999999996e-03
4.000000000000000192e-04
7.400000000000000328e-03
6.999999999999999929e-04
3.700000000000000164e-03
4.300000000000000003e-03
4.000000000000000192e-04
9.000000000000000838e-04
2.650000000000000272e-02
1.200000000000000112e-03
6.819999999999999674e-02
8.000000000000000383e-04
2.510000000000000078e-02
3.000000000000000279e-04
1.000000000000000021e-02
6.000000000000000559e-04
1.060000000000000005e-02
8.000000000000000383e-04
2.129999999999999949e-02
2.799999999999999972e-03
3.540000000000000091e-02
1.000000000000000048e-04
1.669999999999999957e-02
1.100000000000000066e-03
2.740000000000000074e-02
4.000000000000000192e-04
9.000000000000000838e-04
3.000000000000000279e-04
4.899999999999999842e-03
5.000000000000000104e-04
1.016000000000000097e-01
4.000000000000000192e-04
4.630000000000000088e-02
4.000000000000000192e-04
2.760000000000000300e-02
5.000000000000000104e-04
5.899999999999999863e-03
1.399999999999999986e-03
3.310000000000000442e-02
2.000000000000000096e-04
1.580000000000000154e-02
8.000000000000000383e-04
5.200000000000000455e-02
1.800000000000000168e-03
2.350000000000000006e-02
2.000000000000000096e-04
1.910000000000000239e-02
1.200000000000000112e-03
5.800000000000000468e-03
2.000000000000000096e-04
4.000000000000000192e-04
5.000000000000000104e-04
5.100000000000000366e-03
1.000000000000000048e-04
1.070000000000000118e-02
2.000000000000000096e-04
3.000000000000000279e-04
6.999999999999999929e-04
7.740000000000001046e-02
2.000000000000000096e-04
7.400000000000000328e-03
2.600000000000000314e-03
7.599999999999999985e-03
4.000000000000000192e-04
3.600000000000000335e-03
1.200000000000000112e-03
4.000000000000000083e-03
2.000000000000000096e-04
1.510000000000000057e-02
1.000000000000000048e-04
6.000000000000000559e-04
1.800000000000000168e-03
2.700000000000000143e-03
3.000000000000000279e-04
2.000000000000000096e-04
1.800000000000000168e-03
9.510000000000000397e-02
1.100000000000000066e-03
3.100000000000000325e-03
4.000000000000000192e-04
3.500000000000000073e-03
2.000000000000000096e-04
4.040000000000000535e-02
4.500000000000000527e-03
4.250000000000000305e-02
6.999999999999999929e-04
4.599999999999999922e-02
3.200000000000000153e-03
8.030000000000001026e-02
3.000000000000000279e-04
2.580000000000000002e-02
2.000000000000000096e-04
2.400000000000000223e-03
2.000000000000000096e-04
1.280000000000000061e-02
4.100000000000000346e-03
2.000000000000000096e-04
1.000000000000000021e-03
1.360000000000000098e-02
1.100000000000000066e-03
8.800000000000000530e-03
5.000000000000000104e-04
3.010000000000000175e-02
8.000000000000000383e-04
7.000000000000000146e-03
2.100000000000000304e-03
5.490000000000000435e-02
1.200000000000000112e-03
4.620000000000000495e-02
5.000000000000000104e-04
8.600000000000000006e-03
3.000000000000000279e-04
1.600000000000000077e-03
4.000000000000000192e-04
4.599999999999999922e-02
1.899999999999999996e-03
2.799999999999999972e-03
1.600000000000000077e-03
8.000000000000000167e-03
4.000000000000000192e-04
4.860000000000000431e-02
2.000000000000000096e-04
7.200000000000000670e-03
1.399999999999999986e-03
2.440000000000000155e-02
4.000000000000000192e-04
5.270000000000000379e-02
2.000000000000000096e-04
1.669999999999999957e-02
4.000000000000000192e-04
2.699999999999999969e-02
2.000000000000000096e-04
2.060000000000000026e-02
5.000000000000000104e-04
5.850000000000000339e-02
3.000000000000000279e-04
1.200000000000000112e-03
3.400000000000000244e-03
6.819999999999999674e-02
6.000000000000000559e-04
1.870000000000000134e-02
3.299999999999999982e-03
7.800000000000000509e-03
2.000000000000000096e-04
9.300000000000000974e-03
6.000000000000000559e-04
5.899999999999999863e-03
4.000000000000000192e-04
1.870000000000000134e-02
2.200000000000000133e-03
2.330000000000000127e-02
2.000000000000000096e-04
5.850000000000000339e-02
3.000000000000000279e-04
1.000000000000000048e-04
6.000000000000000559e-04
1.760000000000000106e-02
1.000000000000000021e-03
5.630000000000000282e-02
1.000000000000000048e-04
4.710000000000000298e-02
5.800000000000000468e-03
1.820000000000000090e-02
9.000000000000000838e-04
3.250000000000000111e-02
2.000000000000000096e-04
2.330000000000000127e-02
8.000000000000000383e-04
1.000000000000000021e-02
4.100000000000000346e-03
2.420000000000000276e-02
4.000000000000000192e-04
3.150000000000000022e-02
9.000000000000000838e-04
5.480000000000000149e-02
6.000000000000000559e-04
3.749999999999999861e-02
1.600000000000000077e-03
5.270000000000000379e-02
2.000000000000000096e-04
2.200000000000000133e-03
1.800000000000000168e-03
6.100000000000000387e-03
4.000000000000000192e-04
9.000000000000000838e-04
2.000000000000000096e-04
5.120000000000000245e-02
2.000000000000000096e-04
1.690000000000000183e-02
1.200000000000000112e-03
1.110000000000000049e-02
4.000000000000000192e-04
2.900000000000000234e-03
2.000000000000000096e-04
5.380000000000000060e-02
2.299999999999999961e-03
1.179999999999999973e-02
6.999999999999999929e-04
1.949999999999999997e-02
4.000000000000000192e-04
2.799999999999999972e-03
1.000000000000000021e-03
1.040000000000000126e-02
1.000000000000000048e-04
4.500000000000000527e-03
2.100000000000000304e-03
4.500000000000000527e-03
3.000000000000000279e-04
1.899999999999999996e-03
3.000000000000000279e-04
7.400000000000000328e-03
8.000000000000000383e-04
3.700000000000000164e-03
4.300000000000000003e-03
4.000000000000000192e-04
9.000000000000000838e-04
2.650000000000000272e-02
1.100000000000000066e-03
6.829999999999999960e-02
8.000000000000000383e-04
2.510000000000000078e-02
3.000000000000000279e-04
9.900000000000000813e-03
6.999999999999999929e-04
1.060000000000000005e-02
8.000000000000000383e-04
2.129999999999999949e-02
2.799999999999999972e-03
3.540000000000000091e-02
1.000000000000000048e-04
1.669999999999999957e-02
1.100000000000000066e-03
2.740000000000000074e-02
4.000000000000000192e-04
9.000000000000000838e-04
3.000000000000000279e-04
4.899999999999999842e-03
5.000000000000000104e-04
1.016000000000000097e-01
3.000000000000000279e-04
4.640000000000000374e-02
4.000000000000000192e-04
2.760000000000000300e-02
4.000000000000000192e-04
6.000000000000000125e-03
1.300000000000000157e-03
3.320000000000000034e-02
2.000000000000000096e-04
1.580000000000000154e-02
8.000000000000000383e-04
5.200000000000000455e-02
1.800000000000000168e-03
2.350000000000000006e-02
2.000000000000000096e-04
1.910000000000000239e-02
1.200000000000000112e-03
5.800000000000000468e-03
2.000000000000000096e-04
4.000000000000000192e-04
4.000000000000000192e-04
5.200000000000000629e-03
1.000000000000000048e-04
1.070000000000000118e-02
2.000000000000000096e-04
3.000000000000000279e-04
6.999999999999999929e-04
7.740000000000001046e-02
2.000000000000000096e-04
7.400000000000000328e-03
2.600000000000000314e-03
7.599999999999999985e-03
4.000000000000000192e-04
3.600000000000000335e-03
1.200000000000000112e-03
4.000000000000000083e-03
2.000000000000000096e-04
1.510000000000000057e-02
1.000000000000000048e-04
6.000000000000000559e-04
1.800000000000000168e-03
2.700000000000000143e-03
3.000000000000000279e-04
2.000000000000000096e-04
1.800000000000000168e-03
9.510000000000000397e-02
1.100000000000000066e-03
3.100000000000000325e-03
3.000000000000000279e-04
3.600000000000000335e-03
2.000000000000000096e-04
4.040000000000000535e-02
4.500000000000000527e-03
4.250000000000000305e-02
6.000000000000000559e-04
4.610000000000000209e-02
3.200000000000000153e-03
8.030000000000001026e-02
3.000000000000000279e-04
2.580000000000000002e-02
2.000000000000000096e-04
2.299999999999999961e-03
3.000000000000000279e-04
1.280000000000000061e-02
4.100000000000000346e-03
2.000000000000000096e-04
1.000000000000000021e-03
1.360000000000000098e-02
1.000000000000000021e-03
8.899999999999999925e-03
5.000000000000000104e-04
3.010000000000000175e-02
8.000000000000000383e-04
7.000000000000000146e-03
2.000000000000000042e-03
5.500000000000000028e-02
1.200000000000000112e-03
4.620000000000000495e-02
5.000000000000000104e-04
8.600000000000000006e-03
3.000000000000000279e-04
1.600000000000000077e-03
4.000000000000000192e-04
4.599999999999999922e-02
1.899999999999999996e-03
2.799999999999999972e-03
1.500000000000000031e-03
8.099999999999999561e-03
4.000000000000000192e-04
4.860000000000000431e-02
2.000000000000000096e-04
7.200000000000000670e-03
1.399999999999999986e-03
2.440000000000000155e-02
3.000000000000000279e-04
5.279999999999999971e-02
2.000000000000000096e-04
1.669999999999999957e-02
4.000000000000000192e-04
2.699999999999999969e-02
2.000000000000000096e-04
2.060000000000000026e-02
5.000000000000000104e-04
5.850000000000000339e-02
3.000000000000000279e-04
1.200000000000000112e-03
3.400000000000000244e-03
6.819999999999999674e-02
6.000000000000000559e-04
1.860000000000000195e-02
3.400000000000000244e-03
7.800000000000000509e-03
2.000000000000000096e-04
9.300000000000000974e-03
6.000000000000000559e-04
5.899999999999999863e-03
3.000000000000000279e-04
1.880000000000000074e-02
2.200000000000000133e-03
2.330000000000000127e-02
2.000000000000000096e-04
5.850000000000000339e-02
3.000000000000000279e-04
1.000000000000000048e-04
5.000000000000000104e-04
1.770000000000000046e-02
1.000000000000000021e-03
5.630000000000000282e-02
1.000000000000000048e-04
4.710000000000000298e-02
5.800000000000000468e-03
1.820000000000000090e-02
8.000000000000000383e-04
3.250000000000000111e-02
3.000000000000000279e-04
2.330000000000000127e-02
8.000000000000000383e-04
1.000000000000000021e-02
4.000000000000000083e-03
2.430000000000000215e-02
4.000000000000000192e-04
3.140000000000000430e-02
1.000000000000000021e-03
5.480000000000000149e-02
6.000000000000000559e-04
3.749999999999999861e-02
1.600000000000000077e-03
5.270000000000000379e-02
2.000000000000000096e-04
9.000000000000000838e-04
1.000000000000000048e-04
1.200000000000000112e-03
1.800000000000000168e-03
6.100000000000000387e-03
4.000000000000000192e-04
9.000000000000000838e-04
2.000000000000000096e-04
5.120000000000000245e-02
2.000000000000000096e-04
1.680000000000000243e-02
1.300000000000000157e-03
1.110000000000000049e-02
4.000000000000000192e-04
2.900000000000000234e-03
2.000000000000000096e-04
5.370000000000000467e-02
2.400000000000000223e-03
1.179999999999999973e-02
6.999999999999999929e-04
1.949999999999999997e-02
4.000000000000000192e-04
2.799999999999999972e-03
1.000000000000000021e-03
1.040000000000000126e-02
1.000000000000000048e-04
4.400000000000000265e-03
2.200000000000000133e-03
4.500000000000000527e-03
3.000000000000000279e-04
1.899999999999999996e-03
3.000000000000000279e-04
7.400000000000000328e-03
8.000000000000000383e-04
3.700000000000000164e-03
4.300000000000000003e-03
4.000000000000000192e-04
9.000000000000000838e-04
2.650000000000000272e-02
1.100000000000000066e-03
6.829999999999999960e-02
8.000000000000000383e-04
2.510000000000000078e-02
3.000000000000000279e-04
9.900000000000000813e-03
6.999999999999999929e-04
1.060000000000000005e-02
6.999999999999999929e-04
2.140000000000000235e-02
2.799999999999999972e-03
3.530000000000000498e-02
2.000000000000000096e-04
1.669999999999999957e-02
1.100000000000000066e-03
2.740000000000000074e-02
4.000000000000000192e-04
9.000000000000000838e-04
3.000000000000000279e-04
4.899999999999999842e-03
5.000000000000000104e-04
1.015000000000000069e-01
4.000000000000000192e-04
4.640000000000000374e-02
4.000000000000000192e-04
2.760000000000000300e-02
4.000000000000000192e-04
6.000000000000000125e-03
1.300000000000000157e-03
3.320000000000000034e-02
2.000000000000000096e-04
1.580000000000000154e-02
8.000000000000000383e-04
5.190000000000000169e-02
1.899999999999999996e-03
2.350000000000000006e-02
2.000000000000000096e-04
1.910000000000000239e-02
1.200000000000000112e-03
5.800000000000000468e-03
2.000000000000000096e-04
4.000000000000000192e-04
4.000000000000000192e-04
5.200000000000000629e-03
1.000000000000000048e-04
1.070000000000000118e-02
2.000000000000000096e-04
3.000000000000000279e-04
6.999999999999999929e-04
7.740000000000001046e-02
2.000000000000000096e-04
7.400000000000000328e-03
2.500000000000000052e-03
7.700000000000000247e-03
4.000000000000000192e-04
3.600000000000000335e-03
1.200000000000000112e-03
4.000000000000000083e-03
2.000000000000000096e-04
1.500000000000000118e-02
2.000000000000000096e-04
6.000000000000000559e-04
1.800000000000000168e-03
2.700000000000000143e-03
3.000000000000000279e-04
2.000000000000000096e-04
1.800000000000000168e-03
9.510000000000000397e-02
1.100000000000000066e-03
3.100000000000000325e-03
3.000000000000000279e-04
3.600000000000000335e-03
2.000000000000000096e-04
4.040000000000000535e-02
4.500000000000000527e-03
4.250000000000000305e-02
6.000000000000000559e-04
4.610000000000000209e-02
3.200000000000000153e-03
8.030000000000001026e-02
3.000000000000000279e-04
2.580000000000000002e-02
2.000000000000000096e-04
2.299999999999999961e-03
3.000000000000000279e-04
1.280000000000000061e-02
4.100000000000000346e-03
2.000000000000000096e-04
1.000000000000000021e-03
1.360000000000000098e-02
1.000000000000000021e-03
8.800000000000000530e-03
6.000000000000000559e-04
3.010000000000000175e-02
8.000000000000000383e-04
7.000000000000000146e-03
2.000000000000000042e-03
5.500000000000000028e-02
1.200000000000000112e-03
4.620000000000000495e-02
5.000000000000000104e-04
8.600000000000000006e-03
3.000000000000000279e-04
1.600000000000000077e-03
4.000000000000000192e-04
4.599999999999999922e-02
1.899999999999999996e-03
2.799999999999999972e-03
1.500000000000000031e-03
8.099999999999999561e-03
4.000000000000000192e-04
4.860000000000000431e-02
2.000000000000000096e-04
7.100000000000000408e-03
1.500000000000000031e-03
2.440000000000000155e-02
3.000000000000000279e-04
5.279999999999999971e-02
2.000000000000000096e-04
1.669999999999999957e-02
4.000000000000000192e-04
2.699999999999999969e-02
2.000000000000000096e-04
2.060000000000000026e-02
5.000000000000000104e-04
5.850000000000000339e-02
3.000000000000000279e-04
1.200000000000000112e-03
3.400000000000000244e-03
6.819999999999999674e-02
6.000000000000000559e-04
1.860000000000000195e-02
3.400000000000000244e-03
7.800000000000000509e-03
2.000000000000000096e-04
9.199999999999999845e-03
6.999999999999999929e-04
5.899999999999999863e-03
3.000000000000000279e-04
1.880000000000000074e-02
2.200000000000000133e-03
2.330000000000000127e-02
2.000000000000000096e-04
5.850000000000000339e-02
3.000000000000000279e-04
1.000000000000000048e-04
5.000000000000000104e-04
1.770000000000000046e-02
1.000000000000000021e-03
5.630000000000000282e-02
1.000000000000000048e-04
4.710000000000000298e-02
5.800000000000000468e-03
1.820000000000000090e-02
8.000000000000000383e-04
3.250000000000000111e-02
2.000000000000000096e-04
2.340000000000000066e-02
8.000000000000000383e-04
1.000000000000000021e-02
4.000000000000000083e-03
2.430000000000000215e-02
4.000000000000000192e-04
3.140000000000000430e-02
1.000000000000000021e-03
5.480000000000000149e-02
6.000000000000000559e-04
3.749999999999999861e-02
1.500000000000000031e-03
5.279999999999999971e-02
2.000000000000000096e-04
2.200000000000000133e-03
1.800000000000000168e-03
6.100000000000000387e-03
4.000000000000000192e-04
9.000000000000000838e-04
2.000000000000000096e-04
5.109999999999999959e-02
3.000000000000000279e-04
1.680000000000000243e-02
1.300000000000000157e-03
1.110000000000000049e-02
4.000000000000000192e-04
2.900000000000000234e-03
2.000000000000000096e-04
5.370000000000000467e-02
2.400000000000000223e-03
1.179999999999999973e-02
6.999999999999999929e-04
1.949999999999999997e-02
4.000000000000000192e-04
2.799999999999999972e-03
1.000000000000000021e-03
1.040000000000000126e-02
1.000000000000000048e-04
4.400000000000000265e-03
2.100000000000000304e-03
4.599999999999999922e-03
3.000000000000000279e-04
1.899999999999999996e-03
3.000000000000000279e-04
7.400000000000000328e-03
6.999999999999999929e-04
3.799999999999999992e-03
4.300000000000000003e-03
4.000000000000000192e-04
9.000000000000000838e-04
2.650000000000000272e-02
1.100000000000000066e-03
6.829999999999999960e-02
8.000000000000000383e-04
2.510000000000000078e-02
3.000000000000000279e-04
9.900000000000000813e-03
6.999999999999999929e-04
1.060000000000000005e-02
6.999999999999999929e-04
2.140000000000000235e-02
2.799999999999999972e-03
3.530000000000000498e-02
2.000000000000000096e-04
1.669999999999999957e-02
1.100000000000000066e-03
2.740000000000000074e-02
4.000000000000000192e-04
9.000000000000000838e-04
3.000000000000000279e-04
4.899999999999999842e-03
5.000000000000000104e-04
1.015000000000000069e-01
4.000000000000000192e-04
4.640000000000000374e-02
4.000000000000000192e-04
2.750000000000000014e-02
5.000000000000000104e-04
5.899999999999999863e-03
1.399999999999999986e-03
3.320000000000000034e-02
2.000000000000000096e-04
1.580000000000000154e-02
8.000000000000000383e-04
5.190000000000000169e-02
1.899999999999999996e-03
2.340000000000000066e-02
3.000000000000000279e-04
1.910000000000000239e-02
1.100000000000000066e-03
5.800000000000000468e-03
3.000000000000000279e-04
4.000000000000000192e-04
4.000000000000000192e-04
5.200000000000000629e-03
1.000000000000000048e-04
1.060000000000000005e-02
3.000000000000000279e-04
3.000000000000000279e-04
6.999999999999999929e-04
7.740000000000001046e-02
2.000000000000000096e-04
7.400000000000000328e-03
2.500000000000000052e-03
7.700000000000000247e-03
4.000000000000000192e-04
3.600000000000000335e-03
1.200000000000000112e-03
4.000000000000000083e-03
2.000000000000000096e-04
1.500000000000000118e-02
2.000000000000000096e-04
6.000000000000000559e-04
1.800000000000000168e-03
2.700000000000000143e-03
2.000000000000000096e-04
3.000000000000000279e-04
1.700000000000000122e-03
9.520000000000000684e-02
1.100000000000000066e-03
3.100000000000000325e-03
3.000000000000000279e-04
3.600000000000000335e-03
1.000000000000000048e-04
4.050000000000000128e-02
4.500000000000000527e-03
4.250000000000000305e-02
6.000000000000000559e-04
4.610000000000000209e-02
3.200000000000000153e-03
4.870000000000000023e-02
1.000000000000000048e-04
3.150000000000000022e-02
3.000000000000000279e-04
2.570000000000000062e-02
3.000000000000000279e-04
2.299999999999999961e-03
3.000000000000000279e-04
1.280000000000000061e-02
4.100000000000000346e-03
1.000000000000000048e-04
1.100000000000000066e-03
1.360000000000000098e-02
1.000000000000000021e-03
8.800000000000000530e-03
6.000000000000000559e-04
3.010000000000000175e-02
8.000000000000000383e-04
7.000000000000000146e-03
2.000000000000000042e-03
5.490000000000000435e-02
1.300000000000000157e-03
4.620000000000000495e-02
5.000000000000000104e-04
8.600000000000000006e-03
3.000000000000000279e-04
1.600000000000000077e-03
4.000000000000000192e-04
4.599999999999999922e-02
1.899999999999999996e-03
2.799999999999999972e-03
1.500000000000000031e-03
8.099999999999999561e-03
4.000000000000000192e-04
4.850000000000000144e-02
3.000000000000000279e-04
7.100000000000000408e-03
1.500000000000000031e-03
2.430000000000000215e-02
4.000000000000000192e-04
5.279999999999999971e-02
2.000000000000000096e-04
1.669999999999999957e-02
4.000000000000000192e-04
2.699999999999999969e-02
1.000000000000000048e-04
2.069999999999999965e-02
4.000000000000000192e-04
5.860000000000000625e-02
2.000000000000000096e-04
1.300000000000000157e-03
3.400000000000000244e-03
6.810000000000000775e-02
6.999999999999999929e-04
1.860000000000000195e-02
3.400000000000000244e-03
7.800000000000000509e-03
2.000000000000000096e-04
9.199999999999999845e-03
6.000000000000000559e-04
5.899999999999999863e-03
4.000000000000000192e-04
1.880000000000000074e-02
2.200000000000000133e-03
2.330000000000000127e-02
2.000000000000000096e-04
5.850000000000000339e-02
3.000000000000000279e-04
1.000000000000000048e-04
5.000000000000000104e-04
1.770000000000000046e-02
1.000000000000000021e-03
1.035000000000000087e-01
5.800000000000000468e-03
1.820000000000000090e-02
8.000000000000000383e-04
3.250000000000000111e-02
2.000000000000000096e-04
2.340000000000000066e-02
8.000000000000000383e-04
1.000000000000000021e-02
4.000000000000000083e-03
2.430000000000000215e-02
3.000000000000000279e-04
3.150000000000000022e-02
1.000000000000000021e-03
5.480000000000000149e-02
5.000000000000000104e-04
3.760000000000000148e-02
1.500000000000000031e-03
5.279999999999999971e-02
2.000000000000000096e-04
2.200000000000000133e-03
1.800000000000000168e-03
6.000000000000000125e-03
5.000000000000000104e-04
8.000000000000000383e-04
3.000000000000000279e-04
5.109999999999999959e-02
3.000000000000000279e-04
1.680000000000000243e-02
1.300000000000000157e-03
1.110000000000000049e-02
4.000000000000000192e-04
2.900000000000000234e-03
2.000000000000000096e-04
5.370000000000000467e-02
2.400000000000000223e-03
1.170000000000000033e-02
8.000000000000000383e-04
1.949999999999999997e-02
3.000000000000000279e-04
2.799999999999999972e-03
1.100000000000000066e-03
1.040000000000000126e-02
1.000000000000000048e-04
4.400000000000000265e-03
2.100000000000000304e-03
4.599999999999999922e-03
3.000000000000000279e-04
1.800000000000000168e-03
4.000000000000000192e-04
7.400000000000000328e-03
6.999999999999999929e-04
3.799999999999999992e-03
4.300000000000000003e-03
4.000000000000000192e-04
9.000000000000000838e-04
2.639999999999999986e-02
1.200000000000000112e-03
6.829999999999999960e-02
8.000000000000000383e-04
2.510000000000000078e-02
2.000000000000000096e-04
1.000000000000000021e-02
6.999999999999999929e-04
1.060000000000000005e-02
6.999999999999999929e-04
2.140000000000000235e-02
2.799999999999999972e-03
3.530000000000000498e-02
2.000000000000000096e-04
1.669999999999999957e-02
1.000000000000000021e-03
2.750000000000000014e-02
4.000000000000000192e-04
9.000000000000000838e-04
3.000000000000000279e-04
4.899999999999999842e-03
5.000000000000000104e-04
1.015000000000000069e-01
4.000000000000000192e-04
4.640000000000000374e-02
4.000000000000000192e-04
2.750000000000000014e-02
5.000000000000000104e-04
5.899999999999999863e-03
1.399999999999999986e-03
3.320000000000000034e-02
2.000000000000000096e-04
1.570000000000000215e-02
9.000000000000000838e-04
5.190000000000000169e-02
1.899999999999999996e-03
2.340000000000000066e-02
3.000000000000000279e-04
1.910000000000000239e-02
1.100000000000000066e-03
5.800000000000000468e-03
3.000000000000000279e-04
4.000000000000000192e-04
4.000000000000000192e-04
5.100000000000000366e-03
2.000000000000000096e-04
1.060000000000000005e-02
3.000000000000000279e-04
3.000000000000000279e-04
6.999999999999999929e-04
7.740000000000001046e-02
2.000000000000000096e-04
7.300000000000000065e-03
2.600000000000000314e-03
7.700000000000000247e-03
4.000000000000000192e-04
3.600000000000000335e-03
1.200000000000000112e-03
4.000000000000000083e-03
2.000000000000000096e-04
1.500000000000000118e-02
2.000000000000000096e-04
6.000000000000000559e-04
1.800000000000000168e-03
2.700000000000000143e-03
2.000000000000000096e-04
3.000000000000000279e-04
1.700000000000000122e-03
9.510000000000000397e-02
1.200000000000000112e-03
3.100000000000000325e-03
3.000000000000000279e-04
3.600000000000000335e-03
1.000000000000000048e-04
4.050000000000000128e-02
4.500000000000000527e-03
4.240000000000000019e-02
6.999999999999999929e-04
4.610000000000000209e-02
3.200000000000000153e-03
8.030000000000001026e-02
3.000000000000000279e-04
2.570000000000000062e-02
3.000000000000000279e-04
2.299999999999999961e-03
3.000000000000000279e-04
1.280000000000000061e-02
4.100000000000000346e-03
1.000000000000000048e-04
1.100000000000000066e-03
1.349999999999999985e-02
1.100000000000000066e-03
8.800000000000000530e-03
6.000000000000000559e-04
3.010000000000000175e-02
8.000000000000000383e-04
6.900000000000000751e-03
2.100000000000000304e-03
5.490000000000000435e-02
1.200000000000000112e-03
4.620000000000000495e-02
6.000000000000000559e-04
8.600000000000000006e-03
3.000000000000000279e-04
1.600000000000000077e-03
3.000000000000000279e-04
4.610000000000000209e-02
1.800000000000000168e-03
2.900000000000000234e-03
1.500000000000000031e-03
8.099999999999999561e-03
4.000000000000000192e-04
4.850000000000000144e-02
3.000000000000000279e-04
7.100000000000000408e-03
1.500000000000000031e-03
2.430000000000000215e-02
4.000000000000000192e-04
5.279999999999999971e-02
2.000000000000000096e-04
1.669999999999999957e-02
3.000000000000000279e-04
2.710000000000000256e-02
1.000000000000000048e-04
2.069999999999999965e-02
4.000000000000000192e-04
5.860000000000000625e-02
2.000000000000000096e-04
1.300000000000000157e-03
3.299999999999999982e-03
6.819999999999999674e-02
6.999999999999999929e-04
1.860000000000000195e-02
3.400000000000000244e-03
7.800000000000000509e-03
2.000000000000000096e-04
9.199999999999999845e-03
6.000000000000000559e-04
5.899999999999999863e-03
4.000000000000000192e-04
1.880000000000000074e-02
2.200000000000000133e-03
2.330000000000000127e-02
2.000000000000000096e-04
5.850000000000000339e-02
2.000000000000000096e-04
2.000000000000000096e-04
5.000000000000000104e-04
1.770000000000000046e-02
1.000000000000000021e-03
1.035000000000000087e-01
5.800000000000000468e-03
1.820000000000000090e-02
8.000000000000000383e-04
3.250000000000000111e-02
2.000000000000000096e-04
2.340000000000000066e-02
6.999999999999999929e-04
1.010000000000000134e-02
4.000000000000000083e-03
2.420000000000000276e-02
4.000000000000000192e-04
3.150000000000000022e-02
1.000000000000000021e-03
5.480000000000000149e-02
5.000000000000000104e-04
3.760000000000000148e-02
1.500000000000000031e-03
5.279999999999999971e-02
2.000000000000000096e-04
2.200000000000000133e-03
1.800000000000000168e-03
6.000000000000000125e-03
5.000000000000000104e-04
8.000000000000000383e-04
3.000000000000000279e-04
5.109999999999999959e-02
3.000000000000000279e-04
1.680000000000000243e-02
1.300000000000000157e-03
1.110000000000000049e-02
4.000000000000000192e-04
2.900000000000000234e-03
1.000000000000000048e-04
5.380000000000000060e-02
2.400000000000000223e-03
1.170000000000000033e-02
8.000000000000000383e-04
1.949999999999999997e-02
3.000000000000000279e-04
2.799999999999999972e-03
1.100000000000000066e-03
1.040000000000000126e-02
1.000000000000000048e-04
4.400000000000000265e-03
2.100000000000000304e-03
4.599999999999999922e-03
3.000000000000000279e-04
1.800000000000000168e-03
4.000000000000000192e-04
7.400000000000000328e-03
6.999999999999999929e-04
3.799999999999999992e-03
4.300000000000000003e-03
4.000000000000000192e-04
8.000000000000000383e-04
2.650000000000000272e-02
1.200000000000000112e-03
6.829999999999999960e-02
8.000000000000000383e-04
2.510000000000000078e-02
2.000000000000000096e-04
1.000000000000000021e-02
6.999999999999999929e-04
1.060000000000000005e-02
6.999999999999999929e-04
2.140000000000000235e-02
2.700000000000000143e-03
3.540000000000000091e-02
2.000000000000000096e-04
1.669999999999999957e-02
1.000000000000000021e-03
2.750000000000000014e-02
4.000000000000000192e-04
9.000000000000000838e-04
3.000000000000000279e-04
4.800000000000000447e-03
6.000000000000000559e-04
1.015000000000000069e-01
4.000000000000000192e-04
4.640000000000000374e-02
4.000000000000000192e-04
2.750000000000000014e-02
5.000000000000000104e-04
5.899999999999999863e-03
1.399999999999999986e-03
3.310000000000000442e-02
3.000000000000000279e-04
1.570000000000000215e-02
9.000000000000000838e-04
5.190000000000000169e-02
1.899999999999999996e-03
2.340000000000000066e-02
2.000000000000000096e-04
1.920000000000000179e-02
1.100000000000000066e-03
5.800000000000000468e-03
2.000000000000000096e-04
5.000000000000000104e-04
4.000000000000000192e-04
5.100000000000000366e-03
2.000000000000000096e-04
1.060000000000000005e-02
2.000000000000000096e-04
4.000000000000000192e-04
6.999999999999999929e-04
7.730000000000000759e-02
3.000000000000000279e-04
7.300000000000000065e-03
2.600000000000000314e-03
7.599999999999999985e-03
5.000000000000000104e-04
3.600000000000000335e-03
1.200000000000000112e-03
4.000000000000000083e-03
1.000000000000000048e-04
1.510000000000000057e-02
2.000000000000000096e-04
6.000000000000000559e-04
1.800000000000000168e-03
2.700000000000000143e-03
2.000000000000000096e-04
2.000000000000000096e-04
1.800000000000000168e-03
9.510000000000000397e-02
1.200000000000000112e-03
3.100000000000000325e-03
3.000000000000000279e-04
3.600000000000000335e-03
1.000000000000000048e-04
4.050000000000000128e-02
4.500000000000000527e-03
4.240000000000000019e-02
6.999999999999999929e-04
4.610000000000000209e-02
3.200000000000000153e-03
8.030000000000001026e-02
3.000000000000000279e-04
2.570000000000000062e-02
3.000000000000000279e-04
2.299999999999999961e-03
3.000000000000000279e-04
1.270000000000000122e-02
4.200000000000000608e-03
1.000000000000000048e-04
1.100000000000000066e-03
1.349999999999999985e-02
1.100000000000000066e-03
8.800000000000000530e-03
6.000000000000000559e-04
3.010000000000000175e-02
8.000000000000000383e-04
6.900000000000000751e-03
2.100000000000000304e-03
5.490000000000000435e-02
1.200000000000000112e-03
4.620000000000000495e-02
6.000000000000000559e-04
8.600000000000000006e-03
3.000000000000000279e-04
1.600000000000000077e-03
3.000000000000000279e-04
4.610000000000000209e-02
1.800000000000000168e-03
2.900000000000000234e-03
1.500000000000000031e-03
8.099999999999999561e-03
4.000000000000000192e-04
4.850000000000000144e-02
3.000000000000000279e-04
7.100000000000000408e-03
1.500000000000000031e-03
2.430000000000000215e-02
4.000000000000000192e-04
5.270000000000000379e-02
3.000000000000000279e-04
1.669999999999999957e-02
3.000000000000000279e-04
2.699999999999999969e-02
2.000000000000000096e-04
2.060000000000000026e-02
5.000000000000000104e-04
5.850000000000000339e-02
3.000000000000000279e-04
1.200000000000000112e-03
3.400000000000000244e-03
6.819999999999999674e-02
6.000000000000000559e-04
1.870000000000000134e-02
3.400000000000000244e-03
7.700000000000000247e-03
2.000000000000000096e-04
9.300000000000000974e-03
6.000000000000000559e-04
5.899999999999999863e-03
4.000000000000000192e-04
1.880000000000000074e-02
2.100000000000000304e-03
2.340000000000000066e-02
2.000000000000000096e-04
5.850000000000000339e-02
2.000000000000000096e-04
2.000000000000000096e-04
5.000000000000000104e-04
1.770000000000000046e-02
1.000000000000000021e-03
1.035000000000000087e-01
5.800000000000000468e-03
1.820000000000000090e-02
8.000000000000000383e-04
3.250000000000000111e-02
2.000000000000000096e-04
2.330000000000000127e-02
8.000000000000000383e-04
1.010000000000000134e-02
4.000000000000000083e-03
2.420000000000000276e-02
4.000000000000000192e-04
3.150000000000000022e-02
1.000000000000000021e-03
5.480000000000000149e-02
5.000000000000000104e-04
3.760000000000000148e-02
1.500000000000000031e-03
5.279999999999999971e-02
2.000000000000000096e-04
2.200000000000000133e-03
1.700000000000000122e-03
6.100000000000000387e-03
5.000000000000000104e-04
8.000000000000000383e-04
2.000000000000000096e-04
5.120000000000000245e-02
3.000000000000000279e-04
1.680000000000000243e-02
1.300000000000000157e-03
1.110000000000000049e-02
4.000000000000000192e-04
2.900000000000000234e-03
1.000000000000000048e-04
5.380000000000000060e-02
2.299999999999999961e-03
1.179999999999999973e-02
6.999999999999999929e-04
1.959999999999999937e-02
3.000000000000000279e-04
2.799999999999999972e-03
1.100000000000000066e-03
1.040000000000000126e-02
1.000000000000000048e-04
4.400000000000000265e-03
2.100000000000000304e-03
4.599999999999999922e-03
3.000000000000000279e-04
1.800000000000000168e-03
4.000000000000000192e-04
7.400000000000000328e-03
6.999999999999999929e-04
3.799999999999999992e-03
4.300000000000000003e-03
4.000000000000000192e-04
8.000000000000000383e-04
2.650000000000000272e-02
1.200000000000000112e-03
6.829999999999999960e-02
8.000000000000000383e-04
2.510000000000000078e-02
2.000000000000000096e-04
1.000000000000000021e-02
6.999999999999999929e-04
1.060000000000000005e-02
6.999999999999999929e-04
2.140000000000000235e-02
2.700000000000000143e-03
3.540000000000000091e-02
1.000000000000000048e-04
1.680000000000000243e-02
1.000000000000000021e-03
2.750000000000000014e-02
3.000000000000000279e-04
1.000000000000000021e-03
3.000000000000000279e-04
4.800000000000000447e-03
6.000000000000000559e-04
1.015000000000000069e-01
4.000000000000000192e-04
4.640000000000000374e-02
4.000000000000000192e-04
2.750000000000000014e-02
5.000000000000000104e-04
5.899999999999999863e-03
1.399999999999999986e-03
3.310000000000000442e-02
2.000000000000000096e-04
1.580000000000000154e-02
9.000000000000000838e-04
5.190000000000000169e-02
1.899999999999999996e-03
2.340000000000000066e-02
2.000000000000000096e-04
1.920000000000000179e-02
1.100000000000000066e-03
5.800000000000000468e-03
2.000000000000000096e-04
4.000000000000000192e-04
5.000000000000000104e-04
5.100000000000000366e-03
2.000000000000000096e-04
1.060000000000000005e-02
2.000000000000000096e-04
4.000000000000000192e-04
6.999999999999999929e-04
7.730000000000000759e-02
3.000000000000000279e-04
7.300000000000000065e-03
2.600000000000000314e-03
7.599999999999999985e-03
5.000000000000000104e-04
3.600000000000000335e-03
1.200000000000000112e-03
4.000000000000000083e-03
1.000000000000000048e-04
1.510000000000000057e-02
2.000000000000000096e-04
6.000000000000000559e-04
1.800000000000000168e-03
2.700000000000000143e-03
2.000000000000000096e-04
2.000000000000000096e-04
1.800000000000000168e-03
9.510000000000000397e-02
1.200000000000000112e-03
3.100000000000000325e-03
3.000000000000000279e-04
3.600000000000000335e-03
1.000000000000000048e-04
4.040000000000000535e-02
4.599999999999999922e-03
4.240000000000000019e-02
6.999999999999999929e-04
4.610000000000000209e-02
3.100000000000000325e-03
8.030000000000001026e-02
4.000000000000000192e-04
2.570000000000000062e-02
2.000000000000000096e-04
2.400000000000000223e-03
3.000000000000000279e-04
1.270000000000000122e-02
4.200000000000000608e-03
1.000000000000000048e-04
1.100000000000000066e-03
