4.400000000000000265e-03
1.100000000000000066e-03
3.100000000000000325e-03
3.000000000000000279e-04
2.370000000000000231e-02
3.700000000000000164e-03
1.899999999999999996e-03
2.100000000000000304e-03
1.619999999999999912e-02
4.000000000000000192e-04
1.300000000000000157e-03
1.200000000000000112e-03
8.000000000000000383e-04
1.000000000000000021e-03
4.520000000000000406e-02
3.900000000000000255e-03
9.400000000000000369e-03
1.500000000000000031e-03
2.700000000000000143e-03
4.599999999999999922e-03
3.900000000000000255e-03
9.000000000000000838e-04
1.240000000000000130e-02
1.000000000000000048e-04
2.970000000000000070e-02
1.000000000000000021e-03
1.519999999999999997e-02
2.000000000000000096e-04
1.430000000000000021e-02
3.000000000000000279e-04
2.299999999999999961e-03
1.000000000000000021e-03
6.100000000000000387e-03
4.800000000000000447e-03
2.880000000000000268e-02
4.000000000000000192e-04
3.720000000000000390e-02
9.000000000000000838e-04
3.500000000000000073e-03
1.000000000000000048e-04
1.420000000000000082e-02
4.000000000000000192e-04
9.300000000000000974e-03
9.000000000000000838e-04
1.170000000000000033e-02
2.000000000000000096e-04
4.130000000000000338e-02
6.000000000000000559e-04
8.300000000000000086e-03
4.800000000000000447e-03
4.719999999999999890e-02
3.000000000000000279e-04
1.680000000000000243e-02
3.900000000000000255e-03
5.000000000000000104e-04
2.600000000000000314e-03
3.799999999999999992e-03
3.600000000000000335e-03
4.350000000000000394e-02
4.000000000000000192e-04
8.500000000000000611e-03
4.000000000000000192e-04
1.400000000000000029e-02
2.299999999999999961e-03
1.290000000000000001e-02
2.000000000000000096e-04
6.500000000000000569e-03
2.000000000000000096e-04
1.240000000000000130e-02
1.100000000000000066e-03
5.100000000000000366e-03
1.000000000000000021e-03
2.100000000000000304e-03
1.000000000000000048e-04
1.480000000000000066e-02
2.000000000000000096e-04
5.170000000000000290e-02
1.000000000000000048e-04
7.900000000000000772e-03
1.000000000000000021e-03
2.840000000000000163e-02
1.000000000000000048e-04
1.312000000000000111e-01
6.000000000000000559e-04
3.200000000000000153e-03
1.000000000000000048e-04
8.140000000000000013e-02
3.400000000000000244e-03
2.170000000000000054e-02
6.999999999999999929e-04
1.319999999999999993e-02
2.000000000000000096e-04
1.549999999999999989e-02
1.000000000000000048e-04
2.650000000000000272e-02
1.300000000000000157e-03
1.399999999999999986e-03
5.300000000000000024e-03
3.400000000000000244e-03
1.600000000000000077e-03
1.729999999999999941e-02
2.000000000000000096e-04
7.770000000000000517e-02
2.000000000000000096e-04
9.840000000000000135e-02
1.000000000000000021e-03
2.060000000000000026e-02
4.100000000000000346e-03
1.640000000000000138e-02
3.000000000000000279e-04
2.580000000000000002e-02
9.000000000000000838e-04
1.800000000000000168e-03
1.000000000000000048e-04
1.190000000000000085e-02
2.100000000000000304e-03
5.520000000000000601e-02
5.000000000000000104e-04
2.370000000000000231e-02
1.000000000000000048e-04
1.390000000000000090e-02
6.000000000000000559e-04
6.170000000000000484e-02
2.000000000000000096e-04
1.720000000000000001e-02
3.000000000000000279e-04
9.100000000000000450e-03
4.000000000000000192e-04
5.400000000000000286e-03
1.600000000000000077e-03
2.000000000000000042e-02
3.000000000000000279e-04
3.090000000000000038e-02
3.000000000000000062e-03
6.500000000000000569e-03
2.400000000000000223e-03
4.000000000000000192e-04
1.200000000000000112e-03
9.000000000000000838e-04
1.600000000000000077e-03
9.199999999999999845e-03
4.000000000000000192e-04
1.300000000000000157e-03
3.000000000000000279e-04
1.560000000000000102e-02
1.000000000000000048e-04
8.000000000000000383e-04
3.000000000000000279e-04
1.500000000000000031e-03
1.000000000000000048e-04
1.779999999999999985e-02
1.200000000000000112e-03
5.800000000000000468e-03
1.800000000000000168e-03
6.000000000000000559e-04
8.000000000000000383e-04
1.870000000000000134e-02
8.000000000000000383e-04
5.290000000000000258e-02
8.000000000000000383e-04
1.200000000000000025e-02
6.000000000000000559e-04
4.590000000000000330e-02
1.100000000000000066e-03
2.490000000000000199e-02
3.100000000000000325e-03
8.500000000000000611e-03
1.200000000000000112e-03
3.860000000000000236e-02
8.000000000000000383e-04
2.120000000000000009e-02
1.000000000000000048e-04
2.100000000000000304e-03
1.100000000000000066e-03
2.520000000000000018e-02
1.399999999999999986e-03
3.459999999999999881e-02
9.000000000000000838e-04
9.300000000000000974e-03
2.299999999999999961e-03
1.880000000000000074e-02
3.000000000000000279e-04
9.140000000000000902e-02
2.000000000000000096e-04
2.670000000000000151e-02
1.800000000000000168e-03
7.920000000000000651e-02
2.299999999999999961e-03
7.150000000000000799e-02
2.000000000000000096e-04
2.400000000000000223e-03
3.000000000000000279e-04
7.700000000000000247e-03
3.000000000000000279e-04
5.000000000000000104e-04
4.000000000000000192e-04
1.600000000000000077e-03
4.000000000000000192e-04
8.000000000000000383e-04
1.700000000000000122e-03
1.330000000000000106e-02
3.600000000000000335e-03
2.590000000000000288e-02
2.000000000000000096e-04
3.000000000000000279e-04
1.600000000000000077e-03
1.500000000000000118e-02
6.000000000000000559e-04
3.710000000000000103e-02
3.000000000000000279e-04
6.000000000000000559e-04
2.000000000000000096e-04
1.000000000000000048e-04
1.800000000000000168e-03
6.000000000000000125e-03
3.400000000000000244e-03
4.200000000000000608e-03
4.000000000000000192e-04
3.590000000000000135e-02
2.000000000000000096e-04
6.000000000000000472e-02
6.999999999999999929e-04
4.630000000000000088e-02
4.300000000000000003e-03
1.470000000000000126e-02
5.500000000000000548e-03
4.400000000000000265e-03
1.100000000000000066e-03
3.100000000000000325e-03
3.000000000000000279e-04
2.370000000000000231e-02
3.700000000000000164e-03
1.899999999999999996e-03
2.100000000000000304e-03
1.619999999999999912e-02
3.000000000000000279e-04
1.399999999999999986e-03
1.100000000000000066e-03
9.000000000000000838e-04
1.000000000000000021e-03
4.510000000000000120e-02
4.000000000000000083e-03
9.400000000000000369e-03
1.500000000000000031e-03
2.700000000000000143e-03
4.599999999999999922e-03
3.799999999999999992e-03
1.000000000000000021e-03
1.240000000000000130e-02
1.000000000000000048e-04
2.970000000000000070e-02
1.000000000000000021e-03
1.519999999999999997e-02
2.000000000000000096e-04
1.430000000000000021e-02
3.000000000000000279e-04
2.299999999999999961e-03
1.000000000000000021e-03
6.100000000000000387e-03
4.800000000000000447e-03
2.880000000000000268e-02
4.000000000000000192e-04
3.720000000000000390e-02
9.000000000000000838e-04
3.500000000000000073e-03
1.000000000000000048e-04
1.410000000000000142e-02
5.000000000000000104e-04
9.300000000000000974e-03
8.000000000000000383e-04
1.179999999999999973e-02
2.000000000000000096e-04
4.130000000000000338e-02
6.000000000000000559e-04
8.300000000000000086e-03
4.800000000000000447e-03
4.719999999999999890e-02
3.000000000000000279e-04
1.680000000000000243e-02
3.900000000000000255e-03
5.000000000000000104e-04
2.600000000000000314e-03
3.799999999999999992e-03
3.500000000000000073e-03
4.359999999999999987e-02
4.000000000000000192e-04
8.500000000000000611e-03
4.000000000000000192e-04
1.400000000000000029e-02
2.299999999999999961e-03
1.290000000000000001e-02
2.000000000000000096e-04
6.500000000000000569e-03
2.000000000000000096e-04
1.240000000000000130e-02
1.100000000000000066e-03
5.100000000000000366e-03
1.000000000000000021e-03
2.000000000000000042e-03
2.000000000000000096e-04
1.480000000000000066e-02
2.000000000000000096e-04
5.170000000000000290e-02
1.000000000000000048e-04
7.900000000000000772e-03
1.000000000000000021e-03
2.840000000000000163e-02
1.000000000000000048e-04
1.312000000000000111e-01
6.000000000000000559e-04
3.200000000000000153e-03
1.000000000000000048e-04
8.140000000000000013e-02
3.400000000000000244e-03
2.170000000000000054e-02
6.999999999999999929e-04
1.319999999999999993e-02
2.000000000000000096e-04
1.549999999999999989e-02
1.000000000000000048e-04
2.650000000000000272e-02
1.300000000000000157e-03
1.399999999999999986e-03
5.200000000000000629e-03
3.500000000000000073e-03
1.600000000000000077e-03
1.729999999999999941e-02
2.000000000000000096e-04
7.770000000000000517e-02
1.000000000000000048e-04
6.770000000000001017e-02
1.000000000000000048e-04
3.070000000000000159e-02
1.000000000000000021e-03
2.060000000000000026e-02
4.100000000000000346e-03
1.640000000000000138e-02
3.000000000000000279e-04
2.580000000000000002e-02
9.000000000000000838e-04
1.800000000000000168e-03
1.000000000000000048e-04
1.190000000000000085e-02
2.100000000000000304e-03
5.520000000000000601e-02
4.000000000000000192e-04
2.380000000000000171e-02
1.000000000000000048e-04
1.380000000000000150e-02
6.999999999999999929e-04
6.160000000000000198e-02
3.000000000000000279e-04
1.720000000000000001e-02
3.000000000000000279e-04
9.100000000000000450e-03
4.000000000000000192e-04
5.400000000000000286e-03
1.600000000000000077e-03
2.000000000000000042e-02
3.000000000000000279e-04
3.090000000000000038e-02
3.000000000000000062e-03
6.500000000000000569e-03
2.400000000000000223e-03
4.000000000000000192e-04
1.200000000000000112e-03
9.000000000000000838e-04
1.600000000000000077e-03
9.199999999999999845e-03
4.000000000000000192e-04
1.300000000000000157e-03
3.000000000000000279e-04
1.549999999999999989e-02
2.000000000000000096e-04
8.000000000000000383e-04
3.000000000000000279e-04
1.399999999999999986e-03
1.000000000000000048e-04
1.789999999999999925e-02
1.200000000000000112e-03
5.800000000000000468e-03
1.700000000000000122e-03
6.999999999999999929e-04
8.000000000000000383e-04
1.870000000000000134e-02
8.000000000000000383e-04
5.290000000000000258e-02
8.000000000000000383e-04
1.200000000000000025e-02
6.000000000000000559e-04
4.580000000000000043e-02
1.200000000000000112e-03
2.490000000000000199e-02
3.100000000000000325e-03
8.500000000000000611e-03
1.200000000000000112e-03
3.860000000000000236e-02
8.000000000000000383e-04
2.120000000000000009e-02
1.000000000000000048e-04
2.100000000000000304e-03
1.100000000000000066e-03
2.520000000000000018e-02
1.399999999999999986e-03
3.459999999999999881e-02
9.000000000000000838e-04
9.300000000000000974e-03
2.299999999999999961e-03
1.880000000000000074e-02
3.000000000000000279e-04
9.140000000000000902e-02
2.000000000000000096e-04
2.670000000000000151e-02
1.800000000000000168e-03
7.920000000000000651e-02
2.299999999999999961e-03
7.150000000000000799e-02
1.000000000000000048e-04
2.500000000000000052e-03
3.000000000000000279e-04
7.700000000000000247e-03
3.000000000000000279e-04
5.000000000000000104e-04
4.000000000000000192e-04
1.600000000000000077e-03
4.000000000000000192e-04
8.000000000000000383e-04
1.700000000000000122e-03
1.330000000000000106e-02
3.600000000000000335e-03
2.590000000000000288e-02
2.000000000000000096e-04
3.000000000000000279e-04
1.600000000000000077e-03
1.500000000000000118e-02
6.000000000000000559e-04
3.710000000000000103e-02
3.000000000000000279e-04
6.000000000000000559e-04
2.000000000000000096e-04
1.000000000000000048e-04
1.700000000000000122e-03
6.100000000000000387e-03
3.400000000000000244e-03
4.200000000000000608e-03
4.000000000000000192e-04
3.590000000000000135e-02
2.000000000000000096e-04
6.000000000000000472e-02
6.999999999999999929e-04
4.630000000000000088e-02
4.200000000000000608e-03
1.480000000000000066e-02
5.500000000000000548e-03
4.400000000000000265e-03
1.100000000000000066e-03
3.100000000000000325e-03
3.000000000000000279e-04
2.370000000000000231e-02
3.700000000000000164e-03
1.800000000000000168e-03
2.200000000000000133e-03
1.619999999999999912e-02
3.000000000000000279e-04
1.300000000000000157e-03
1.200000000000000112e-03
9.000000000000000838e-04
1.000000000000000021e-03
4.510000000000000120e-02
4.000000000000000083e-03
9.400000000000000369e-03
1.500000000000000031e-03
2.700000000000000143e-03
4.599999999999999922e-03
3.799999999999999992e-03
1.000000000000000021e-03
1.240000000000000130e-02
1.000000000000000048e-04
2.970000000000000070e-02
1.000000000000000021e-03
1.519999999999999997e-02
2.000000000000000096e-04
1.420000000000000082e-02
4.000000000000000192e-04
2.299999999999999961e-03
1.000000000000000021e-03
6.100000000000000387e-03
4.800000000000000447e-03
2.880000000000000268e-02
4.000000000000000192e-04
3.710000000000000103e-02
1.000000000000000021e-03
3.400000000000000244e-03
2.000000000000000096e-04
1.410000000000000142e-02
4.000000000000000192e-04
9.400000000000000369e-03
8.000000000000000383e-04
1.179999999999999973e-02
2.000000000000000096e-04
4.130000000000000338e-02
6.000000000000000559e-04
8.300000000000000086e-03
4.800000000000000447e-03
4.719999999999999890e-02
3.000000000000000279e-04
1.680000000000000243e-02
3.900000000000000255e-03
5.000000000000000104e-04
2.600000000000000314e-03
3.799999999999999992e-03
3.500000000000000073e-03
4.359999999999999987e-02
4.000000000000000192e-04
8.500000000000000611e-03
4.000000000000000192e-04
1.400000000000000029e-02
2.299999999999999961e-03
1.290000000000000001e-02
2.000000000000000096e-04
6.500000000000000569e-03
2.000000000000000096e-04
1.240000000000000130e-02
1.100000000000000066e-03
5.100000000000000366e-03
1.000000000000000021e-03
2.000000000000000042e-03
2.000000000000000096e-04
1.480000000000000066e-02
2.000000000000000096e-04
5.170000000000000290e-02
1.000000000000000048e-04
7.900000000000000772e-03
1.000000000000000021e-03
2.840000000000000163e-02
1.000000000000000048e-04
1.312000000000000111e-01
6.000000000000000559e-04
3.200000000000000153e-03
1.000000000000000048e-04
8.140000000000000013e-02
3.400000000000000244e-03
2.170000000000000054e-02
6.999999999999999929e-04
1.319999999999999993e-02
2.000000000000000096e-04
1.549999999999999989e-02
1.000000000000000048e-04
2.650000000000000272e-02
1.300000000000000157e-03
1.399999999999999986e-03
5.200000000000000629e-03
3.400000000000000244e-03
1.700000000000000122e-03
1.729999999999999941e-02
2.000000000000000096e-04
7.770000000000000517e-02
1.000000000000000048e-04
6.770000000000001017e-02
1.000000000000000048e-04
3.070000000000000159e-02
1.000000000000000021e-03
2.060000000000000026e-02
4.100000000000000346e-03
1.640000000000000138e-02
3.000000000000000279e-04
2.580000000000000002e-02
9.000000000000000838e-04
1.800000000000000168e-03
1.000000000000000048e-04
1.190000000000000085e-02
2.000000000000000042e-03
5.530000000000000193e-02
4.000000000000000192e-04
2.380000000000000171e-02
1.000000000000000048e-04
1.380000000000000150e-02
6.999999999999999929e-04
6.160000000000000198e-02
2.000000000000000096e-04
1.729999999999999941e-02
2.000000000000000096e-04
9.199999999999999845e-03
4.000000000000000192e-04
5.400000000000000286e-03
1.600000000000000077e-03
2.000000000000000042e-02
3.000000000000000279e-04
3.090000000000000038e-02
3.000000000000000062e-03
6.500000000000000569e-03
2.400000000000000223e-03
4.000000000000000192e-04
1.200000000000000112e-03
9.000000000000000838e-04
1.600000000000000077e-03
9.100000000000000450e-03
5.000000000000000104e-04
1.300000000000000157e-03
3.000000000000000279e-04
1.549999999999999989e-02
2.000000000000000096e-04
8.000000000000000383e-04
3.000000000000000279e-04
1.399999999999999986e-03
1.000000000000000048e-04
1.789999999999999925e-02
1.100000000000000066e-03
5.899999999999999863e-03
1.700000000000000122e-03
6.999999999999999929e-04
8.000000000000000383e-04
1.870000000000000134e-02
8.000000000000000383e-04
5.290000000000000258e-02
8.000000000000000383e-04
1.200000000000000025e-02
6.000000000000000559e-04
4.580000000000000043e-02
1.200000000000000112e-03
2.490000000000000199e-02
3.100000000000000325e-03
8.400000000000001216e-03
1.300000000000000157e-03
3.860000000000000236e-02
8.000000000000000383e-04
2.120000000000000009e-02
1.000000000000000048e-04
2.100000000000000304e-03
1.100000000000000066e-03
2.520000000000000018e-02
1.399999999999999986e-03
3.459999999999999881e-02
9.000000000000000838e-04
9.199999999999999845e-03
2.400000000000000223e-03
1.880000000000000074e-02
3.000000000000000279e-04
9.140000000000000902e-02
2.000000000000000096e-04
2.660000000000000211e-02
1.899999999999999996e-03
7.920000000000000651e-02
2.299999999999999961e-03
7.150000000000000799e-02
1.000000000000000048e-04
2.500000000000000052e-03
3.000000000000000279e-04
7.599999999999999985e-03
4.000000000000000192e-04
5.000000000000000104e-04
3.000000000000000279e-04
1.700000000000000122e-03
3.000000000000000279e-04
9.000000000000000838e-04
1.600000000000000077e-03
1.340000000000000045e-02
3.600000000000000335e-03
2.590000000000000288e-02
2.000000000000000096e-04
3.000000000000000279e-04
1.600000000000000077e-03
1.500000000000000118e-02
6.000000000000000559e-04
3.710000000000000103e-02
3.000000000000000279e-04
5.000000000000000104e-04
2.000000000000000096e-04
2.000000000000000096e-04
1.700000000000000122e-03
6.100000000000000387e-03
3.400000000000000244e-03
4.200000000000000608e-03
4.000000000000000192e-04
3.590000000000000135e-02
1.000000000000000048e-04
6.010000000000000064e-02
6.999999999999999929e-04
4.630000000000000088e-02
4.200000000000000608e-03
1.470000000000000126e-02
5.599999999999999943e-03
4.400000000000000265e-03
1.100000000000000066e-03
3.000000000000000062e-03
4.000000000000000192e-04
2.370000000000000231e-02
3.700000000000000164e-03
1.800000000000000168e-03
2.200000000000000133e-03
1.619999999999999912e-02
3.000000000000000279e-04
1.300000000000000157e-03
1.200000000000000112e-03
9.000000000000000838e-04
1.000000000000000021e-03
4.510000000000000120e-02
3.900000000000000255e-03
9.499999999999999764e-03
1.399999999999999986e-03
2.799999999999999972e-03
4.599999999999999922e-03
3.799999999999999992e-03
1.000000000000000021e-03
1.240000000000000130e-02
1.000000000000000048e-04
2.970000000000000070e-02
1.000000000000000021e-03
1.519999999999999997e-02
2.000000000000000096e-04
1.420000000000000082e-02
4.000000000000000192e-04
2.299999999999999961e-03
1.000000000000000021e-03
6.100000000000000387e-03
4.800000000000000447e-03
2.880000000000000268e-02
4.000000000000000192e-04
3.710000000000000103e-02
9.000000000000000838e-04
3.500000000000000073e-03
2.000000000000000096e-04
1.410000000000000142e-02
4.000000000000000192e-04
9.400000000000000369e-03
8.000000000000000383e-04
1.179999999999999973e-02
2.000000000000000096e-04
4.120000000000000051e-02
6.000000000000000559e-04
8.400000000000001216e-03
4.800000000000000447e-03
4.719999999999999890e-02
3.000000000000000279e-04
1.680000000000000243e-02
3.900000000000000255e-03
5.000000000000000104e-04
2.600000000000000314e-03
3.799999999999999992e-03
3.500000000000000073e-03
4.359999999999999987e-02
4.000000000000000192e-04
8.500000000000000611e-03
4.000000000000000192e-04
1.400000000000000029e-02
2.299999999999999961e-03
1.290000000000000001e-02
2.000000000000000096e-04
6.500000000000000569e-03
2.000000000000000096e-04
1.240000000000000130e-02
1.100000000000000066e-03
5.100000000000000366e-03
1.000000000000000021e-03
2.000000000000000042e-03
2.000000000000000096e-04
1.480000000000000066e-02
2.000000000000000096e-04
5.970000000000000306e-02
1.000000000000000021e-03
2.840000000000000163e-02
1.000000000000000048e-04
1.312000000000000111e-01
6.000000000000000559e-04
3.200000000000000153e-03
1.000000000000000048e-04
8.140000000000000013e-02
3.400000000000000244e-03
2.170000000000000054e-02
6.999999999999999929e-04
1.319999999999999993e-02
2.000000000000000096e-04
1.549999999999999989e-02
1.000000000000000048e-04
2.650000000000000272e-02
1.300000000000000157e-03
1.399999999999999986e-03
5.200000000000000629e-03
3.400000000000000244e-03
1.700000000000000122e-03
1.729999999999999941e-02
2.000000000000000096e-04
7.760000000000000231e-02
2.000000000000000096e-04
6.770000000000001017e-02
1.000000000000000048e-04
3.070000000000000159e-02
1.000000000000000021e-03
2.050000000000000086e-02
4.200000000000000608e-03
1.640000000000000138e-02
3.000000000000000279e-04
2.580000000000000002e-02
9.000000000000000838e-04
1.700000000000000122e-03
2.000000000000000096e-04
1.190000000000000085e-02
2.000000000000000042e-03
5.530000000000000193e-02
4.000000000000000192e-04
2.380000000000000171e-02
1.000000000000000048e-04
1.380000000000000150e-02
6.999999999999999929e-04
6.160000000000000198e-02
2.000000000000000096e-04
1.729999999999999941e-02
2.000000000000000096e-04
9.100000000000000450e-03
4.000000000000000192e-04
5.500000000000000548e-03
1.600000000000000077e-03
2.000000000000000042e-02
3.000000000000000279e-04
3.090000000000000038e-02
3.000000000000000062e-03
6.500000000000000569e-03
2.400000000000000223e-03
4.000000000000000192e-04
1.200000000000000112e-03
9.000000000000000838e-04
1.600000000000000077e-03
9.100000000000000450e-03
5.000000000000000104e-04
1.300000000000000157e-03
3.000000000000000279e-04
1.549999999999999989e-02
2.000000000000000096e-04
8.000000000000000383e-04
3.000000000000000279e-04
1.399999999999999986e-03
1.000000000000000048e-04
1.779999999999999985e-02
1.200000000000000112e-03
5.800000000000000468e-03
1.800000000000000168e-03
6.000000000000000559e-04
9.000000000000000838e-04
1.870000000000000134e-02
8.000000000000000383e-04
5.290000000000000258e-02
6.999999999999999929e-04
1.210000000000000138e-02
6.000000000000000559e-04
4.580000000000000043e-02
1.200000000000000112e-03
2.490000000000000199e-02
3.100000000000000325e-03
8.400000000000001216e-03
1.200000000000000112e-03
3.870000000000000523e-02
8.000000000000000383e-04
2.340000000000000066e-02
1.100000000000000066e-03
2.520000000000000018e-02
1.399999999999999986e-03
3.459999999999999881e-02
9.000000000000000838e-04
9.199999999999999845e-03
2.400000000000000223e-03
1.880000000000000074e-02
3.000000000000000279e-04
9.130000000000000615e-02
3.000000000000000279e-04
2.660000000000000211e-02
1.800000000000000168e-03
7.930000000000000937e-02
2.299999999999999961e-03
7.150000000000000799e-02
1.000000000000000048e-04
2.500000000000000052e-03
3.000000000000000279e-04
7.599999999999999985e-03
4.000000000000000192e-04
5.000000000000000104e-04
3.000000000000000279e-04
1.600000000000000077e-03
4.000000000000000192e-04
9.000000000000000838e-04
1.600000000000000077e-03
1.340000000000000045e-02
3.600000000000000335e-03
2.590000000000000288e-02
2.000000000000000096e-04
3.000000000000000279e-04
1.600000000000000077e-03
1.500000000000000118e-02
6.000000000000000559e-04
3.710000000000000103e-02
2.000000000000000096e-04
6.000000000000000559e-04
2.000000000000000096e-04
2.000000000000000096e-04
1.700000000000000122e-03
6.100000000000000387e-03
3.400000000000000244e-03
4.200000000000000608e-03
4.000000000000000192e-04
3.579999999999999849e-02
2.000000000000000096e-04
6.010000000000000064e-02
6.999999999999999929e-04
4.630000000000000088e-02
4.200000000000000608e-03
1.470000000000000126e-02
5.599999999999999943e-03
4.400000000000000265e-03
1.100000000000000066e-03
3.000000000000000062e-03
4.000000000000000192e-04
2.359999999999999945e-02
3.700000000000000164e-03
1.899999999999999996e-03
2.200000000000000133e-03
1.619999999999999912e-02
3.000000000000000279e-04
1.300000000000000157e-03
1.200000000000000112e-03
9.000000000000000838e-04
1.000000000000000021e-03
4.510000000000000120e-02
3.900000000000000255e-03
9.499999999999999764e-03
1.399999999999999986e-03
2.799999999999999972e-03
4.500000000000000527e-03
3.900000000000000255e-03
1.000000000000000021e-03
1.240000000000000130e-02
1.000000000000000048e-04
2.960000000000000131e-02
1.100000000000000066e-03
1.519999999999999997e-02
2.000000000000000096e-04
1.420000000000000082e-02
3.000000000000000279e-04
2.299999999999999961e-03
1.100000000000000066e-03
6.100000000000000387e-03
4.800000000000000447e-03
2.880000000000000268e-02
4.000000000000000192e-04
3.710000000000000103e-02
9.000000000000000838e-04
3.500000000000000073e-03
2.000000000000000096e-04
1.410000000000000142e-02
4.000000000000000192e-04
9.400000000000000369e-03
8.000000000000000383e-04
1.179999999999999973e-02
2.000000000000000096e-04
4.120000000000000051e-02
6.000000000000000559e-04
8.400000000000001216e-03
4.800000000000000447e-03
4.710000000000000298e-02
3.000000000000000279e-04
1.690000000000000183e-02
3.900000000000000255e-03
4.000000000000000192e-04
2.700000000000000143e-03
3.799999999999999992e-03
3.500000000000000073e-03
4.359999999999999987e-02
4.000000000000000192e-04
8.400000000000001216e-03
5.000000000000000104e-04
1.400000000000000029e-02
2.299999999999999961e-03
1.290000000000000001e-02
2.000000000000000096e-04
6.500000000000000569e-03
1.000000000000000048e-04
1.250000000000000069e-02
1.100000000000000066e-03
5.100000000000000366e-03
1.000000000000000021e-03
2.000000000000000042e-03
2.000000000000000096e-04
1.480000000000000066e-02
2.000000000000000096e-04
5.160000000000000003e-02
1.000000000000000048e-04
8.000000000000000167e-03
1.000000000000000021e-03
2.840000000000000163e-02
1.000000000000000048e-04
1.312000000000000111e-01
6.000000000000000559e-04
3.100000000000000325e-03
2.000000000000000096e-04
8.140000000000000013e-02
3.299999999999999982e-03
2.179999999999999993e-02
6.999999999999999929e-04
1.319999999999999993e-02
2.000000000000000096e-04
1.549999999999999989e-02
1.000000000000000048e-04
2.650000000000000272e-02
1.300000000000000157e-03
1.399999999999999986e-03
5.200000000000000629e-03
3.400000000000000244e-03
1.700000000000000122e-03
1.729999999999999941e-02
1.000000000000000048e-04
7.770000000000000517e-02
2.000000000000000096e-04
6.770000000000001017e-02
1.000000000000000048e-04
3.070000000000000159e-02
1.000000000000000021e-03
2.050000000000000086e-02
4.200000000000000608e-03
1.640000000000000138e-02
3.000000000000000279e-04
2.580000000000000002e-02
9.000000000000000838e-04
1.700000000000000122e-03
2.000000000000000096e-04
1.190000000000000085e-02
2.000000000000000042e-03
5.530000000000000193e-02
4.000000000000000192e-04
2.380000000000000171e-02
1.000000000000000048e-04
1.380000000000000150e-02
6.999999999999999929e-04
6.160000000000000198e-02
2.000000000000000096e-04
1.729999999999999941e-02
2.000000000000000096e-04
9.100000000000000450e-03
4.000000000000000192e-04
5.500000000000000548e-03
1.600000000000000077e-03
2.000000000000000042e-02
3.000000000000000279e-04
3.090000000000000038e-02
3.000000000000000062e-03
6.500000000000000569e-03
2.400000000000000223e-03
4.000000000000000192e-04
1.200000000000000112e-03
9.000000000000000838e-04
8.000000000000000383e-04
1.000000000000000048e-04
6.999999999999999929e-04
9.100000000000000450e-03
5.000000000000000104e-04
1.300000000000000157e-03
3.000000000000000279e-04
1.549999999999999989e-02
2.000000000000000096e-04
8.000000000000000383e-04
3.000000000000000279e-04
1.399999999999999986e-03
1.000000000000000048e-04
1.779999999999999985e-02
1.200000000000000112e-03
5.800000000000000468e-03
1.800000000000000168e-03
6.000000000000000559e-04
9.000000000000000838e-04
1.860000000000000195e-02
9.000000000000000838e-04
5.290000000000000258e-02
6.999999999999999929e-04
1.210000000000000138e-02
5.000000000000000104e-04
4.590000000000000330e-02
1.200000000000000112e-03
2.490000000000000199e-02
3.100000000000000325e-03
8.400000000000001216e-03
1.200000000000000112e-03
3.870000000000000523e-02
6.999999999999999929e-04
2.350000000000000006e-02
1.100000000000000066e-03
2.510000000000000078e-02
1.500000000000000031e-03
3.459999999999999881e-02
9.000000000000000838e-04
9.199999999999999845e-03
2.400000000000000223e-03
1.880000000000000074e-02
3.000000000000000279e-04
9.130000000000000615e-02
3.000000000000000279e-04
2.660000000000000211e-02
1.800000000000000168e-03
7.920000000000000651e-02
2.400000000000000223e-03
7.150000000000000799e-02
1.000000000000000048e-04
2.400000000000000223e-03
4.000000000000000192e-04
7.599999999999999985e-03
4.000000000000000192e-04
5.000000000000000104e-04
3.000000000000000279e-04
1.600000000000000077e-03
4.000000000000000192e-04
9.000000000000000838e-04
1.600000000000000077e-03
1.340000000000000045e-02
3.600000000000000335e-03
2.590000000000000288e-02
2.000000000000000096e-04
3.000000000000000279e-04
1.500000000000000031e-03
1.510000000000000057e-02
6.000000000000000559e-04
3.710000000000000103e-02
2.000000000000000096e-04
6.000000000000000559e-04
2.000000000000000096e-04
2.000000000000000096e-04
1.700000000000000122e-03
6.100000000000000387e-03
3.400000000000000244e-03
4.200000000000000608e-03
4.000000000000000192e-04
3.579999999999999849e-02
2.000000000000000096e-04
6.010000000000000064e-02
6.999999999999999929e-04
4.630000000000000088e-02
4.200000000000000608e-03
1.470000000000000126e-02
5.599999999999999943e-03
4.400000000000000265e-03
1.100000000000000066e-03
3.000000000000000062e-03
4.000000000000000192e-04
2.359999999999999945e-02
3.700000000000000164e-03
1.899999999999999996e-03
2.200000000000000133e-03
1.609999999999999973e-02
4.000000000000000192e-04
1.300000000000000157e-03
1.200000000000000112e-03
9.000000000000000838e-04
1.000000000000000021e-03
4.510000000000000120e-02
3.900000000000000255e-03
9.499999999999999764e-03
1.399999999999999986e-03
2.700000000000000143e-03
4.599999999999999922e-03
3.900000000000000255e-03
1.000000000000000021e-03
4.210000000000000547e-02
1.100000000000000066e-03
1.519999999999999997e-02
1.000000000000000048e-04
1.430000000000000021e-02
3.000000000000000279e-04
2.299999999999999961e-03
1.100000000000000066e-03
6.100000000000000387e-03
4.800000000000000447e-03
2.880000000000000268e-02
4.000000000000000192e-04
3.710000000000000103e-02
9.000000000000000838e-04
3.500000000000000073e-03
2.000000000000000096e-04
1.410000000000000142e-02
4.000000000000000192e-04
9.400000000000000369e-03
8.000000000000000383e-04
1.179999999999999973e-02
1.000000000000000048e-04
4.130000000000000338e-02
6.000000000000000559e-04
8.400000000000001216e-03
4.800000000000000447e-03
4.710000000000000298e-02
3.000000000000000279e-04
1.690000000000000183e-02
3.900000000000000255e-03
4.000000000000000192e-04
2.700000000000000143e-03
3.799999999999999992e-03
3.500000000000000073e-03
4.359999999999999987e-02
4.000000000000000192e-04
8.400000000000001216e-03
5.000000000000000104e-04
1.400000000000000029e-02
2.299999999999999961e-03
1.290000000000000001e-02
2.000000000000000096e-04
6.400000000000000307e-03
2.000000000000000096e-04
1.240000000000000130e-02
1.200000000000000112e-03
5.100000000000000366e-03
1.000000000000000021e-03
2.000000000000000042e-03
2.000000000000000096e-04
1.480000000000000066e-02
2.000000000000000096e-04
5.160000000000000003e-02
1.000000000000000048e-04
8.000000000000000167e-03
1.000000000000000021e-03
1.597000000000000086e-01
6.000000000000000559e-04
3.100000000000000325e-03
2.000000000000000096e-04
8.140000000000000013e-02
3.299999999999999982e-03
2.170000000000000054e-02
8.000000000000000383e-04
1.319999999999999993e-02
2.000000000000000096e-04
1.549999999999999989e-02
1.000000000000000048e-04
2.650000000000000272e-02
1.300000000000000157e-03
1.399999999999999986e-03
5.200000000000000629e-03
3.400000000000000244e-03
1.700000000000000122e-03
1.729999999999999941e-02
1.000000000000000048e-04
7.770000000000000517e-02
2.000000000000000096e-04
6.770000000000001017e-02
1.000000000000000048e-04
3.070000000000000159e-02
1.000000000000000021e-03
2.050000000000000086e-02
4.200000000000000608e-03
1.640000000000000138e-02
3.000000000000000279e-04
2.580000000000000002e-02
9.000000000000000838e-04
1.700000000000000122e-03
2.000000000000000096e-04
1.190000000000000085e-02
2.000000000000000042e-03
5.530000000000000193e-02
4.000000000000000192e-04
2.380000000000000171e-02
1.000000000000000048e-04
1.380000000000000150e-02
6.000000000000000559e-04
6.170000000000000484e-02
2.000000000000000096e-04
1.729999999999999941e-02
2.000000000000000096e-04
9.100000000000000450e-03
4.000000000000000192e-04
5.500000000000000548e-03
1.600000000000000077e-03
1.990000000000000102e-02
3.000000000000000279e-04
3.099999999999999978e-02
3.000000000000000062e-03
6.500000000000000569e-03
2.299999999999999961e-03
5.000000000000000104e-04
1.200000000000000112e-03
9.000000000000000838e-04
8.000000000000000383e-04
1.000000000000000048e-04
6.999999999999999929e-04
9.100000000000000450e-03
5.000000000000000104e-04
1.300000000000000157e-03
3.000000000000000279e-04
1.549999999999999989e-02
2.000000000000000096e-04
8.000000000000000383e-04
3.000000000000000279e-04
1.399999999999999986e-03
1.000000000000000048e-04
1.779999999999999985e-02
1.200000000000000112e-03
5.800000000000000468e-03
1.800000000000000168e-03
6.000000000000000559e-04
9.000000000000000838e-04
1.860000000000000195e-02
9.000000000000000838e-04
5.279999999999999971e-02
8.000000000000000383e-04
1.210000000000000138e-02
5.000000000000000104e-04
4.590000000000000330e-02
1.200000000000000112e-03
2.490000000000000199e-02
3.100000000000000325e-03
8.400000000000001216e-03
1.200000000000000112e-03
3.870000000000000523e-02
6.999999999999999929e-04
2.350000000000000006e-02
1.100000000000000066e-03
2.510000000000000078e-02
1.399999999999999986e-03
3.459999999999999881e-02
1.000000000000000021e-03
9.199999999999999845e-03
2.400000000000000223e-03
1.880000000000000074e-02
3.000000000000000279e-04
9.130000000000000615e-02
3.000000000000000279e-04
2.660000000000000211e-02
1.800000000000000168e-03
7.920000000000000651e-02
2.400000000000000223e-03
7.150000000000000799e-02
1.000000000000000048e-04
2.400000000000000223e-03
4.000000000000000192e-04
7.599999999999999985e-03
4.000000000000000192e-04
5.000000000000000104e-04
3.000000000000000279e-04
1.600000000000000077e-03
4.000000000000000192e-04
9.000000000000000838e-04
1.600000000000000077e-03
1.340000000000000045e-02
3.600000000000000335e-03
2.590000000000000288e-02
2.000000000000000096e-04
3.000000000000000279e-04
1.500000000000000031e-03
1.510000000000000057e-02
6.000000000000000559e-04
3.700000000000000511e-02
3.000000000000000279e-04
6.000000000000000559e-04
2.000000000000000096e-04
2.000000000000000096e-04
1.700000000000000122e-03
6.000000000000000125e-03
3.500000000000000073e-03
4.200000000000000608e-03
3.000000000000000279e-04
3.590000000000000135e-02
2.000000000000000096e-04
6.000000000000000472e-02
8.000000000000000383e-04
4.630000000000000088e-02
4.200000000000000608e-03
1.470000000000000126e-02
5.599999999999999943e-03
4.400000000000000265e-03
1.100000000000000066e-03
3.000000000000000062e-03
4.000000000000000192e-04
2.359999999999999945e-02
3.700000000000000164e-03
1.899999999999999996e-03
2.200000000000000133e-03
1.609999999999999973e-02
4.000000000000000192e-04
1.300000000000000157e-03
1.200000000000000112e-03
9.000000000000000838e-04
1.000000000000000021e-03
4.510000000000000120e-02
3.900000000000000255e-03
9.499999999999999764e-03
1.399999999999999986e-03
2.700000000000000143e-03
4.599999999999999922e-03
3.900000000000000255e-03
1.000000000000000021e-03
4.210000000000000547e-02
1.100000000000000066e-03
1.519999999999999997e-02
1.000000000000000048e-04
1.430000000000000021e-02
3.000000000000000279e-04
2.299999999999999961e-03
1.100000000000000066e-03
6.100000000000000387e-03
4.800000000000000447e-03
2.880000000000000268e-02
4.000000000000000192e-04
3.710000000000000103e-02
9.000000000000000838e-04
3.500000000000000073e-03
2.000000000000000096e-04
1.410000000000000142e-02
4.000000000000000192e-04
9.400000000000000369e-03
8.000000000000000383e-04
1.179999999999999973e-02
1.000000000000000048e-04
4.130000000000000338e-02
6.000000000000000559e-04
8.400000000000001216e-03
4.800000000000000447e-03
4.710000000000000298e-02
3.000000000000000279e-04
1.690000000000000183e-02
3.799999999999999992e-03
5.000000000000000104e-04
2.600000000000000314e-03
3.900000000000000255e-03
3.500000000000000073e-03
4.359999999999999987e-02
4.000000000000000192e-04
8.400000000000001216e-03
5.000000000000000104e-04
1.400000000000000029e-02
2.200000000000000133e-03
1.300000000000000114e-02
1.000000000000000048e-04
6.500000000000000569e-03
2.000000000000000096e-04
1.240000000000000130e-02
1.200000000000000112e-03
5.000000000000000104e-03
1.100000000000000066e-03
2.000000000000000042e-03
2.000000000000000096e-04
1.470000000000000126e-02
2.000000000000000096e-04
5.170000000000000290e-02
1.000000000000000048e-04
8.000000000000000167e-03
1.000000000000000021e-03
1.596000000000000196e-01
6.000000000000000559e-04
3.200000000000000153e-03
2.000000000000000096e-04
8.129999999999999727e-02
3.400000000000000244e-03
2.170000000000000054e-02
8.000000000000000383e-04
1.310000000000000053e-02
3.000000000000000279e-04
1.549999999999999989e-02
1.000000000000000048e-04
2.650000000000000272e-02
1.200000000000000112e-03
1.500000000000000031e-03
5.200000000000000629e-03
3.400000000000000244e-03
1.700000000000000122e-03
1.729999999999999941e-02
1.000000000000000048e-04
7.770000000000000517e-02
2.000000000000000096e-04
6.770000000000001017e-02
1.000000000000000048e-04
3.070000000000000159e-02
1.000000000000000021e-03
2.050000000000000086e-02
4.200000000000000608e-03
1.630000000000000199e-02
3.000000000000000279e-04
2.590000000000000288e-02
9.000000000000000838e-04
1.700000000000000122e-03
2.000000000000000096e-04
1.190000000000000085e-02
2.000000000000000042e-03
5.520000000000000601e-02
5.000000000000000104e-04
2.380000000000000171e-02
1.000000000000000048e-04
1.380000000000000150e-02
6.000000000000000559e-04
6.170000000000000484e-02
2.000000000000000096e-04
1.729999999999999941e-02
2.000000000000000096e-04
9.100000000000000450e-03
4.000000000000000192e-04
5.500000000000000548e-03
1.600000000000000077e-03
1.990000000000000102e-02
3.000000000000000279e-04
3.099999999999999978e-02
2.900000000000000234e-03
6.599999999999999964e-03
2.299999999999999961e-03
5.000000000000000104e-04
1.100000000000000066e-03
1.000000000000000021e-03
8.000000000000000383e-04
1.000000000000000048e-04
6.999999999999999929e-04
9.100000000000000450e-03
4.000000000000000192e-04
1.399999999999999986e-03
3.000000000000000279e-04
1.549999999999999989e-02
1.000000000000000048e-04
9.000000000000000838e-04
2.000000000000000096e-04
1.500000000000000031e-03
1.000000000000000048e-04
1.779999999999999985e-02
1.200000000000000112e-03
5.800000000000000468e-03
1.800000000000000168e-03
6.000000000000000559e-04
9.000000000000000838e-04
1.860000000000000195e-02
9.000000000000000838e-04
5.279999999999999971e-02
8.000000000000000383e-04
1.210000000000000138e-02
5.000000000000000104e-04
4.590000000000000330e-02
1.200000000000000112e-03
2.480000000000000260e-02
3.200000000000000153e-03
8.400000000000001216e-03
1.200000000000000112e-03
3.870000000000000523e-02
6.999999999999999929e-04
2.120000000000000009e-02
1.000000000000000048e-04
2.200000000000000133e-03
1.100000000000000066e-03
2.510000000000000078e-02
1.399999999999999986e-03
3.459999999999999881e-02
1.000000000000000021e-03
9.199999999999999845e-03
2.400000000000000223e-03
1.880000000000000074e-02
3.000000000000000279e-04
9.130000000000000615e-02
3.000000000000000279e-04
2.660000000000000211e-02
1.800000000000000168e-03
7.920000000000000651e-02
2.400000000000000223e-03
7.150000000000000799e-02
1.000000000000000048e-04
2.400000000000000223e-03
4.000000000000000192e-04
7.599999999999999985e-03
4.000000000000000192e-04
4.000000000000000192e-04
4.000000000000000192e-04
1.600000000000000077e-03
4.000000000000000192e-04
9.000000000000000838e-04
1.600000000000000077e-03
1.340000000000000045e-02
3.500000000000000073e-03
2.600000000000000228e-02
1.000000000000000048e-04
4.000000000000000192e-04
1.500000000000000031e-03
1.510000000000000057e-02
6.000000000000000559e-04
3.700000000000000511e-02
3.000000000000000279e-04
6.000000000000000559e-04
2.000000000000000096e-04
2.000000000000000096e-04
1.700000000000000122e-03
6.000000000000000125e-03
3.500000000000000073e-03
4.100000000000000346e-03
4.000000000000000192e-04
3.590000000000000135e-02
2.000000000000000096e-04
6.000000000000000472e-02
8.000000000000000383e-04
4.630000000000000088e-02
4.200000000000000608e-03
1.470000000000000126e-02
5.599999999999999943e-03
4.400000000000000265e-03
1.100000000000000066e-03
3.000000000000000062e-03
3.000000000000000279e-04
2.370000000000000231e-02
3.700000000000000164e-03
1.899999999999999996e-03
2.200000000000000133e-03
1.609999999999999973e-02
4.000000000000000192e-04
1.300000000000000157e-03
1.200000000000000112e-03
9.000000000000000838e-04
1.000000000000000021e-03
4.510000000000000120e-02
3.900000000000000255e-03
9.499999999999999764e-03
1.399999999999999986e-03
2.700000000000000143e-03
4.599999999999999922e-03
3.900000000000000255e-03
1.000000000000000021e-03
4.210000000000000547e-02
1.100000000000000066e-03
1.519999999999999997e-02
1.000000000000000048e-04
1.430000000000000021e-02
3.000000000000000279e-04
2.299999999999999961e-03
1.100000000000000066e-03
6.100000000000000387e-03
4.800000000000000447e-03
2.869999999999999982e-02
5.000000000000000104e-04
3.710000000000000103e-02
9.000000000000000838e-04
3.500000000000000073e-03
2.000000000000000096e-04
1.410000000000000142e-02
4.000000000000000192e-04
9.400000000000000369e-03
8.000000000000000383e-04
1.179999999999999973e-02
1.000000000000000048e-04
4.130000000000000338e-02
6.000000000000000559e-04
8.400000000000001216e-03
4.800000000000000447e-03
4.710000000000000298e-02
3.000000000000000279e-04
1.690000000000000183e-02
3.799999999999999992e-03
5.000000000000000104e-04
2.600000000000000314e-03
3.799999999999999992e-03
3.600000000000000335e-03
4.350000000000000394e-02
5.000000000000000104e-04
8.400000000000001216e-03
4.000000000000000192e-04
1.410000000000000142e-02
2.200000000000000133e-03
1.300000000000000114e-02
1.000000000000000048e-04
6.500000000000000569e-03
2.000000000000000096e-04
1.240000000000000130e-02
1.200000000000000112e-03
5.000000000000000104e-03
1.100000000000000066e-03
2.000000000000000042e-03
2.000000000000000096e-04
1.470000000000000126e-02
2.000000000000000096e-04
5.170000000000000290e-02
1.000000000000000048e-04
8.000000000000000167e-03
9.000000000000000838e-04
2.840000000000000163e-02
1.000000000000000048e-04
1.312000000000000111e-01
6.000000000000000559e-04
3.200000000000000153e-03
2.000000000000000096e-04
8.129999999999999727e-02
3.400000000000000244e-03
2.170000000000000054e-02
6.999999999999999929e-04
1.319999999999999993e-02
3.000000000000000279e-04
1.549999999999999989e-02
1.000000000000000048e-04
2.639999999999999986e-02
1.300000000000000157e-03
1.500000000000000031e-03
5.200000000000000629e-03
3.400000000000000244e-03
1.600000000000000077e-03
1.729999999999999941e-02
2.000000000000000096e-04
7.770000000000000517e-02
2.000000000000000096e-04
6.770000000000001017e-02
1.000000000000000048e-04
3.070000000000000159e-02
1.000000000000000021e-03
2.050000000000000086e-02
4.200000000000000608e-03
1.630000000000000199e-02
3.000000000000000279e-04
2.590000000000000288e-02
9.000000000000000838e-04
1.700000000000000122e-03
2.000000000000000096e-04
1.190000000000000085e-02
2.000000000000000042e-03
5.520000000000000601e-02
5.000000000000000104e-04
2.370000000000000231e-02
2.000000000000000096e-04
1.380000000000000150e-02
6.000000000000000559e-04
6.170000000000000484e-02
2.000000000000000096e-04
1.729999999999999941e-02
2.000000000000000096e-04
9.100000000000000450e-03
4.000000000000000192e-04
5.500000000000000548e-03
1.500000000000000031e-03
2.000000000000000042e-02
3.000000000000000279e-04
3.099999999999999978e-02
2.900000000000000234e-03
6.599999999999999964e-03
2.299999999999999961e-03
5.000000000000000104e-04
1.100000000000000066e-03
1.000000000000000021e-03
8.000000000000000383e-04
1.000000000000000048e-04
6.999999999999999929e-04
9.100000000000000450e-03
4.000000000000000192e-04
1.399999999999999986e-03
3.000000000000000279e-04
1.549999999999999989e-02
1.000000000000000048e-04
9.000000000000000838e-04
2.000000000000000096e-04
1.500000000000000031e-03
1.000000000000000048e-04
1.779999999999999985e-02
1.200000000000000112e-03
5.800000000000000468e-03
1.800000000000000168e-03
6.000000000000000559e-04
9.000000000000000838e-04
1.860000000000000195e-02
9.000000000000000838e-04
5.279999999999999971e-02
8.000000000000000383e-04
1.210000000000000138e-02
5.000000000000000104e-04
4.590000000000000330e-02
1.200000000000000112e-03
2.480000000000000260e-02
3.200000000000000153e-03
8.400000000000001216e-03
1.200000000000000112e-03
3.870000000000000523e-02
6.999999999999999929e-04
2.120000000000000009e-02
1.000000000000000048e-04
2.200000000000000133e-03
1.100000000000000066e-03
2.510000000000000078e-02
1.399999999999999986e-03
3.459999999999999881e-02
1.000000000000000021e-03
9.199999999999999845e-03
2.400000000000000223e-03
1.880000000000000074e-02
3.000000000000000279e-04
9.130000000000000615e-02
3.000000000000000279e-04
2.660000000000000211e-02
1.800000000000000168e-03
7.920000000000000651e-02
2.400000000000000223e-03
7.150000000000000799e-02
1.000000000000000048e-04
2.400000000000000223e-03
4.000000000000000192e-04
7.599999999999999985e-03
4.000000000000000192e-04
4.000000000000000192e-04
4.000000000000000192e-04
1.600000000000000077e-03
4.000000000000000192e-04
9.000000000000000838e-04
1.600000000000000077e-03
1.330000000000000106e-02
3.600000000000000335e-03
2.600000000000000228e-02
1.000000000000000048e-04
3.000000000000000279e-04
1.600000000000000077e-03
1.500000000000000118e-02
6.999999999999999929e-04
3.700000000000000511e-02
3.000000000000000279e-04
6.000000000000000559e-04
2.000000000000000096e-04
2.000000000000000096e-04
1.700000000000000122e-03
6.000000000000000125e-03
3.500000000000000073e-03
4.100000000000000346e-03
4.000000000000000192e-04
3.590000000000000135e-02
2.000000000000000096e-04
6.000000000000000472e-02
8.000000000000000383e-04
4.630000000000000088e-02
4.200000000000000608e-03
1.470000000000000126e-02
5.599999999999999943e-03
4.300000000000000003e-03
1.200000000000000112e-03
3.000000000000000062e-03
3.000000000000000279e-04
2.370000000000000231e-02
3.700000000000000164e-03
1.899999999999999996e-03
2.200000000000000133e-03
1.609999999999999973e-02
4.000000000000000192e-04
1.300000000000000157e-03
1.200000000000000112e-03
8.000000000000000383e-04
1.000000000000000021e-03
4.520000000000000406e-02
3.900000000000000255e-03
9.499999999999999764e-03
1.399999999999999986e-03
2.700000000000000143e-03
4.599999999999999922e-03
3.900000000000000255e-03
9.000000000000000838e-04
1.240000000000000130e-02
1.000000000000000048e-04
2.970000000000000070e-02
1.000000000000000021e-03
1.530000000000000110e-02
1.000000000000000048e-04
1.430000000000000021e-02
3.000000000000000279e-04
2.299999999999999961e-03
1.100000000000000066e-03
6.100000000000000387e-03
4.700000000000000185e-03
2.880000000000000268e-02
5.000000000000000104e-04
3.710000000000000103e-02
9.000000000000000838e-04
3.500000000000000073e-03
2.000000000000000096e-04
1.410000000000000142e-02
4.000000000000000192e-04
9.400000000000000369e-03
8.000000000000000383e-04
1.179999999999999973e-02
1.000000000000000048e-04
4.130000000000000338e-02
6.000000000000000559e-04
8.400000000000001216e-03
4.800000000000000447e-03
4.710000000000000298e-02
3.000000000000000279e-04
1.690000000000000183e-02
3.799999999999999992e-03
5.000000000000000104e-04
2.600000000000000314e-03
3.799999999999999992e-03
3.600000000000000335e-03
4.350000000000000394e-02
4.000000000000000192e-04
8.500000000000000611e-03
4.000000000000000192e-04
1.400000000000000029e-02
2.299999999999999961e-03
1.290000000000000001e-02
2.000000000000000096e-04
6.500000000000000569e-03
2.000000000000000096e-04
1.240000000000000130e-02
1.200000000000000112e-03
5.000000000000000104e-03
1.100000000000000066e-03
2.000000000000000042e-03
2.000000000000000096e-04
1.470000000000000126e-02
2.000000000000000096e-04
5.170000000000000290e-02
1.000000000000000048e-04
8.000000000000000167e-03
9.000000000000000838e-04
2.840000000000000163e-02
1.000000000000000048e-04
1.312000000000000111e-01
6.000000000000000559e-04
3.200000000000000153e-03
1.000000000000000048e-04
8.140000000000000013e-02
3.400000000000000244e-03
2.170000000000000054e-02
6.999999999999999929e-04
1.319999999999999993e-02
3.000000000000000279e-04
1.540000000000000049e-02
2.000000000000000096e-04
2.639999999999999986e-02
1.300000000000000157e-03
1.500000000000000031e-03
5.200000000000000629e-03
3.400000000000000244e-03
1.600000000000000077e-03
1.729999999999999941e-02
2.000000000000000096e-04
7.770000000000000517e-02
2.000000000000000096e-04
6.770000000000001017e-02
1.000000000000000048e-04
3.070000000000000159e-02
1.000000000000000021e-03
2.050000000000000086e-02
4.200000000000000608e-03
1.630000000000000199e-02
3.000000000000000279e-04
2.590000000000000288e-02
9.000000000000000838e-04
1.700000000000000122e-03
1.000000000000000048e-04
1.200000000000000025e-02
2.000000000000000042e-03
5.520000000000000601e-02
5.000000000000000104e-04
2.370000000000000231e-02
1.000000000000000048e-04
1.390000000000000090e-02
6.000000000000000559e-04
6.170000000000000484e-02
2.000000000000000096e-04
1.729999999999999941e-02
2.000000000000000096e-04
9.100000000000000450e-03
4.000000000000000192e-04
5.400000000000000286e-03
1.600000000000000077e-03
2.000000000000000042e-02
3.000000000000000279e-04
3.099999999999999978e-02
2.900000000000000234e-03
6.599999999999999964e-03
2.299999999999999961e-03
5.000000000000000104e-04
1.100000000000000066e-03
9.000000000000000838e-04
1.700000000000000122e-03
9.100000000000000450e-03
4.000000000000000192e-04
1.399999999999999986e-03
3.000000000000000279e-04
1.549999999999999989e-02
1.000000000000000048e-04
9.000000000000000838e-04
2.000000000000000096e-04
1.500000000000000031e-03
1.000000000000000048e-04
1.779999999999999985e-02
1.200000000000000112e-03
5.800000000000000468e-03
1.800000000000000168e-03
6.000000000000000559e-04
9.000000000000000838e-04
1.860000000000000195e-02
9.000000000000000838e-04
5.279999999999999971e-02
8.000000000000000383e-04
1.210000000000000138e-02
5.000000000000000104e-04
4.590000000000000330e-02
1.200000000000000112e-03
2.480000000000000260e-02
3.200000000000000153e-03
8.400000000000001216e-03
1.200000000000000112e-03
3.870000000000000523e-02
6.999999999999999929e-04
2.120000000000000009e-02
1.000000000000000048e-04
2.100000000000000304e-03
1.200000000000000112e-03
2.510000000000000078e-02
1.399999999999999986e-03
3.459999999999999881e-02
1.000000000000000021e-03
9.199999999999999845e-03
2.400000000000000223e-03
1.880000000000000074e-02
3.000000000000000279e-04
9.130000000000000615e-02
2.000000000000000096e-04
2.670000000000000151e-02
1.800000000000000168e-03
7.920000000000000651e-02
2.400000000000000223e-03
7.150000000000000799e-02
1.000000000000000048e-04
2.400000000000000223e-03
4.000000000000000192e-04
7.599999999999999985e-03
3.000000000000000279e-04
5.000000000000000104e-04
4.000000000000000192e-04
1.600000000000000077e-03
4.000000000000000192e-04
8.000000000000000383e-04
1.700000000000000122e-03
1.330000000000000106e-02
3.600000000000000335e-03
2.590000000000000288e-02
2.000000000000000096e-04
3.000000000000000279e-04
1.600000000000000077e-03
1.500000000000000118e-02
6.999999999999999929e-04
3.700000000000000511e-02
3.000000000000000279e-04
6.000000000000000559e-04
2.000000000000000096e-04
2.000000000000000096e-04
1.700000000000000122e-03
6.000000000000000125e-03
3.400000000000000244e-03
4.200000000000000608e-03
4.000000000000000192e-04
3.590000000000000135e-02
2.000000000000000096e-04
6.000000000000000472e-02
8.000000000000000383e-04
4.630000000000000088e-02
4.200000000000000608e-03
1.470000000000000126e-02
5.599999999999999943e-03
4.300000000000000003e-03
1.100000000000000066e-03
3.100000000000000325e-03
3.000000000000000279e-04
2.370000000000000231e-02
3.700000000000000164e-03
1.899999999999999996e-03
2.100000000000000304e-03
1.619999999999999912e-02
4.000000000000000192e-04
1.300000000000000157e-03
1.200000000000000112e-03
8.000000000000000383e-04
1.000000000000000021e-03
4.520000000000000406e-02
3.900000000000000255e-03
9.400000000000000369e-03
1.500000000000000031e-03
2.700000000000000143e-03
4.599999999999999922e-03
3.900000000000000255e-03
9.000000000000000838e-04
1.240000000000000130e-02
1.000000000000000048e-04
2.970000000000000070e-02
1.000000000000000021e-03
1.519999999999999997e-02
2.000000000000000096e-04
1.430000000000000021e-02
3.000000000000000279e-04
2.299999999999999961e-03
1.000000000000000021e-03
6.200000000000000649e-03
4.700000000000000185e-03
2.880000000000000268e-02
5.000000000000000104e-04
3.710000000000000103e-02
9.000000000000000838e-04
3.500000000000000073e-03
2.000000000000000096e-04
1.410000000000000142e-02
4.000000000000000192e-04
9.300000000000000974e-03
9.000000000000000838e-04
1.170000000000000033e-02
2.000000000000000096e-04
4.130000000000000338e-02
6.000000000000000559e-04
8.300000000000000086e-03
4.899999999999999842e-03
4.710000000000000298e-02
3.000000000000000279e-04
1.690000000000000183e-02
3.799999999999999992e-03
5.000000000000000104e-04
2.600000000000000314e-03
3.799999999999999992e-03
3.600000000000000335e-03
4.350000000000000394e-02
4.000000000000000192e-04
8.500000000000000611e-03
4.000000000000000192e-04
1.400000000000000029e-02
2.299999999999999961e-03
1.290000000000000001e-02
2.000000000000000096e-04
6.500000000000000569e-03
2.000000000000000096e-04
1.240000000000000130e-02
1.200000000000000112e-03
5.000000000000000104e-03
1.000000000000000021e-03
2.100000000000000304e-03
2.000000000000000096e-04
1.470000000000000126e-02
2.000000000000000096e-04
5.170000000000000290e-02
1.000000000000000048e-04
8.000000000000000167e-03
9.000000000000000838e-04
2.840000000000000163e-02
1.000000000000000048e-04
1.312000000000000111e-01
6.000000000000000559e-04
3.200000000000000153e-03
1.000000000000000048e-04
8.140000000000000013e-02
3.400000000000000244e-03
2.170000000000000054e-02
6.999999999999999929e-04
1.319999999999999993e-02
3.000000000000000279e-04
1.540000000000000049e-02
1.000000000000000048e-04
2.650000000000000272e-02
1.300000000000000157e-03
1.500000000000000031e-03
5.200000000000000629e-03
3.400000000000000244e-03
1.600000000000000077e-03
1.729999999999999941e-02
2.000000000000000096e-04
7.770000000000000517e-02
2.000000000000000096e-04
6.770000000000001017e-02
1.000000000000000048e-04
3.070000000000000159e-02
9.000000000000000838e-04
2.060000000000000026e-02
4.200000000000000608e-03
1.630000000000000199e-02
3.000000000000000279e-04
2.580000000000000002e-02
9.000000000000000838e-04
1.800000000000000168e-03
1.000000000000000048e-04
1.190000000000000085e-02
2.100000000000000304e-03
5.520000000000000601e-02
5.000000000000000104e-04
2.370000000000000231e-02
1.000000000000000048e-04
1.390000000000000090e-02
6.000000000000000559e-04
6.170000000000000484e-02
2.000000000000000096e-04
1.729999999999999941e-02
2.000000000000000096e-04
9.100000000000000450e-03
4.000000000000000192e-04
5.400000000000000286e-03
1.600000000000000077e-03
2.000000000000000042e-02
3.000000000000000279e-04
3.099999999999999978e-02
2.900000000000000234e-03
6.599999999999999964e-03
2.299999999999999961e-03
5.000000000000000104e-04
1.100000000000000066e-03
9.000000000000000838e-04
1.700000000000000122e-03
9.100000000000000450e-03
4.000000000000000192e-04
1.300000000000000157e-03
3.000000000000000279e-04
1.560000000000000102e-02
1.000000000000000048e-04
9.000000000000000838e-04
2.000000000000000096e-04
1.500000000000000031e-03
1.000000000000000048e-04
1.779999999999999985e-02
1.200000000000000112e-03
5.800000000000000468e-03
1.800000000000000168e-03
6.000000000000000559e-04
9.000000000000000838e-04
1.860000000000000195e-02
9.000000000000000838e-04
5.279999999999999971e-02
8.000000000000000383e-04
1.200000000000000025e-02
6.000000000000000559e-04
4.590000000000000330e-02
1.200000000000000112e-03
2.480000000000000260e-02
3.200000000000000153e-03
8.400000000000001216e-03
1.200000000000000112e-03
3.870000000000000523e-02
6.999999999999999929e-04
2.120000000000000009e-02
1.000000000000000048e-04
2.100000000000000304e-03
1.200000000000000112e-03
2.510000000000000078e-02
1.399999999999999986e-03
3.459999999999999881e-02
1.000000000000000021e-03
9.199999999999999845e-03
2.400000000000000223e-03
1.870000000000000134e-02
4.000000000000000192e-04
9.130000000000000615e-02
2.000000000000000096e-04
2.670000000000000151e-02
1.800000000000000168e-03
7.920000000000000651e-02
2.299999999999999961e-03
7.150000000000000799e-02
2.000000000000000096e-04
2.400000000000000223e-03
3.000000000000000279e-04
7.700000000000000247e-03
3.000000000000000279e-04
5.000000000000000104e-04
4.000000000000000192e-04
1.600000000000000077e-03
4.000000000000000192e-04
8.000000000000000383e-04
1.700000000000000122e-03
1.330000000000000106e-02
3.600000000000000335e-03
2.590000000000000288e-02
2.000000000000000096e-04
3.000000000000000279e-04
1.600000000000000077e-03
1.500000000000000118e-02
6.999999999999999929e-04
3.700000000000000511e-02
3.000000000000000279e-04
6.000000000000000559e-04
2.000000000000000096e-04
1.000000000000000048e-04
1.800000000000000168e-03
6.000000000000000125e-03
3.400000000000000244e-03
4.200000000000000608e-03
4.000000000000000192e-04
3.590000000000000135e-02
2.000000000000000096e-04
6.000000000000000472e-02
6.999999999999999929e-04
4.640000000000000374e-02
4.200000000000000608e-03
1.470000000000000126e-02
