5.900000000000000383e-02
4.000000000000000192e-04
2.000000000000000042e-03
2.600000000000000314e-03
9.499999999999999764e-03
2.000000000000000096e-04
2.400000000000000223e-03
5.000000000000000104e-04
3.389999999999999958e-02
5.000000000000000104e-04
3.200000000000000153e-03
2.000000000000000096e-04
1.300000000000000157e-03
1.000000000000000021e-03
1.399999999999999986e-03
6.999999999999999929e-04
3.230000000000000232e-02
1.000000000000000021e-03
4.270000000000000184e-02
3.000000000000000279e-04
2.639999999999999986e-02
1.100000000000000066e-03
2.000000000000000096e-04
5.000000000000000104e-04
3.000000000000000279e-04
1.200000000000000112e-03
3.000000000000000279e-04
4.000000000000000192e-04
2.799999999999999972e-03
1.100000000000000066e-03
9.000000000000000838e-04
5.000000000000000104e-04
2.000000000000000096e-04
3.000000000000000279e-04
1.549999999999999989e-02
2.000000000000000096e-04
4.920000000000000068e-02
1.500000000000000031e-03
2.299999999999999961e-03
1.000000000000000048e-04
8.000000000000000383e-04
2.000000000000000096e-04
1.280000000000000061e-02
9.000000000000000838e-04
6.999999999999999929e-04
2.200000000000000133e-03
9.300000000000000974e-03
1.000000000000000048e-04
4.540000000000000285e-02
1.000000000000000048e-04
6.000000000000000472e-02
8.000000000000000383e-04
1.200000000000000025e-02
3.000000000000000279e-04
1.100000000000000066e-03
4.000000000000000192e-04
1.130000000000000102e-02
3.000000000000000279e-04
2.699999999999999969e-02
1.200000000000000112e-03
1.000000000000000048e-04
4.599999999999999922e-03
7.830000000000000848e-02
3.000000000000000279e-04
1.500000000000000118e-02
3.000000000000000279e-04
1.020000000000000073e-02
3.000000000000000279e-04
1.560000000000000102e-02
3.400000000000000244e-03
4.000000000000000192e-04
8.000000000000000383e-04
1.870000000000000134e-02
1.100000000000000066e-03
1.390000000000000090e-02
3.000000000000000279e-04
1.590000000000000094e-02
9.000000000000000838e-04
1.600000000000000077e-03
3.000000000000000279e-04
3.700000000000000511e-02
3.000000000000000279e-04
2.299999999999999961e-03
4.000000000000000192e-04
2.000000000000000042e-02
1.300000000000000157e-03
3.080000000000000099e-02
1.899999999999999996e-03
3.400000000000000244e-03
1.349999999999999985e-02
1.899999999999999996e-03
3.200000000000000153e-03
3.000000000000000279e-04
4.000000000000000192e-04
4.000000000000000192e-04
9.000000000000000838e-04
6.400000000000000307e-03
1.170000000000000033e-02
1.899999999999999996e-03
8.300000000000000086e-03
1.000000000000000021e-03
5.000000000000000104e-04
2.000000000000000096e-04
3.000000000000000062e-03
6.999999999999999929e-04
1.700000000000000122e-03
2.090000000000000191e-02
2.000000000000000096e-04
3.960000000000000325e-02
1.200000000000000112e-03
2.500000000000000052e-03
2.100000000000000304e-03
1.399999999999999986e-03
6.999999999999999929e-04
7.599999999999999985e-03
1.300000000000000157e-03
4.200000000000000608e-03
2.200000000000000133e-03
2.420000000000000276e-02
3.500000000000000073e-03
2.000000000000000096e-04
1.700000000000000122e-03
1.290000000000000001e-02
4.000000000000000192e-04
1.089999999999999997e-02
2.000000000000000096e-04
4.599999999999999922e-03
6.000000000000000559e-04
3.600000000000000335e-03
3.100000000000000325e-03
2.150000000000000175e-02
4.300000000000000003e-03
4.000000000000000192e-04
2.000000000000000096e-04
4.599999999999999922e-03
1.000000000000000048e-04
5.700000000000000205e-03
1.000000000000000048e-04
1.300000000000000157e-03
2.000000000000000042e-03
2.570000000000000062e-02
3.000000000000000279e-04
1.399999999999999986e-03
1.000000000000000048e-04
5.800000000000000468e-03
2.000000000000000096e-04
3.200000000000000153e-03
3.299999999999999982e-03
1.255000000000000004e-01
2.000000000000000096e-04
2.270000000000000143e-02
5.000000000000000104e-04
1.000000000000000021e-02
1.800000000000000168e-03
3.299999999999999982e-03
3.000000000000000062e-03
8.800000000000000530e-03
3.000000000000000279e-04
5.000000000000000104e-04
1.800000000000000168e-03
3.289999999999999869e-02
6.000000000000000559e-04
2.040000000000000147e-02
2.000000000000000096e-04
7.100000000000000408e-03
5.000000000000000104e-04
1.000000000000000048e-04
1.000000000000000021e-03
1.800000000000000211e-02
1.000000000000000048e-04
2.050000000000000086e-02
4.000000000000000192e-04
6.500000000000000569e-03
8.800000000000000530e-03
2.100000000000000304e-03
6.300000000000000044e-03
1.300000000000000157e-03
3.799999999999999992e-03
9.900000000000000813e-03
4.400000000000000265e-03
2.189999999999999933e-02
4.000000000000000192e-04
1.200000000000000025e-02
1.000000000000000048e-04
6.110000000000000153e-02
1.700000000000000122e-03
5.899999999999999863e-03
2.000000000000000042e-03
5.599999999999999943e-03
4.000000000000000192e-04
4.259999999999999898e-02
2.400000000000000223e-03
1.030000000000000013e-02
5.000000000000000104e-04
6.620000000000000884e-02
2.799999999999999972e-03
2.040000000000000147e-02
4.000000000000000192e-04
5.300000000000000024e-03
3.000000000000000279e-04
1.700000000000000122e-03
4.000000000000000192e-04
8.000000000000000383e-04
3.000000000000000062e-03
3.799999999999999992e-03
3.200000000000000153e-03
1.340000000000000045e-02
4.000000000000000192e-04
1.070000000000000118e-02
6.999999999999999929e-04
6.599999999999999964e-03
1.200000000000000112e-03
3.100000000000000325e-03
2.299999999999999961e-03
7.300000000000000065e-03
1.399999999999999986e-03
2.900000000000000234e-03
1.430000000000000021e-02
1.319999999999999993e-02
6.999999999999999929e-04
2.570000000000000062e-02
1.300000000000000157e-03
1.390000000000000090e-02
6.000000000000000559e-04
1.200000000000000112e-03
6.999999999999999929e-04
1.270000000000000122e-02
4.000000000000000083e-03
1.770000000000000046e-02
6.999999999999999929e-04
5.700000000000000205e-03
9.000000000000000838e-04
2.900000000000000234e-03
6.700000000000000226e-03
2.980000000000000010e-02
5.000000000000000104e-04
1.700000000000000122e-03
4.400000000000000265e-03
2.129999999999999949e-02
1.300000000000000157e-03
1.100000000000000066e-03
1.100000000000000066e-03
2.189999999999999933e-02
6.999999999999999929e-04
1.789999999999999925e-02
5.000000000000000104e-04
1.669999999999999957e-02
1.100000000000000066e-03
2.189999999999999933e-02
3.000000000000000279e-04
1.179999999999999973e-02
8.700000000000001135e-03
4.800000000000000447e-03
1.000000000000000021e-03
4.000000000000000192e-04
5.500000000000000548e-03
6.400000000000000307e-03
1.800000000000000168e-03
2.900000000000000234e-03
3.600000000000000335e-03
4.899999999999999842e-03
6.000000000000000559e-04
2.600000000000000314e-03
6.999999999999999929e-04
2.069999999999999965e-02
1.000000000000000021e-03
2.000000000000000096e-04
1.300000000000000157e-03
3.000000000000000279e-04
8.200000000000000691e-03
2.299999999999999961e-03
1.200000000000000112e-03
3.559999999999999970e-02
1.200000000000000112e-03
1.430000000000000021e-02
2.299999999999999961e-03
2.600000000000000228e-02
2.100000000000000304e-03
2.210000000000000159e-02
1.899999999999999996e-03
1.500000000000000031e-03
6.999999999999999929e-04
5.800000000000000468e-03
2.500000000000000052e-03
4.330000000000000515e-02
2.000000000000000096e-04
5.300000000000000024e-03
2.200000000000000133e-03
3.000000000000000279e-04
1.800000000000000168e-03
3.000000000000000279e-04
3.500000000000000073e-03
8.000000000000000383e-04
1.700000000000000122e-03
4.000000000000000192e-04
1.190000000000000085e-02
6.700000000000000226e-03
9.000000000000000838e-04
7.400000000000000328e-03
5.000000000000000104e-04
2.160000000000000114e-02
1.000000000000000021e-03
9.100000000000000450e-03
4.300000000000000003e-03
5.200000000000000629e-03
8.000000000000000383e-04
3.900000000000000255e-03
5.000000000000000104e-04
6.500000000000000569e-03
6.999999999999999929e-04
1.010000000000000134e-02
1.000000000000000048e-04
6.300000000000000044e-03
4.000000000000000192e-04
5.599999999999999943e-03
5.000000000000000104e-04
5.100000000000000366e-03
3.000000000000000062e-03
4.300000000000000003e-03
3.799999999999999992e-03
1.590000000000000094e-02
6.999999999999999929e-04
3.790000000000000313e-02
1.100000000000000066e-03
2.150000000000000175e-02
6.999999999999999929e-04
6.200000000000000649e-03
5.000000000000000104e-04
5.000000000000000104e-04
1.399999999999999986e-03
2.510000000000000078e-02
6.000000000000000559e-04
7.400000000000000328e-03
3.000000000000000062e-03
6.350000000000000089e-02
5.000000000000000104e-04
2.000000000000000042e-03
2.600000000000000314e-03
9.499999999999999764e-03
2.000000000000000096e-04
2.400000000000000223e-03
5.000000000000000104e-04
3.380000000000000365e-02
6.000000000000000559e-04
3.200000000000000153e-03
1.000000000000000048e-04
1.399999999999999986e-03
1.000000000000000021e-03
1.399999999999999986e-03
6.999999999999999929e-04
3.230000000000000232e-02
1.000000000000000021e-03
4.259999999999999898e-02
4.000000000000000192e-04
2.630000000000000046e-02
1.200000000000000112e-03
2.000000000000000096e-04
5.000000000000000104e-04
3.000000000000000279e-04
1.200000000000000112e-03
3.000000000000000279e-04
4.000000000000000192e-04
2.799999999999999972e-03
1.100000000000000066e-03
9.000000000000000838e-04
5.000000000000000104e-04
2.000000000000000096e-04
3.000000000000000279e-04
1.549999999999999989e-02
2.000000000000000096e-04
4.920000000000000068e-02
1.500000000000000031e-03
2.299999999999999961e-03
1.000000000000000048e-04
8.000000000000000383e-04
2.000000000000000096e-04
1.280000000000000061e-02
9.000000000000000838e-04
6.999999999999999929e-04
2.200000000000000133e-03
9.300000000000000974e-03
1.000000000000000048e-04
4.540000000000000285e-02
1.000000000000000048e-04
5.990000000000000185e-02
9.000000000000000838e-04
1.200000000000000025e-02
3.000000000000000279e-04
1.000000000000000021e-03
4.000000000000000192e-04
1.140000000000000041e-02
3.000000000000000279e-04
2.690000000000000030e-02
1.300000000000000157e-03
1.000000000000000048e-04
4.599999999999999922e-03
7.820000000000000562e-02
4.000000000000000192e-04
1.500000000000000118e-02
3.000000000000000279e-04
1.020000000000000073e-02
3.000000000000000279e-04
1.549999999999999989e-02
3.500000000000000073e-03
4.000000000000000192e-04
8.000000000000000383e-04
1.870000000000000134e-02
1.100000000000000066e-03
1.390000000000000090e-02
2.000000000000000096e-04
1.600000000000000033e-02
9.000000000000000838e-04
1.600000000000000077e-03
3.000000000000000279e-04
3.700000000000000511e-02
3.000000000000000279e-04
2.299999999999999961e-03
4.000000000000000192e-04
2.000000000000000042e-02
1.300000000000000157e-03
3.070000000000000159e-02
2.000000000000000042e-03
3.400000000000000244e-03
1.349999999999999985e-02
1.899999999999999996e-03
3.200000000000000153e-03
3.000000000000000279e-04
4.000000000000000192e-04
4.000000000000000192e-04
9.000000000000000838e-04
6.400000000000000307e-03
1.170000000000000033e-02
1.899999999999999996e-03
8.300000000000000086e-03
1.000000000000000021e-03
5.000000000000000104e-04
2.000000000000000096e-04
3.000000000000000062e-03
6.999999999999999929e-04
1.700000000000000122e-03
2.090000000000000191e-02
2.000000000000000096e-04
3.950000000000000039e-02
1.300000000000000157e-03
2.500000000000000052e-03
2.100000000000000304e-03
1.399999999999999986e-03
6.999999999999999929e-04
7.599999999999999985e-03
1.300000000000000157e-03
4.200000000000000608e-03
2.200000000000000133e-03
2.420000000000000276e-02
3.500000000000000073e-03
2.000000000000000096e-04
1.700000000000000122e-03
1.290000000000000001e-02
4.000000000000000192e-04
1.089999999999999997e-02
2.000000000000000096e-04
4.599999999999999922e-03
6.000000000000000559e-04
3.600000000000000335e-03
3.100000000000000325e-03
2.150000000000000175e-02
4.300000000000000003e-03
4.000000000000000192e-04
1.000000000000000048e-04
4.700000000000000185e-03
1.000000000000000048e-04
5.700000000000000205e-03
1.000000000000000048e-04
1.300000000000000157e-03
2.000000000000000042e-03
2.570000000000000062e-02
3.000000000000000279e-04
1.399999999999999986e-03
1.000000000000000048e-04
5.800000000000000468e-03
2.000000000000000096e-04
3.200000000000000153e-03
3.299999999999999982e-03
1.255000000000000004e-01
2.000000000000000096e-04
2.270000000000000143e-02
5.000000000000000104e-04
9.900000000000000813e-03
1.899999999999999996e-03
3.200000000000000153e-03
3.000000000000000062e-03
8.899999999999999925e-03
3.000000000000000279e-04
5.000000000000000104e-04
1.800000000000000168e-03
3.289999999999999869e-02
6.000000000000000559e-04
2.040000000000000147e-02
1.000000000000000048e-04
7.200000000000000670e-03
5.000000000000000104e-04
1.000000000000000048e-04
1.000000000000000021e-03
1.800000000000000211e-02
1.000000000000000048e-04
2.050000000000000086e-02
4.000000000000000192e-04
6.500000000000000569e-03
8.800000000000000530e-03
2.100000000000000304e-03
6.300000000000000044e-03
1.300000000000000157e-03
3.799999999999999992e-03
9.900000000000000813e-03
4.400000000000000265e-03
2.189999999999999933e-02
4.000000000000000192e-04
1.200000000000000025e-02
1.000000000000000048e-04
6.110000000000000153e-02
1.700000000000000122e-03
5.899999999999999863e-03
2.000000000000000042e-03
5.500000000000000548e-03
5.000000000000000104e-04
4.259999999999999898e-02
2.299999999999999961e-03
1.040000000000000126e-02
5.000000000000000104e-04
6.610000000000000597e-02
2.900000000000000234e-03
2.030000000000000207e-02
5.000000000000000104e-04
5.200000000000000629e-03
4.000000000000000192e-04
1.700000000000000122e-03
4.000000000000000192e-04
8.000000000000000383e-04
3.000000000000000062e-03
3.799999999999999992e-03
3.200000000000000153e-03
1.340000000000000045e-02
4.000000000000000192e-04
1.070000000000000118e-02
6.999999999999999929e-04
6.599999999999999964e-03
1.200000000000000112e-03
3.100000000000000325e-03
2.299999999999999961e-03
7.300000000000000065e-03
1.399999999999999986e-03
2.900000000000000234e-03
1.430000000000000021e-02
1.310000000000000053e-02
6.999999999999999929e-04
2.580000000000000002e-02
1.300000000000000157e-03
1.390000000000000090e-02
6.000000000000000559e-04
1.200000000000000112e-03
6.999999999999999929e-04
1.270000000000000122e-02
4.000000000000000083e-03
1.760000000000000106e-02
8.000000000000000383e-04
5.700000000000000205e-03
9.000000000000000838e-04
2.900000000000000234e-03
6.700000000000000226e-03
2.980000000000000010e-02
5.000000000000000104e-04
1.700000000000000122e-03
4.400000000000000265e-03
2.129999999999999949e-02
1.300000000000000157e-03
1.100000000000000066e-03
1.100000000000000066e-03
2.189999999999999933e-02
6.000000000000000559e-04
1.800000000000000211e-02
5.000000000000000104e-04
1.669999999999999957e-02
1.000000000000000021e-03
2.200000000000000219e-02
3.000000000000000279e-04
1.179999999999999973e-02
8.600000000000000006e-03
4.899999999999999842e-03
1.000000000000000021e-03
4.000000000000000192e-04
5.500000000000000548e-03
6.400000000000000307e-03
1.800000000000000168e-03
2.900000000000000234e-03
3.600000000000000335e-03
4.899999999999999842e-03
6.000000000000000559e-04
2.600000000000000314e-03
6.000000000000000559e-04
2.080000000000000251e-02
1.000000000000000021e-03
2.000000000000000096e-04
1.300000000000000157e-03
3.000000000000000279e-04
8.200000000000000691e-03
2.299999999999999961e-03
1.100000000000000066e-03
3.570000000000000256e-02
1.200000000000000112e-03
1.430000000000000021e-02
2.299999999999999961e-03
2.600000000000000228e-02
2.100000000000000304e-03
2.210000000000000159e-02
1.899999999999999996e-03
1.500000000000000031e-03
6.999999999999999929e-04
5.800000000000000468e-03
2.400000000000000223e-03
4.340000000000000108e-02
2.000000000000000096e-04
5.300000000000000024e-03
2.200000000000000133e-03
3.000000000000000279e-04
1.800000000000000168e-03
3.000000000000000279e-04
3.500000000000000073e-03
8.000000000000000383e-04
1.700000000000000122e-03
4.000000000000000192e-04
1.179999999999999973e-02
6.800000000000000488e-03
9.000000000000000838e-04
7.400000000000000328e-03
5.000000000000000104e-04
2.160000000000000114e-02
1.000000000000000021e-03
9.100000000000000450e-03
4.300000000000000003e-03
5.200000000000000629e-03
8.000000000000000383e-04
3.799999999999999992e-03
6.000000000000000559e-04
6.500000000000000569e-03
6.999999999999999929e-04
1.010000000000000134e-02
1.000000000000000048e-04
6.300000000000000044e-03
4.000000000000000192e-04
5.599999999999999943e-03
5.000000000000000104e-04
5.100000000000000366e-03
3.000000000000000062e-03
4.300000000000000003e-03
3.799999999999999992e-03
1.590000000000000094e-02
6.999999999999999929e-04
3.790000000000000313e-02
1.100000000000000066e-03
2.150000000000000175e-02
6.999999999999999929e-04
6.200000000000000649e-03
4.000000000000000192e-04
6.000000000000000559e-04
1.399999999999999986e-03
2.500000000000000139e-02
6.999999999999999929e-04
7.300000000000000065e-03
3.100000000000000325e-03
6.350000000000000089e-02
5.000000000000000104e-04
2.000000000000000042e-03
2.500000000000000052e-03
9.499999999999999764e-03
3.000000000000000279e-04
2.400000000000000223e-03
5.000000000000000104e-04
3.380000000000000365e-02
6.000000000000000559e-04
3.200000000000000153e-03
1.000000000000000048e-04
1.399999999999999986e-03
1.000000000000000021e-03
1.399999999999999986e-03
6.999999999999999929e-04
3.230000000000000232e-02
9.000000000000000838e-04
4.270000000000000184e-02
4.000000000000000192e-04
2.630000000000000046e-02
1.200000000000000112e-03
2.000000000000000096e-04
5.000000000000000104e-04
3.000000000000000279e-04
1.200000000000000112e-03
3.000000000000000279e-04
4.000000000000000192e-04
2.799999999999999972e-03
1.100000000000000066e-03
9.000000000000000838e-04
5.000000000000000104e-04
2.000000000000000096e-04
3.000000000000000279e-04
1.540000000000000049e-02
3.000000000000000279e-04
4.910000000000000475e-02
1.600000000000000077e-03
2.299999999999999961e-03
1.000000000000000048e-04
8.000000000000000383e-04
2.000000000000000096e-04
1.280000000000000061e-02
9.000000000000000838e-04
6.999999999999999929e-04
2.100000000000000304e-03
9.300000000000000974e-03
2.000000000000000096e-04
4.540000000000000285e-02
1.000000000000000048e-04
5.990000000000000185e-02
9.000000000000000838e-04
1.200000000000000025e-02
3.000000000000000279e-04
1.000000000000000021e-03
4.000000000000000192e-04
1.140000000000000041e-02
3.000000000000000279e-04
2.690000000000000030e-02
1.300000000000000157e-03
1.000000000000000048e-04
4.500000000000000527e-03
7.830000000000000848e-02
4.000000000000000192e-04
1.500000000000000118e-02
3.000000000000000279e-04
1.010000000000000134e-02
4.000000000000000192e-04
1.549999999999999989e-02
3.500000000000000073e-03
4.000000000000000192e-04
6.999999999999999929e-04
1.880000000000000074e-02
1.100000000000000066e-03
1.390000000000000090e-02
2.000000000000000096e-04
1.600000000000000033e-02
9.000000000000000838e-04
1.600000000000000077e-03
3.000000000000000279e-04
3.700000000000000511e-02
3.000000000000000279e-04
2.299999999999999961e-03
4.000000000000000192e-04
2.000000000000000042e-02
1.300000000000000157e-03
3.070000000000000159e-02
1.899999999999999996e-03
3.500000000000000073e-03
1.349999999999999985e-02
1.899999999999999996e-03
3.200000000000000153e-03
3.000000000000000279e-04
4.000000000000000192e-04
4.000000000000000192e-04
9.000000000000000838e-04
6.400000000000000307e-03
1.170000000000000033e-02
1.899999999999999996e-03
8.300000000000000086e-03
1.000000000000000021e-03
5.000000000000000104e-04
2.000000000000000096e-04
3.000000000000000062e-03
6.999999999999999929e-04
1.700000000000000122e-03
2.090000000000000191e-02
2.000000000000000096e-04
3.950000000000000039e-02
1.300000000000000157e-03
2.500000000000000052e-03
2.100000000000000304e-03
1.300000000000000157e-03
8.000000000000000383e-04
7.599999999999999985e-03
1.300000000000000157e-03
4.200000000000000608e-03
2.100000000000000304e-03
2.430000000000000215e-02
3.500000000000000073e-03
2.000000000000000096e-04
1.700000000000000122e-03
1.290000000000000001e-02
4.000000000000000192e-04
1.089999999999999997e-02
2.000000000000000096e-04
4.599999999999999922e-03
6.000000000000000559e-04
3.600000000000000335e-03
3.100000000000000325e-03
2.150000000000000175e-02
4.300000000000000003e-03
4.000000000000000192e-04
1.000000000000000048e-04
4.599999999999999922e-03
2.000000000000000096e-04
5.599999999999999943e-03
2.000000000000000096e-04
1.300000000000000157e-03
2.000000000000000042e-03
2.570000000000000062e-02
3.000000000000000279e-04
1.300000000000000157e-03
2.000000000000000096e-04
5.800000000000000468e-03
2.000000000000000096e-04
3.200000000000000153e-03
3.299999999999999982e-03
1.255000000000000004e-01
2.000000000000000096e-04
2.270000000000000143e-02
5.000000000000000104e-04
9.900000000000000813e-03
1.800000000000000168e-03
3.299999999999999982e-03
3.000000000000000062e-03
8.899999999999999925e-03
3.000000000000000279e-04
5.000000000000000104e-04
1.800000000000000168e-03
3.289999999999999869e-02
6.000000000000000559e-04
2.040000000000000147e-02
1.000000000000000048e-04
7.200000000000000670e-03
5.000000000000000104e-04
1.000000000000000048e-04
1.000000000000000021e-03
3.860000000000000236e-02
4.000000000000000192e-04
6.500000000000000569e-03
8.800000000000000530e-03
2.000000000000000042e-03
6.400000000000000307e-03
1.300000000000000157e-03
3.799999999999999992e-03
9.900000000000000813e-03
4.300000000000000003e-03
2.200000000000000219e-02
4.000000000000000192e-04
1.200000000000000025e-02
1.000000000000000048e-04
6.100000000000000561e-02
1.800000000000000168e-03
5.899999999999999863e-03
2.000000000000000042e-03
5.500000000000000548e-03
5.000000000000000104e-04
4.259999999999999898e-02
2.299999999999999961e-03
1.040000000000000126e-02
5.000000000000000104e-04
6.610000000000000597e-02
2.900000000000000234e-03
2.030000000000000207e-02
5.000000000000000104e-04
5.200000000000000629e-03
4.000000000000000192e-04
1.700000000000000122e-03
4.000000000000000192e-04
8.000000000000000383e-04
3.000000000000000062e-03
3.700000000000000164e-03
3.299999999999999982e-03
1.340000000000000045e-02
4.000000000000000192e-04
1.070000000000000118e-02
6.999999999999999929e-04
6.599999999999999964e-03
1.100000000000000066e-03
3.200000000000000153e-03
2.299999999999999961e-03
7.300000000000000065e-03
1.399999999999999986e-03
2.900000000000000234e-03
1.420000000000000082e-02
1.319999999999999993e-02
6.999999999999999929e-04
2.580000000000000002e-02
1.300000000000000157e-03
1.390000000000000090e-02
6.000000000000000559e-04
1.200000000000000112e-03
6.999999999999999929e-04
1.270000000000000122e-02
4.000000000000000083e-03
1.760000000000000106e-02
8.000000000000000383e-04
5.700000000000000205e-03
9.000000000000000838e-04
2.900000000000000234e-03
6.700000000000000226e-03
2.980000000000000010e-02
5.000000000000000104e-04
1.700000000000000122e-03
4.300000000000000003e-03
2.140000000000000235e-02
1.300000000000000157e-03
1.100000000000000066e-03
1.100000000000000066e-03
2.189999999999999933e-02
6.000000000000000559e-04
1.800000000000000211e-02
5.000000000000000104e-04
1.669999999999999957e-02
1.000000000000000021e-03
2.189999999999999933e-02
4.000000000000000192e-04
1.179999999999999973e-02
8.600000000000000006e-03
4.899999999999999842e-03
1.000000000000000021e-03
3.000000000000000279e-04
5.599999999999999943e-03
6.400000000000000307e-03
1.800000000000000168e-03
2.900000000000000234e-03
3.600000000000000335e-03
4.899999999999999842e-03
6.000000000000000559e-04
2.600000000000000314e-03
6.000000000000000559e-04
2.080000000000000251e-02
1.000000000000000021e-03
2.000000000000000096e-04
1.300000000000000157e-03
3.000000000000000279e-04
8.200000000000000691e-03
2.299999999999999961e-03
1.100000000000000066e-03
3.570000000000000256e-02
1.200000000000000112e-03
1.430000000000000021e-02
2.299999999999999961e-03
2.600000000000000228e-02
2.000000000000000042e-03
2.220000000000000098e-02
1.899999999999999996e-03
1.500000000000000031e-03
6.999999999999999929e-04
5.700000000000000205e-03
2.500000000000000052e-03
4.340000000000000108e-02
2.000000000000000096e-04
5.200000000000000629e-03
2.299999999999999961e-03
3.000000000000000279e-04
1.800000000000000168e-03
3.000000000000000279e-04
3.500000000000000073e-03
8.000000000000000383e-04
1.600000000000000077e-03
5.000000000000000104e-04
1.179999999999999973e-02
6.800000000000000488e-03
9.000000000000000838e-04
7.300000000000000065e-03
6.000000000000000559e-04
2.160000000000000114e-02
1.000000000000000021e-03
9.100000000000000450e-03
4.300000000000000003e-03
5.200000000000000629e-03
6.999999999999999929e-04
3.900000000000000255e-03
6.000000000000000559e-04
6.500000000000000569e-03
6.999999999999999929e-04
1.650000000000000078e-02
3.000000000000000279e-04
5.700000000000000205e-03
5.000000000000000104e-04
5.100000000000000366e-03
3.000000000000000062e-03
4.300000000000000003e-03
3.799999999999999992e-03
1.590000000000000094e-02
6.999999999999999929e-04
3.790000000000000313e-02
1.100000000000000066e-03
2.150000000000000175e-02
6.999999999999999929e-04
6.200000000000000649e-03
4.000000000000000192e-04
6.000000000000000559e-04
1.300000000000000157e-03
2.510000000000000078e-02
6.000000000000000559e-04
7.400000000000000328e-03
3.100000000000000325e-03
6.350000000000000089e-02
5.000000000000000104e-04
2.000000000000000042e-03
2.500000000000000052e-03
9.499999999999999764e-03
2.000000000000000096e-04
2.400000000000000223e-03
6.000000000000000559e-04
3.380000000000000365e-02
6.000000000000000559e-04
3.100000000000000325e-03
2.000000000000000096e-04
1.399999999999999986e-03
1.000000000000000021e-03
1.399999999999999986e-03
6.999999999999999929e-04
3.230000000000000232e-02
9.000000000000000838e-04
4.270000000000000184e-02
4.000000000000000192e-04
2.630000000000000046e-02
1.100000000000000066e-03
3.000000000000000279e-04
5.000000000000000104e-04
3.000000000000000279e-04
1.200000000000000112e-03
3.000000000000000279e-04
4.000000000000000192e-04
2.799999999999999972e-03
1.100000000000000066e-03
9.000000000000000838e-04
4.000000000000000192e-04
3.000000000000000279e-04
3.000000000000000279e-04
1.540000000000000049e-02
3.000000000000000279e-04
4.910000000000000475e-02
1.600000000000000077e-03
2.299999999999999961e-03
1.000000000000000048e-04
8.000000000000000383e-04
2.000000000000000096e-04
1.280000000000000061e-02
8.000000000000000383e-04
6.999999999999999929e-04
2.200000000000000133e-03
9.300000000000000974e-03
2.000000000000000096e-04
4.540000000000000285e-02
1.000000000000000048e-04
5.990000000000000185e-02
8.000000000000000383e-04
1.210000000000000138e-02
3.000000000000000279e-04
1.000000000000000021e-03
4.000000000000000192e-04
1.140000000000000041e-02
2.000000000000000096e-04
2.699999999999999969e-02
1.300000000000000157e-03
1.000000000000000048e-04
4.500000000000000527e-03
2.600000000000000314e-03
1.000000000000000048e-04
7.560000000000000053e-02
4.000000000000000192e-04
1.500000000000000118e-02
3.000000000000000279e-04
1.010000000000000134e-02
4.000000000000000192e-04
1.549999999999999989e-02
3.500000000000000073e-03
4.000000000000000192e-04
6.999999999999999929e-04
1.870000000000000134e-02
1.200000000000000112e-03
1.390000000000000090e-02
2.000000000000000096e-04
7.900000000000000772e-03
1.000000000000000048e-04
7.900000000000000772e-03
1.000000000000000021e-03
1.500000000000000031e-03
4.000000000000000192e-04
3.690000000000000224e-02
4.000000000000000192e-04
2.299999999999999961e-03
4.000000000000000192e-04
2.000000000000000042e-02
1.300000000000000157e-03
3.070000000000000159e-02
1.899999999999999996e-03
3.500000000000000073e-03
1.349999999999999985e-02
1.899999999999999996e-03
3.200000000000000153e-03
3.000000000000000279e-04
4.000000000000000192e-04
4.000000000000000192e-04
9.000000000000000838e-04
6.400000000000000307e-03
1.170000000000000033e-02
1.899999999999999996e-03
8.300000000000000086e-03
1.000000000000000021e-03
5.000000000000000104e-04
2.000000000000000096e-04
2.900000000000000234e-03
8.000000000000000383e-04
1.700000000000000122e-03
2.090000000000000191e-02
2.000000000000000096e-04
3.950000000000000039e-02
1.300000000000000157e-03
2.500000000000000052e-03
2.100000000000000304e-03
1.300000000000000157e-03
6.999999999999999929e-04
7.700000000000000247e-03
1.300000000000000157e-03
4.100000000000000346e-03
2.200000000000000133e-03
2.430000000000000215e-02
3.500000000000000073e-03
2.000000000000000096e-04
1.700000000000000122e-03
1.290000000000000001e-02
4.000000000000000192e-04
1.089999999999999997e-02
2.000000000000000096e-04
4.599999999999999922e-03
6.000000000000000559e-04
3.500000000000000073e-03
3.200000000000000153e-03
2.150000000000000175e-02
4.300000000000000003e-03
4.000000000000000192e-04
1.000000000000000048e-04
4.599999999999999922e-03
2.000000000000000096e-04
5.599999999999999943e-03
2.000000000000000096e-04
1.300000000000000157e-03
2.000000000000000042e-03
2.570000000000000062e-02
3.000000000000000279e-04
1.300000000000000157e-03
2.000000000000000096e-04
5.800000000000000468e-03
2.000000000000000096e-04
3.100000000000000325e-03
3.400000000000000244e-03
1.254000000000000115e-01
3.000000000000000279e-04
2.270000000000000143e-02
5.000000000000000104e-04
9.900000000000000813e-03
1.800000000000000168e-03
3.299999999999999982e-03
3.000000000000000062e-03
8.899999999999999925e-03
3.000000000000000279e-04
5.000000000000000104e-04
1.800000000000000168e-03
3.289999999999999869e-02
5.000000000000000104e-04
2.050000000000000086e-02
1.000000000000000048e-04
7.200000000000000670e-03
5.000000000000000104e-04
1.000000000000000048e-04
1.000000000000000021e-03
3.860000000000000236e-02
4.000000000000000192e-04
6.500000000000000569e-03
8.800000000000000530e-03
2.000000000000000042e-03
6.400000000000000307e-03
1.200000000000000112e-03
3.900000000000000255e-03
9.900000000000000813e-03
4.300000000000000003e-03
2.200000000000000219e-02
4.000000000000000192e-04
1.200000000000000025e-02
1.000000000000000048e-04
6.100000000000000561e-02
1.800000000000000168e-03
5.899999999999999863e-03
2.000000000000000042e-03
5.500000000000000548e-03
5.000000000000000104e-04
4.259999999999999898e-02
2.299999999999999961e-03
1.040000000000000126e-02
5.000000000000000104e-04
6.610000000000000597e-02
2.799999999999999972e-03
2.040000000000000147e-02
5.000000000000000104e-04
5.200000000000000629e-03
4.000000000000000192e-04
1.700000000000000122e-03
4.000000000000000192e-04
8.000000000000000383e-04
3.000000000000000062e-03
3.700000000000000164e-03
3.200000000000000153e-03
1.349999999999999985e-02
4.000000000000000192e-04
1.070000000000000118e-02
6.999999999999999929e-04
6.599999999999999964e-03
1.100000000000000066e-03
3.100000000000000325e-03
2.400000000000000223e-03
7.300000000000000065e-03
1.399999999999999986e-03
2.900000000000000234e-03
1.420000000000000082e-02
1.319999999999999993e-02
6.999999999999999929e-04
2.580000000000000002e-02
1.200000000000000112e-03
1.400000000000000029e-02
6.000000000000000559e-04
1.200000000000000112e-03
6.999999999999999929e-04
1.270000000000000122e-02
4.000000000000000083e-03
1.760000000000000106e-02
8.000000000000000383e-04
5.700000000000000205e-03
8.000000000000000383e-04
3.000000000000000062e-03
6.700000000000000226e-03
2.980000000000000010e-02
5.000000000000000104e-04
1.600000000000000077e-03
4.400000000000000265e-03
2.140000000000000235e-02
1.300000000000000157e-03
1.100000000000000066e-03
1.000000000000000021e-03
2.189999999999999933e-02
6.999999999999999929e-04
1.800000000000000211e-02
4.000000000000000192e-04
1.680000000000000243e-02
1.000000000000000021e-03
2.189999999999999933e-02
4.000000000000000192e-04
1.179999999999999973e-02
8.600000000000000006e-03
4.899999999999999842e-03
1.000000000000000021e-03
3.000000000000000279e-04
5.599999999999999943e-03
6.400000000000000307e-03
1.800000000000000168e-03
2.900000000000000234e-03
3.600000000000000335e-03
4.899999999999999842e-03
6.000000000000000559e-04
2.600000000000000314e-03
6.000000000000000559e-04
2.080000000000000251e-02
1.000000000000000021e-03
2.000000000000000096e-04
1.300000000000000157e-03
3.000000000000000279e-04
8.200000000000000691e-03
2.299999999999999961e-03
1.100000000000000066e-03
3.570000000000000256e-02
1.100000000000000066e-03
1.440000000000000134e-02
2.299999999999999961e-03
2.600000000000000228e-02
2.000000000000000042e-03
2.220000000000000098e-02
1.899999999999999996e-03
1.500000000000000031e-03
6.999999999999999929e-04
5.700000000000000205e-03
2.500000000000000052e-03
4.340000000000000108e-02
2.000000000000000096e-04
5.200000000000000629e-03
2.299999999999999961e-03
2.000000000000000096e-04
1.899999999999999996e-03
3.000000000000000279e-04
3.500000000000000073e-03
8.000000000000000383e-04
1.600000000000000077e-03
5.000000000000000104e-04
1.179999999999999973e-02
6.800000000000000488e-03
9.000000000000000838e-04
7.300000000000000065e-03
6.000000000000000559e-04
2.160000000000000114e-02
1.000000000000000021e-03
9.100000000000000450e-03
4.300000000000000003e-03
5.200000000000000629e-03
6.999999999999999929e-04
3.900000000000000255e-03
6.000000000000000559e-04
6.500000000000000569e-03
6.999999999999999929e-04
1.650000000000000078e-02
3.000000000000000279e-04
5.700000000000000205e-03
5.000000000000000104e-04
5.100000000000000366e-03
3.000000000000000062e-03
4.300000000000000003e-03
3.799999999999999992e-03
1.590000000000000094e-02
6.999999999999999929e-04
3.790000000000000313e-02
1.000000000000000021e-03
2.160000000000000114e-02
6.000000000000000559e-04
6.300000000000000044e-03
4.000000000000000192e-04
6.000000000000000559e-04
1.300000000000000157e-03
2.510000000000000078e-02
6.000000000000000559e-04
7.400000000000000328e-03
3.100000000000000325e-03
6.350000000000000089e-02
5.000000000000000104e-04
2.000000000000000042e-03
2.500000000000000052e-03
9.499999999999999764e-03
2.000000000000000096e-04
2.400000000000000223e-03
6.000000000000000559e-04
3.380000000000000365e-02
6.000000000000000559e-04
3.100000000000000325e-03
2.000000000000000096e-04
1.399999999999999986e-03
1.000000000000000021e-03
1.399999999999999986e-03
6.999999999999999929e-04
3.230000000000000232e-02
9.000000000000000838e-04
4.270000000000000184e-02
4.000000000000000192e-04
2.630000000000000046e-02
1.100000000000000066e-03
3.000000000000000279e-04
5.000000000000000104e-04
3.000000000000000279e-04
3.000000000000000279e-04
1.000000000000000048e-04
6.999999999999999929e-04
4.000000000000000192e-04
4.000000000000000192e-04
2.799999999999999972e-03
1.100000000000000066e-03
9.000000000000000838e-04
4.000000000000000192e-04
3.000000000000000279e-04
2.000000000000000096e-04
1.549999999999999989e-02
2.000000000000000096e-04
4.920000000000000068e-02
1.600000000000000077e-03
2.299999999999999961e-03
1.000000000000000048e-04
8.000000000000000383e-04
2.000000000000000096e-04
1.280000000000000061e-02
8.000000000000000383e-04
6.999999999999999929e-04
2.200000000000000133e-03
9.300000000000000974e-03
2.000000000000000096e-04
1.054000000000000076e-01
8.000000000000000383e-04
1.210000000000000138e-02
3.000000000000000279e-04
1.000000000000000021e-03
4.000000000000000192e-04
1.140000000000000041e-02
2.000000000000000096e-04
2.699999999999999969e-02
1.300000000000000157e-03
1.000000000000000048e-04
4.500000000000000527e-03
2.600000000000000314e-03
1.000000000000000048e-04
7.560000000000000053e-02
4.000000000000000192e-04
1.500000000000000118e-02
3.000000000000000279e-04
1.010000000000000134e-02
4.000000000000000192e-04
1.549999999999999989e-02
3.500000000000000073e-03
4.000000000000000192e-04
6.999999999999999929e-04
1.870000000000000134e-02
1.200000000000000112e-03
1.390000000000000090e-02
2.000000000000000096e-04
7.900000000000000772e-03
1.000000000000000048e-04
7.900000000000000772e-03
1.000000000000000021e-03
1.500000000000000031e-03
4.000000000000000192e-04
3.690000000000000224e-02
4.000000000000000192e-04
2.299999999999999961e-03
4.000000000000000192e-04
1.380000000000000150e-02
1.000000000000000048e-04
6.100000000000000387e-03
1.200000000000000112e-03
3.080000000000000099e-02
1.899999999999999996e-03
3.500000000000000073e-03
1.349999999999999985e-02
1.899999999999999996e-03
3.200000000000000153e-03
2.000000000000000096e-04
5.000000000000000104e-04
4.000000000000000192e-04
9.000000000000000838e-04
6.400000000000000307e-03
1.170000000000000033e-02
1.899999999999999996e-03
8.300000000000000086e-03
1.000000000000000021e-03
5.000000000000000104e-04
2.000000000000000096e-04
2.900000000000000234e-03
8.000000000000000383e-04
1.700000000000000122e-03
2.090000000000000191e-02
2.000000000000000096e-04
3.950000000000000039e-02
1.300000000000000157e-03
2.500000000000000052e-03
2.100000000000000304e-03
1.300000000000000157e-03
6.999999999999999929e-04
7.700000000000000247e-03
1.300000000000000157e-03
4.100000000000000346e-03
2.200000000000000133e-03
2.430000000000000215e-02
3.500000000000000073e-03
2.000000000000000096e-04
1.700000000000000122e-03
1.290000000000000001e-02
4.000000000000000192e-04
1.089999999999999997e-02
1.000000000000000048e-04
4.700000000000000185e-03
5.000000000000000104e-04
3.600000000000000335e-03
3.100000000000000325e-03
1.450000000000000074e-02
1.000000000000000048e-04
7.000000000000000146e-03
4.300000000000000003e-03
4.000000000000000192e-04
1.000000000000000048e-04
4.599999999999999922e-03
2.000000000000000096e-04
5.599999999999999943e-03
2.000000000000000096e-04
1.300000000000000157e-03
1.899999999999999996e-03
2.570000000000000062e-02
4.000000000000000192e-04
1.300000000000000157e-03
2.000000000000000096e-04
5.800000000000000468e-03
2.000000000000000096e-04
3.100000000000000325e-03
3.400000000000000244e-03
1.254000000000000115e-01
3.000000000000000279e-04
2.270000000000000143e-02
5.000000000000000104e-04
9.900000000000000813e-03
1.800000000000000168e-03
3.299999999999999982e-03
3.000000000000000062e-03
8.899999999999999925e-03
3.000000000000000279e-04
4.000000000000000192e-04
1.800000000000000168e-03
3.300000000000000155e-02
5.000000000000000104e-04
2.040000000000000147e-02
2.000000000000000096e-04
7.100000000000000408e-03
6.000000000000000559e-04
1.000000000000000048e-04
9.000000000000000838e-04
1.800000000000000211e-02
1.000000000000000048e-04
2.060000000000000026e-02
4.000000000000000192e-04
6.500000000000000569e-03
8.800000000000000530e-03
2.000000000000000042e-03
6.400000000000000307e-03
1.200000000000000112e-03
3.900000000000000255e-03
9.900000000000000813e-03
4.300000000000000003e-03
2.200000000000000219e-02
4.000000000000000192e-04
1.200000000000000025e-02
1.000000000000000048e-04
6.100000000000000561e-02
1.800000000000000168e-03
5.899999999999999863e-03
2.000000000000000042e-03
5.500000000000000548e-03
5.000000000000000104e-04
4.259999999999999898e-02
2.299999999999999961e-03
1.040000000000000126e-02
5.000000000000000104e-04
6.610000000000000597e-02
2.799999999999999972e-03
2.040000000000000147e-02
5.000000000000000104e-04
5.200000000000000629e-03
3.000000000000000279e-04
1.800000000000000168e-03
4.000000000000000192e-04
8.000000000000000383e-04
3.000000000000000062e-03
3.700000000000000164e-03
3.200000000000000153e-03
1.349999999999999985e-02
4.000000000000000192e-04
1.060000000000000005e-02
8.000000000000000383e-04
6.599999999999999964e-03
1.100000000000000066e-03
3.100000000000000325e-03
2.299999999999999961e-03
7.300000000000000065e-03
1.500000000000000031e-03
2.900000000000000234e-03
1.420000000000000082e-02
1.319999999999999993e-02
6.999999999999999929e-04
2.580000000000000002e-02
1.200000000000000112e-03
1.400000000000000029e-02
6.000000000000000559e-04
1.200000000000000112e-03
6.999999999999999929e-04
1.270000000000000122e-02
4.000000000000000083e-03
1.760000000000000106e-02
6.999999999999999929e-04
5.800000000000000468e-03
8.000000000000000383e-04
3.000000000000000062e-03
6.599999999999999964e-03
2.990000000000000296e-02
5.000000000000000104e-04
1.600000000000000077e-03
4.400000000000000265e-03
2.129999999999999949e-02
1.399999999999999986e-03
1.000000000000000021e-03
1.100000000000000066e-03
2.189999999999999933e-02
6.999999999999999929e-04
1.800000000000000211e-02
4.000000000000000192e-04
1.669999999999999957e-02
1.100000000000000066e-03
2.189999999999999933e-02
4.000000000000000192e-04
1.179999999999999973e-02
8.600000000000000006e-03
4.800000000000000447e-03
1.100000000000000066e-03
3.000000000000000279e-04
5.599999999999999943e-03
6.400000000000000307e-03
1.800000000000000168e-03
2.900000000000000234e-03
3.600000000000000335e-03
4.899999999999999842e-03
6.000000000000000559e-04
2.600000000000000314e-03
6.000000000000000559e-04
2.080000000000000251e-02
1.000000000000000021e-03
2.000000000000000096e-04
1.200000000000000112e-03
3.000000000000000279e-04
8.300000000000000086e-03
2.299999999999999961e-03
1.100000000000000066e-03
3.570000000000000256e-02
1.100000000000000066e-03
1.440000000000000134e-02
2.200000000000000133e-03
2.610000000000000167e-02
2.000000000000000042e-03
2.220000000000000098e-02
1.899999999999999996e-03
1.500000000000000031e-03
6.999999999999999929e-04
5.700000000000000205e-03
2.500000000000000052e-03
4.340000000000000108e-02
2.000000000000000096e-04
5.200000000000000629e-03
2.299999999999999961e-03
2.000000000000000096e-04
1.800000000000000168e-03
4.000000000000000192e-04
3.500000000000000073e-03
6.999999999999999929e-04
1.700000000000000122e-03
5.000000000000000104e-04
1.179999999999999973e-02
6.800000000000000488e-03
9.000000000000000838e-04
7.300000000000000065e-03
6.000000000000000559e-04
2.160000000000000114e-02
1.000000000000000021e-03
9.100000000000000450e-03
4.200000000000000608e-03
5.300000000000000024e-03
6.999999999999999929e-04
3.900000000000000255e-03
6.000000000000000559e-04
6.500000000000000569e-03
6.999999999999999929e-04
1.640000000000000138e-02
4.000000000000000192e-04
5.700000000000000205e-03
5.000000000000000104e-04
5.100000000000000366e-03
2.900000000000000234e-03
4.400000000000000265e-03
3.799999999999999992e-03
1.580000000000000154e-02
8.000000000000000383e-04
3.790000000000000313e-02
1.000000000000000021e-03
2.150000000000000175e-02
6.999999999999999929e-04
6.300000000000000044e-03
4.000000000000000192e-04
5.000000000000000104e-04
1.399999999999999986e-03
2.510000000000000078e-02
6.000000000000000559e-04
7.400000000000000328e-03
3.100000000000000325e-03
6.350000000000000089e-02
5.000000000000000104e-04
2.000000000000000042e-03
2.500000000000000052e-03
9.499999999999999764e-03
2.000000000000000096e-04
2.400000000000000223e-03
5.000000000000000104e-04
3.389999999999999958e-02
6.000000000000000559e-04
3.100000000000000325e-03
2.000000000000000096e-04
1.399999999999999986e-03
9.000000000000000838e-04
1.500000000000000031e-03
6.999999999999999929e-04
3.230000000000000232e-02
9.000000000000000838e-04
4.270000000000000184e-02
3.000000000000000279e-04
2.639999999999999986e-02
1.100000000000000066e-03
3.000000000000000279e-04
5.000000000000000104e-04
2.000000000000000096e-04
4.000000000000000192e-04
1.000000000000000048e-04
6.999999999999999929e-04
4.000000000000000192e-04
4.000000000000000192e-04
2.799999999999999972e-03
1.100000000000000066e-03
9.000000000000000838e-04
4.000000000000000192e-04
2.000000000000000096e-04
3.000000000000000279e-04
1.549999999999999989e-02
2.000000000000000096e-04
4.920000000000000068e-02
1.600000000000000077e-03
2.299999999999999961e-03
1.000000000000000048e-04
8.000000000000000383e-04
2.000000000000000096e-04
1.280000000000000061e-02
8.000000000000000383e-04
6.999999999999999929e-04
2.200000000000000133e-03
9.300000000000000974e-03
2.000000000000000096e-04
1.054000000000000076e-01
8.000000000000000383e-04
1.210000000000000138e-02
3.000000000000000279e-04
1.000000000000000021e-03
4.000000000000000192e-04
1.140000000000000041e-02
2.000000000000000096e-04
2.699999999999999969e-02
1.300000000000000157e-03
1.000000000000000048e-04
4.500000000000000527e-03
2.600000000000000314e-03
1.000000000000000048e-04
7.560000000000000053e-02
4.000000000000000192e-04
1.490000000000000005e-02
4.000000000000000192e-04
1.010000000000000134e-02
4.000000000000000192e-04
1.549999999999999989e-02
3.400000000000000244e-03
4.000000000000000192e-04
8.000000000000000383e-04
1.870000000000000134e-02
1.200000000000000112e-03
1.390000000000000090e-02
2.000000000000000096e-04
7.900000000000000772e-03
1.000000000000000048e-04
7.900000000000000772e-03
1.000000000000000021e-03
1.500000000000000031e-03
4.000000000000000192e-04
3.690000000000000224e-02
3.000000000000000279e-04
2.400000000000000223e-03
4.000000000000000192e-04
1.380000000000000150e-02
1.000000000000000048e-04
6.100000000000000387e-03
1.200000000000000112e-03
3.080000000000000099e-02
1.899999999999999996e-03
3.500000000000000073e-03
1.349999999999999985e-02
1.899999999999999996e-03
3.200000000000000153e-03
2.000000000000000096e-04
5.000000000000000104e-04
4.000000000000000192e-04
9.000000000000000838e-04
6.400000000000000307e-03
1.170000000000000033e-02
1.899999999999999996e-03
8.300000000000000086e-03
1.000000000000000021e-03
5.000000000000000104e-04
2.000000000000000096e-04
2.900000000000000234e-03
8.000000000000000383e-04
1.700000000000000122e-03
2.090000000000000191e-02
2.000000000000000096e-04
3.950000000000000039e-02
1.300000000000000157e-03
2.500000000000000052e-03
2.000000000000000042e-03
1.399999999999999986e-03
6.999999999999999929e-04
7.700000000000000247e-03
1.300000000000000157e-03
4.100000000000000346e-03
2.200000000000000133e-03
2.430000000000000215e-02
3.500000000000000073e-03
2.000000000000000096e-04
1.700000000000000122e-03
1.290000000000000001e-02
3.000000000000000279e-04
1.100000000000000110e-02
1.000000000000000048e-04
4.700000000000000185e-03
5.000000000000000104e-04
3.600000000000000335e-03
3.100000000000000325e-03
2.160000000000000114e-02
4.300000000000000003e-03
4.000000000000000192e-04
1.000000000000000048e-04
4.599999999999999922e-03
2.000000000000000096e-04
5.599999999999999943e-03
2.000000000000000096e-04
1.300000000000000157e-03
1.899999999999999996e-03
2.570000000000000062e-02
4.000000000000000192e-04
1.300000000000000157e-03
2.000000000000000096e-04
5.800000000000000468e-03
2.000000000000000096e-04
3.100000000000000325e-03
3.400000000000000244e-03
1.254000000000000115e-01
3.000000000000000279e-04
2.260000000000000203e-02
6.000000000000000559e-04
9.900000000000000813e-03
1.800000000000000168e-03
3.299999999999999982e-03
3.000000000000000062e-03
8.899999999999999925e-03
3.000000000000000279e-04
4.000000000000000192e-04
1.800000000000000168e-03
3.289999999999999869e-02
6.000000000000000559e-04
2.040000000000000147e-02
2.000000000000000096e-04
7.100000000000000408e-03
6.000000000000000559e-04
1.000000000000000048e-04
9.000000000000000838e-04
1.800000000000000211e-02
1.000000000000000048e-04
2.060000000000000026e-02
4.000000000000000192e-04
6.500000000000000569e-03
8.800000000000000530e-03
2.000000000000000042e-03
6.300000000000000044e-03
1.300000000000000157e-03
3.900000000000000255e-03
9.900000000000000813e-03
4.300000000000000003e-03
2.200000000000000219e-02
4.000000000000000192e-04
1.200000000000000025e-02
1.000000000000000048e-04
6.100000000000000561e-02
1.700000000000000122e-03
5.899999999999999863e-03
2.100000000000000304e-03
5.500000000000000548e-03
5.000000000000000104e-04
4.250000000000000305e-02
2.400000000000000223e-03
1.040000000000000126e-02
4.000000000000000192e-04
6.620000000000000884e-02
2.799999999999999972e-03
2.040000000000000147e-02
5.000000000000000104e-04
5.200000000000000629e-03
3.000000000000000279e-04
1.800000000000000168e-03
4.000000000000000192e-04
8.000000000000000383e-04
3.000000000000000062e-03
3.700000000000000164e-03
3.200000000000000153e-03
1.349999999999999985e-02
3.000000000000000279e-04
1.070000000000000118e-02
8.000000000000000383e-04
6.599999999999999964e-03
1.100000000000000066e-03
3.100000000000000325e-03
2.299999999999999961e-03
7.300000000000000065e-03
1.500000000000000031e-03
2.799999999999999972e-03
1.430000000000000021e-02
1.319999999999999993e-02
6.999999999999999929e-04
2.580000000000000002e-02
1.200000000000000112e-03
1.400000000000000029e-02
6.000000000000000559e-04
1.200000000000000112e-03
6.000000000000000559e-04
1.270000000000000122e-02
4.100000000000000346e-03
1.760000000000000106e-02
6.999999999999999929e-04
5.800000000000000468e-03
8.000000000000000383e-04
3.000000000000000062e-03
6.599999999999999964e-03
2.990000000000000296e-02
5.000000000000000104e-04
1.600000000000000077e-03
4.400000000000000265e-03
2.129999999999999949e-02
1.300000000000000157e-03
1.100000000000000066e-03
1.100000000000000066e-03
2.189999999999999933e-02
6.999999999999999929e-04
1.800000000000000211e-02
4.000000000000000192e-04
1.669999999999999957e-02
1.100000000000000066e-03
2.189999999999999933e-02
4.000000000000000192e-04
1.179999999999999973e-02
8.600000000000000006e-03
4.800000000000000447e-03
1.100000000000000066e-03
3.000000000000000279e-04
5.500000000000000548e-03
6.500000000000000569e-03
1.800000000000000168e-03
2.799999999999999972e-03
3.700000000000000164e-03
4.899999999999999842e-03
6.000000000000000559e-04
2.600000000000000314e-03
6.000000000000000559e-04
2.069999999999999965e-02
1.100000000000000066e-03
2.000000000000000096e-04
1.200000000000000112e-03
3.000000000000000279e-04
8.300000000000000086e-03
2.200000000000000133e-03
1.200000000000000112e-03
3.570000000000000256e-02
1.100000000000000066e-03
1.440000000000000134e-02
2.200000000000000133e-03
2.610000000000000167e-02
2.000000000000000042e-03
2.210000000000000159e-02
2.000000000000000042e-03
1.500000000000000031e-03
6.999999999999999929e-04
5.700000000000000205e-03
2.500000000000000052e-03
4.340000000000000108e-02
2.000000000000000096e-04
5.200000000000000629e-03
2.299999999999999961e-03
2.000000000000000096e-04
1.800000000000000168e-03
4.000000000000000192e-04
3.500000000000000073e-03
6.999999999999999929e-04
1.700000000000000122e-03
5.000000000000000104e-04
1.179999999999999973e-02
6.800000000000000488e-03
9.000000000000000838e-04
7.300000000000000065e-03
6.000000000000000559e-04
2.160000000000000114e-02
1.000000000000000021e-03
9.100000000000000450e-03
4.200000000000000608e-03
5.300000000000000024e-03
6.999999999999999929e-04
3.900000000000000255e-03
6.000000000000000559e-04
6.500000000000000569e-03
6.999999999999999929e-04
1.640000000000000138e-02
4.000000000000000192e-04
5.599999999999999943e-03
5.000000000000000104e-04
5.200000000000000629e-03
2.900000000000000234e-03
4.400000000000000265e-03
3.799999999999999992e-03
1.580000000000000154e-02
8.000000000000000383e-04
3.790000000000000313e-02
1.000000000000000021e-03
2.150000000000000175e-02
6.999999999999999929e-04
6.300000000000000044e-03
4.000000000000000192e-04
5.000000000000000104e-04
1.399999999999999986e-03
2.510000000000000078e-02
6.000000000000000559e-04
7.400000000000000328e-03
3.100000000000000325e-03
6.350000000000000089e-02
4.000000000000000192e-04
2.100000000000000304e-03
2.500000000000000052e-03
9.499999999999999764e-03
2.000000000000000096e-04
2.400000000000000223e-03
5.000000000000000104e-04
3.389999999999999958e-02
6.000000000000000559e-04
3.100000000000000325e-03
2.000000000000000096e-04
1.399999999999999986e-03
9.000000000000000838e-04
1.500000000000000031e-03
6.999999999999999929e-04
3.219999999999999946e-02
1.000000000000000021e-03
4.270000000000000184e-02
3.000000000000000279e-04
2.639999999999999986e-02
1.100000000000000066e-03
2.000000000000000096e-04
6.000000000000000559e-04
2.000000000000000096e-04
4.000000000000000192e-04
1.000000000000000048e-04
6.999999999999999929e-04
4.000000000000000192e-04
4.000000000000000192e-04
2.799999999999999972e-03
1.100000000000000066e-03
9.000000000000000838e-04
4.000000000000000192e-04
2.000000000000000096e-04
3.000000000000000279e-04
1.549999999999999989e-02
2.000000000000000096e-04
4.920000000000000068e-02
1.600000000000000077e-03
3.100000000000000325e-03
3.000000000000000279e-04
1.280000000000000061e-02
8.000000000000000383e-04
6.999999999999999929e-04
2.200000000000000133e-03
9.300000000000000974e-03
2.000000000000000096e-04
1.054000000000000076e-01
8.000000000000000383e-04
1.210000000000000138e-02
3.000000000000000279e-04
1.000000000000000021e-03
4.000000000000000192e-04
1.140000000000000041e-02
2.000000000000000096e-04
2.699999999999999969e-02
1.300000000000000157e-03
1.000000000000000048e-04
4.500000000000000527e-03
2.600000000000000314e-03
1.000000000000000048e-04
7.560000000000000053e-02
3.000000000000000279e-04
1.500000000000000118e-02
4.000000000000000192e-04
1.010000000000000134e-02
3.000000000000000279e-04
1.560000000000000102e-02
3.400000000000000244e-03
4.000000000000000192e-04
8.000000000000000383e-04
1.870000000000000134e-02
1.200000000000000112e-03
1.390000000000000090e-02
2.000000000000000096e-04
7.900000000000000772e-03
1.000000000000000048e-04
7.900000000000000772e-03
1.000000000000000021e-03
1.500000000000000031e-03
4.000000000000000192e-04
3.690000000000000224e-02
3.000000000000000279e-04
2.400000000000000223e-03
4.000000000000000192e-04
1.380000000000000150e-02
1.000000000000000048e-04
6.100000000000000387e-03
1.200000000000000112e-03
6.599999999999999964e-03
1.000000000000000048e-04
2.409999999999999989e-02
1.899999999999999996e-03
3.500000000000000073e-03
1.349999999999999985e-02
1.899999999999999996e-03
3.100000000000000325e-03
3.000000000000000279e-04
5.000000000000000104e-04
4.000000000000000192e-04
9.000000000000000838e-04
6.400000000000000307e-03
1.170000000000000033e-02
1.899999999999999996e-03
8.300000000000000086e-03
9.000000000000000838e-04
6.000000000000000559e-04
1.000000000000000048e-04
3.000000000000000062e-03
8.000000000000000383e-04
1.700000000000000122e-03
2.090000000000000191e-02
2.000000000000000096e-04
3.950000000000000039e-02
1.300000000000000157e-03
2.500000000000000052e-03
2.000000000000000042e-03
1.399999999999999986e-03
6.999999999999999929e-04
7.599999999999999985e-03
1.300000000000000157e-03
4.200000000000000608e-03
2.200000000000000133e-03
2.420000000000000276e-02
3.600000000000000335e-03
2.000000000000000096e-04
1.600000000000000077e-03
1.300000000000000114e-02
3.000000000000000279e-04
1.100000000000000110e-02
1.000000000000000048e-04
4.700000000000000185e-03
5.000000000000000104e-04
3.600000000000000335e-03
3.100000000000000325e-03
1.450000000000000074e-02
1.000000000000000048e-04
7.000000000000000146e-03
4.300000000000000003e-03
4.000000000000000192e-04
1.000000000000000048e-04
4.599999999999999922e-03
2.000000000000000096e-04
5.599999999999999943e-03
2.000000000000000096e-04
1.300000000000000157e-03
1.899999999999999996e-03
2.570000000000000062e-02
4.000000000000000192e-04
1.300000000000000157e-03
2.000000000000000096e-04
5.800000000000000468e-03
2.000000000000000096e-04
3.100000000000000325e-03
3.400000000000000244e-03
1.254000000000000115e-01
2.000000000000000096e-04
2.270000000000000143e-02
5.000000000000000104e-04
1.000000000000000021e-02
1.800000000000000168e-03
3.299999999999999982e-03
3.000000000000000062e-03
8.899999999999999925e-03
3.000000000000000279e-04
4.000000000000000192e-04
1.800000000000000168e-03
3.289999999999999869e-02
6.000000000000000559e-04
2.040000000000000147e-02
2.000000000000000096e-04
7.100000000000000408e-03
5.000000000000000104e-04
2.000000000000000096e-04
9.000000000000000838e-04
1.800000000000000211e-02
1.000000000000000048e-04
2.060000000000000026e-02
4.000000000000000192e-04
6.400000000000000307e-03
8.899999999999999925e-03
2.000000000000000042e-03
6.300000000000000044e-03
1.300000000000000157e-03
3.900000000000000255e-03
9.900000000000000813e-03
4.300000000000000003e-03
2.200000000000000219e-02
3.000000000000000279e-04
1.210000000000000138e-02
1.000000000000000048e-04
6.100000000000000561e-02
1.700000000000000122e-03
5.899999999999999863e-03
2.100000000000000304e-03
5.500000000000000548e-03
5.000000000000000104e-04
4.250000000000000305e-02
2.400000000000000223e-03
1.040000000000000126e-02
4.000000000000000192e-04
6.620000000000000884e-02
2.799999999999999972e-03
2.040000000000000147e-02
5.000000000000000104e-04
5.200000000000000629e-03
3.000000000000000279e-04
1.800000000000000168e-03
3.000000000000000279e-04
9.000000000000000838e-04
3.000000000000000062e-03
3.700000000000000164e-03
3.200000000000000153e-03
1.349999999999999985e-02
3.000000000000000279e-04
1.070000000000000118e-02
8.000000000000000383e-04
6.599999999999999964e-03
1.100000000000000066e-03
3.100000000000000325e-03
2.299999999999999961e-03
7.300000000000000065e-03
1.500000000000000031e-03
2.799999999999999972e-03
1.430000000000000021e-02
1.319999999999999993e-02
6.999999999999999929e-04
2.580000000000000002e-02
1.200000000000000112e-03
1.400000000000000029e-02
5.000000000000000104e-04
1.300000000000000157e-03
6.000000000000000559e-04
1.270000000000000122e-02
4.100000000000000346e-03
1.760000000000000106e-02
6.999999999999999929e-04
5.800000000000000468e-03
8.000000000000000383e-04
3.000000000000000062e-03
6.599999999999999964e-03
2.990000000000000296e-02
4.000000000000000192e-04
1.700000000000000122e-03
4.400000000000000265e-03
2.129999999999999949e-02
1.300000000000000157e-03
1.100000000000000066e-03
1.100000000000000066e-03
2.189999999999999933e-02
6.999999999999999929e-04
1.800000000000000211e-02
4.000000000000000192e-04
1.669999999999999957e-02
1.100000000000000066e-03
2.189999999999999933e-02
4.000000000000000192e-04
1.179999999999999973e-02
8.600000000000000006e-03
4.800000000000000447e-03
1.100000000000000066e-03
3.000000000000000279e-04
5.500000000000000548e-03
6.500000000000000569e-03
1.800000000000000168e-03
2.799999999999999972e-03
3.700000000000000164e-03
4.800000000000000447e-03
6.999999999999999929e-04
2.600000000000000314e-03
6.000000000000000559e-04
2.069999999999999965e-02
1.100000000000000066e-03
2.000000000000000096e-04
1.200000000000000112e-03
3.000000000000000279e-04
8.200000000000000691e-03
2.299999999999999961e-03
1.200000000000000112e-03
3.570000000000000256e-02
1.100000000000000066e-03
1.430000000000000021e-02
2.299999999999999961e-03
2.610000000000000167e-02
2.000000000000000042e-03
2.210000000000000159e-02
2.000000000000000042e-03
1.399999999999999986e-03
8.000000000000000383e-04
5.700000000000000205e-03
2.500000000000000052e-03
4.340000000000000108e-02
2.000000000000000096e-04
5.200000000000000629e-03
2.299999999999999961e-03
2.000000000000000096e-04
1.800000000000000168e-03
4.000000000000000192e-04
3.500000000000000073e-03
6.999999999999999929e-04
1.700000000000000122e-03
5.000000000000000104e-04
1.179999999999999973e-02
6.700000000000000226e-03
1.000000000000000021e-03
7.300000000000000065e-03
5.000000000000000104e-04
2.170000000000000054e-02
1.000000000000000021e-03
9.100000000000000450e-03
4.200000000000000608e-03
5.300000000000000024e-03
6.999999999999999929e-04
3.900000000000000255e-03
6.000000000000000559e-04
6.500000000000000569e-03
6.999999999999999929e-04
1.640000000000000138e-02
4.000000000000000192e-04
5.599999999999999943e-03
5.000000000000000104e-04
5.200000000000000629e-03
2.900000000000000234e-03
4.300000000000000003e-03
3.900000000000000255e-03
1.580000000000000154e-02
8.000000000000000383e-04
3.790000000000000313e-02
1.000000000000000021e-03
2.150000000000000175e-02
6.999999999999999929e-04
6.300000000000000044e-03
4.000000000000000192e-04
5.000000000000000104e-04
1.399999999999999986e-03
2.510000000000000078e-02
6.000000000000000559e-04
7.400000000000000328e-03
3.100000000000000325e-03
6.350000000000000089e-02
4.000000000000000192e-04
2.100000000000000304e-03
2.500000000000000052e-03
9.499999999999999764e-03
2.000000000000000096e-04
2.400000000000000223e-03
5.000000000000000104e-04
3.389999999999999958e-02
6.000000000000000559e-04
3.100000000000000325e-03
2.000000000000000096e-04
1.399999999999999986e-03
9.000000000000000838e-04
1.500000000000000031e-03
6.999999999999999929e-04
3.219999999999999946e-02
1.000000000000000021e-03
4.270000000000000184e-02
3.000000000000000279e-04
2.639999999999999986e-02
1.100000000000000066e-03
2.000000000000000096e-04
6.000000000000000559e-04
2.000000000000000096e-04
4.000000000000000192e-04
1.000000000000000048e-04
6.999999999999999929e-04
4.000000000000000192e-04
3.000000000000000279e-04
2.900000000000000234e-03
1.000000000000000021e-03
1.000000000000000021e-03
4.000000000000000192e-04
2.000000000000000096e-04
3.000000000000000279e-04
1.549999999999999989e-02
2.000000000000000096e-04
4.920000000000000068e-02
1.600000000000000077e-03
3.100000000000000325e-03
3.000000000000000279e-04
1.280000000000000061e-02
8.000000000000000383e-04
6.999999999999999929e-04
2.200000000000000133e-03
9.300000000000000974e-03
2.000000000000000096e-04
1.054000000000000076e-01
8.000000000000000383e-04
1.210000000000000138e-02
3.000000000000000279e-04
1.000000000000000021e-03
4.000000000000000192e-04
1.140000000000000041e-02
2.000000000000000096e-04
2.699999999999999969e-02
5.899999999999999863e-03
2.600000000000000314e-03
1.000000000000000048e-04
7.560000000000000053e-02
3.000000000000000279e-04
1.500000000000000118e-02
4.000000000000000192e-04
1.010000000000000134e-02
3.000000000000000279e-04
1.560000000000000102e-02
3.400000000000000244e-03
4.000000000000000192e-04
8.000000000000000383e-04
1.870000000000000134e-02
1.100000000000000066e-03
1.400000000000000029e-02
2.000000000000000096e-04
7.900000000000000772e-03
1.000000000000000048e-04
7.900000000000000772e-03
1.000000000000000021e-03
1.500000000000000031e-03
4.000000000000000192e-04
3.690000000000000224e-02
3.000000000000000279e-04
2.400000000000000223e-03
4.000000000000000192e-04
2.000000000000000042e-02
1.200000000000000112e-03
3.080000000000000099e-02
1.899999999999999996e-03
3.400000000000000244e-03
1.360000000000000098e-02
1.899999999999999996e-03
3.100000000000000325e-03
3.000000000000000279e-04
4.000000000000000192e-04
4.000000000000000192e-04
1.000000000000000021e-03
6.300000000000000044e-03
1.179999999999999973e-02
1.899999999999999996e-03
8.300000000000000086e-03
9.000000000000000838e-04
5.000000000000000104e-04
2.000000000000000096e-04
3.000000000000000062e-03
6.999999999999999929e-04
1.800000000000000168e-03
2.090000000000000191e-02
2.000000000000000096e-04
3.950000000000000039e-02
1.200000000000000112e-03
2.600000000000000314e-03
2.000000000000000042e-03
1.399999999999999986e-03
6.999999999999999929e-04
7.599999999999999985e-03
1.300000000000000157e-03
4.200000000000000608e-03
2.200000000000000133e-03
2.420000000000000276e-02
3.600000000000000335e-03
2.000000000000000096e-04
1.600000000000000077e-03
1.300000000000000114e-02
3.000000000000000279e-04
1.100000000000000110e-02
1.000000000000000048e-04
4.700000000000000185e-03
5.000000000000000104e-04
3.600000000000000335e-03
3.100000000000000325e-03
2.160000000000000114e-02
4.300000000000000003e-03
4.000000000000000192e-04
1.000000000000000048e-04
4.599999999999999922e-03
1.000000000000000048e-04
5.700000000000000205e-03
2.000000000000000096e-04
1.300000000000000157e-03
1.899999999999999996e-03
2.570000000000000062e-02
4.000000000000000192e-04
1.300000000000000157e-03
2.000000000000000096e-04
5.800000000000000468e-03
1.000000000000000048e-04
3.200000000000000153e-03
3.400000000000000244e-03
1.254000000000000115e-01
2.000000000000000096e-04
2.270000000000000143e-02
5.000000000000000104e-04
1.000000000000000021e-02
1.800000000000000168e-03
3.299999999999999982e-03
3.000000000000000062e-03
8.899999999999999925e-03
3.000000000000000279e-04
4.000000000000000192e-04
1.800000000000000168e-03
3.289999999999999869e-02
6.000000000000000559e-04
2.040000000000000147e-02
2.000000000000000096e-04
7.100000000000000408e-03
5.000000000000000104e-04
2.000000000000000096e-04
9.000000000000000838e-04
1.800000000000000211e-02
1.000000000000000048e-04
2.060000000000000026e-02
4.000000000000000192e-04
6.400000000000000307e-03
8.899999999999999925e-03
2.000000000000000042e-03
6.300000000000000044e-03
1.300000000000000157e-03
3.900000000000000255e-03
9.900000000000000813e-03
4.300000000000000003e-03
2.200000000000000219e-02
3.000000000000000279e-04
1.210000000000000138e-02
1.000000000000000048e-04
6.100000000000000561e-02
1.700000000000000122e-03
5.899999999999999863e-03
2.100000000000000304e-03
5.500000000000000548e-03
4.000000000000000192e-04
4.259999999999999898e-02
2.400000000000000223e-03
1.030000000000000013e-02
5.000000000000000104e-04
6.620000000000000884e-02
2.799999999999999972e-03
2.040000000000000147e-02
4.000000000000000192e-04
5.300000000000000024e-03
3.000000000000000279e-04
1.800000000000000168e-03
3.000000000000000279e-04
9.000000000000000838e-04
2.900000000000000234e-03
3.799999999999999992e-03
3.200000000000000153e-03
1.349999999999999985e-02
3.000000000000000279e-04
1.070000000000000118e-02
8.000000000000000383e-04
6.599999999999999964e-03
1.100000000000000066e-03
3.100000000000000325e-03
2.299999999999999961e-03
7.300000000000000065e-03
1.500000000000000031e-03
2.799999999999999972e-03
1.430000000000000021e-02
1.319999999999999993e-02
6.999999999999999929e-04
2.570000000000000062e-02
1.300000000000000157e-03
1.400000000000000029e-02
5.000000000000000104e-04
1.200000000000000112e-03
6.999999999999999929e-04
1.270000000000000122e-02
4.000000000000000083e-03
1.770000000000000046e-02
6.999999999999999929e-04
5.700000000000000205e-03
9.000000000000000838e-04
3.000000000000000062e-03
6.599999999999999964e-03
2.990000000000000296e-02
4.000000000000000192e-04
1.700000000000000122e-03
4.400000000000000265e-03
2.129999999999999949e-02
1.300000000000000157e-03
1.100000000000000066e-03
1.100000000000000066e-03
2.189999999999999933e-02
6.999999999999999929e-04
1.800000000000000211e-02
4.000000000000000192e-04
1.669999999999999957e-02
1.100000000000000066e-03
2.189999999999999933e-02
4.000000000000000192e-04
1.179999999999999973e-02
8.600000000000000006e-03
4.800000000000000447e-03
1.000000000000000021e-03
4.000000000000000192e-04
5.500000000000000548e-03
6.400000000000000307e-03
1.899999999999999996e-03
2.799999999999999972e-03
3.600000000000000335e-03
4.899999999999999842e-03
6.000000000000000559e-04
2.600000000000000314e-03
6.999999999999999929e-04
2.069999999999999965e-02
1.000000000000000021e-03
2.000000000000000096e-04
1.300000000000000157e-03
3.000000000000000279e-04
8.200000000000000691e-03
2.299999999999999961e-03
1.200000000000000112e-03
3.570000000000000256e-02
1.100000000000000066e-03
1.430000000000000021e-02
2.299999999999999961e-03
2.610000000000000167e-02
2.000000000000000042e-03
2.210000000000000159e-02
1.899999999999999996e-03
1.500000000000000031e-03
8.000000000000000383e-04
5.700000000000000205e-03
2.500000000000000052e-03
4.340000000000000108e-02
2.000000000000000096e-04
5.200000000000000629e-03
2.299999999999999961e-03
2.000000000000000096e-04
1.800000000000000168e-03
4.000000000000000192e-04
3.500000000000000073e-03
6.999999999999999929e-04
1.700000000000000122e-03
5.000000000000000104e-04
1.179999999999999973e-02
6.700000000000000226e-03
9.000000000000000838e-04
7.400000000000000328e-03
5.000000000000000104e-04
2.160000000000000114e-02
1.100000000000000066e-03
9.100000000000000450e-03
4.200000000000000608e-03
5.300000000000000024e-03
6.999999999999999929e-04
3.900000000000000255e-03
6.000000000000000559e-04
6.500000000000000569e-03
6.000000000000000559e-04
1.010000000000000134e-02
1.000000000000000048e-04
6.300000000000000044e-03
4.000000000000000192e-04
5.599999999999999943e-03
5.000000000000000104e-04
5.100000000000000366e-03
3.000000000000000062e-03
4.300000000000000003e-03
3.900000000000000255e-03
1.580000000000000154e-02
8.000000000000000383e-04
3.780000000000000027e-02
1.100000000000000066e-03
2.150000000000000175e-02
6.999999999999999929e-04
6.300000000000000044e-03
4.000000000000000192e-04
5.000000000000000104e-04
1.399999999999999986e-03
2.510000000000000078e-02
6.000000000000000559e-04
7.400000000000000328e-03
3.100000000000000325e-03
6.350000000000000089e-02
4.000000000000000192e-04
2.000000000000000042e-03
2.600000000000000314e-03
9.499999999999999764e-03
2.000000000000000096e-04
2.400000000000000223e-03
5.000000000000000104e-04
3.389999999999999958e-02
6.000000000000000559e-04
3.100000000000000325e-03
2.000000000000000096e-04
1.300000000000000157e-03
1.000000000000000021e-03
1.500000000000000031e-03
6.999999999999999929e-04
3.219999999999999946e-02
1.000000000000000021e-03
4.270000000000000184e-02
3.000000000000000279e-04
2.639999999999999986e-02
1.100000000000000066e-03
2.000000000000000096e-04
6.000000000000000559e-04
2.000000000000000096e-04
4.000000000000000192e-04
1.000000000000000048e-04
6.999999999999999929e-04
4.000000000000000192e-04
3.000000000000000279e-04
2.799999999999999972e-03
1.100000000000000066e-03
1.000000000000000021e-03
4.000000000000000192e-04
2.000000000000000096e-04
3.000000000000000279e-04
1.549999999999999989e-02
2.000000000000000096e-04
4.920000000000000068e-02
1.600000000000000077e-03
2.200000000000000133e-03
1.000000000000000048e-04
8.000000000000000383e-04
2.000000000000000096e-04
1.290000000000000001e-02
8.000000000000000383e-04
6.999999999999999929e-04
2.200000000000000133e-03
9.300000000000000974e-03
1.000000000000000048e-04
4.540000000000000285e-02
1.000000000000000048e-04
6.000000000000000472e-02
8.000000000000000383e-04
1.210000000000000138e-02
3.000000000000000279e-04
1.000000000000000021e-03
4.000000000000000192e-04
1.140000000000000041e-02
2.000000000000000096e-04
2.699999999999999969e-02
5.899999999999999863e-03
2.600000000000000314e-03
1.000000000000000048e-04
7.560000000000000053e-02
3.000000000000000279e-04
1.500000000000000118e-02
3.000000000000000279e-04
1.020000000000000073e-02
3.000000000000000279e-04
1.560000000000000102e-02
3.400000000000000244e-03
4.000000000000000192e-04
8.000000000000000383e-04
1.870000000000000134e-02
1.100000000000000066e-03
1.400000000000000029e-02
2.000000000000000096e-04
7.900000000000000772e-03
1.000000000000000048e-04
7.900000000000000772e-03
1.000000000000000021e-03
1.500000000000000031e-03
3.000000000000000279e-04
3.700000000000000511e-02
3.000000000000000279e-04
2.400000000000000223e-03
4.000000000000000192e-04
2.000000000000000042e-02
1.200000000000000112e-03
3.080000000000000099e-02
1.899999999999999996e-03
3.400000000000000244e-03
1.360000000000000098e-02
1.899999999999999996e-03
3.100000000000000325e-03
3.000000000000000279e-04
4.000000000000000192e-04
4.000000000000000192e-04
1.000000000000000021e-03
6.300000000000000044e-03
1.170000000000000033e-02
1.899999999999999996e-03
8.300000000000000086e-03
1.000000000000000021e-03
5.000000000000000104e-04
2.000000000000000096e-04
3.000000000000000062e-03
6.999999999999999929e-04
1.800000000000000168e-03
2.080000000000000251e-02
3.000000000000000279e-04
3.950000000000000039e-02
1.200000000000000112e-03
2.600000000000000314e-03
2.000000000000000042e-03
1.399999999999999986e-03
6.999999999999999929e-04
7.599999999999999985e-03
1.300000000000000157e-03
4.200000000000000608e-03
2.200000000000000133e-03
2.420000000000000276e-02
3.600000000000000335e-03
2.000000000000000096e-04
1.600000000000000077e-03
1.300000000000000114e-02
3.000000000000000279e-04
1.089999999999999997e-02
2.000000000000000096e-04
4.700000000000000185e-03
5.000000000000000104e-04
3.600000000000000335e-03
3.100000000000000325e-03
2.160000000000000114e-02
4.300000000000000003e-03
4.000000000000000192e-04
1.000000000000000048e-04
4.599999999999999922e-03
1.000000000000000048e-04
5.700000000000000205e-03
2.000000000000000096e-04
1.300000000000000157e-03
1.899999999999999996e-03
2.570000000000000062e-02
4.000000000000000192e-04
1.300000000000000157e-03
2.000000000000000096e-04
5.800000000000000468e-03
1.000000000000000048e-04
3.200000000000000153e-03
3.400000000000000244e-03
1.254000000000000115e-01
2.000000000000000096e-04
2.270000000000000143e-02
5.000000000000000104e-04
1.000000000000000021e-02
1.800000000000000168e-03
3.299999999999999982e-03
3.000000000000000062e-03
8.899999999999999925e-03
3.000000000000000279e-04
4.000000000000000192e-04
1.800000000000000168e-03
3.289999999999999869e-02
6.000000000000000559e-04
2.040000000000000147e-02
2.000000000000000096e-04
7.100000000000000408e-03
5.000000000000000104e-04
2.000000000000000096e-04
9.000000000000000838e-04
1.800000000000000211e-02
1.000000000000000048e-04
2.050000000000000086e-02
5.000000000000000104e-04
6.400000000000000307e-03
8.800000000000000530e-03
2.100000000000000304e-03
6.300000000000000044e-03
1.300000000000000157e-03
3.900000000000000255e-03
9.900000000000000813e-03
4.300000000000000003e-03
2.200000000000000219e-02
3.000000000000000279e-04
7.320000000000000118e-02
1.700000000000000122e-03
5.899999999999999863e-03
2.100000000000000304e-03
5.500000000000000548e-03
4.000000000000000192e-04
4.259999999999999898e-02
2.400000000000000223e-03
1.030000000000000013e-02
5.000000000000000104e-04
6.620000000000000884e-02
2.799999999999999972e-03
2.040000000000000147e-02
4.000000000000000192e-04
5.300000000000000024e-03
3.000000000000000279e-04
1.800000000000000168e-03
3.000000000000000279e-04
9.000000000000000838e-04
2.900000000000000234e-03
3.799999999999999992e-03
3.200000000000000153e-03
1.340000000000000045e-02
4.000000000000000192e-04
1.070000000000000118e-02
8.000000000000000383e-04
6.500000000000000569e-03
1.200000000000000112e-03
3.100000000000000325e-03
2.299999999999999961e-03
7.300000000000000065e-03
1.500000000000000031e-03
2.799999999999999972e-03
1.430000000000000021e-02
1.319999999999999993e-02
6.999999999999999929e-04
2.570000000000000062e-02
1.300000000000000157e-03
1.400000000000000029e-02
5.000000000000000104e-04
1.200000000000000112e-03
6.999999999999999929e-04
1.270000000000000122e-02
4.000000000000000083e-03
1.770000000000000046e-02
6.999999999999999929e-04
5.700000000000000205e-03
9.000000000000000838e-04
2.900000000000000234e-03
6.700000000000000226e-03
2.990000000000000296e-02
4.000000000000000192e-04
1.700000000000000122e-03
4.400000000000000265e-03
2.129999999999999949e-02
1.300000000000000157e-03
1.100000000000000066e-03
1.100000000000000066e-03
2.189999999999999933e-02
6.999999999999999929e-04
1.789999999999999925e-02
5.000000000000000104e-04
1.669999999999999957e-02
1.100000000000000066e-03
2.189999999999999933e-02
3.000000000000000279e-04
1.179999999999999973e-02
8.700000000000001135e-03
4.800000000000000447e-03
1.000000000000000021e-03
4.000000000000000192e-04
5.500000000000000548e-03
6.400000000000000307e-03
1.800000000000000168e-03
2.900000000000000234e-03
3.600000000000000335e-03
4.899999999999999842e-03
6.000000000000000559e-04
2.600000000000000314e-03
6.999999999999999929e-04
2.069999999999999965e-02
1.000000000000000021e-03
2.000000000000000096e-04
1.300000000000000157e-03
3.000000000000000279e-04
8.200000000000000691e-03
2.299999999999999961e-03
1.200000000000000112e-03
3.570000000000000256e-02
1.100000000000000066e-03
1.430000000000000021e-02
2.299999999999999961e-03
2.610000000000000167e-02
2.000000000000000042e-03
2.210000000000000159e-02
1.899999999999999996e-03
1.500000000000000031e-03
8.000000000000000383e-04
5.700000000000000205e-03
2.500000000000000052e-03
4.340000000000000108e-02
2.000000000000000096e-04
5.200000000000000629e-03
2.200000000000000133e-03
3.000000000000000279e-04
1.800000000000000168e-03
3.000000000000000279e-04
3.600000000000000335e-03
6.999999999999999929e-04
1.700000000000000122e-03
5.000000000000000104e-04
1.179999999999999973e-02
6.700000000000000226e-03
9.000000000000000838e-04
7.400000000000000328e-03
5.000000000000000104e-04
2.160000000000000114e-02
1.100000000000000066e-03
9.000000000000001055e-03
4.300000000000000003e-03
5.200000000000000629e-03
8.000000000000000383e-04
3.900000000000000255e-03
6.000000000000000559e-04
6.400000000000000307e-03
6.999999999999999929e-04
1.010000000000000134e-02
1.000000000000000048e-04
6.300000000000000044e-03
4.000000000000000192e-04
5.599999999999999943e-03
5.000000000000000104e-04
5.100000000000000366e-03
3.000000000000000062e-03
4.300000000000000003e-03
3.900000000000000255e-03
1.580000000000000154e-02
8.000000000000000383e-04
3.780000000000000027e-02
1.100000000000000066e-03
2.150000000000000175e-02
6.999999999999999929e-04
6.300000000000000044e-03
4.000000000000000192e-04
5.000000000000000104e-04
1.399999999999999986e-03
2.510000000000000078e-02
6.000000000000000559e-04
7.400000000000000328e-03
3.000000000000000062e-03
6.360000000000000375e-02
4.000000000000000192e-04
2.000000000000000042e-03
2.600000000000000314e-03
9.499999999999999764e-03
2.000000000000000096e-04
2.400000000000000223e-03
5.000000000000000104e-04
3.389999999999999958e-02
5.000000000000000104e-04
3.200000000000000153e-03
2.000000000000000096e-04
1.300000000000000157e-03
1.000000000000000021e-03
1.500000000000000031e-03
6.000000000000000559e-04
3.230000000000000232e-02
1.000000000000000021e-03
4.270000000000000184e-02
3.000000000000000279e-04
2.639999999999999986e-02
1.100000000000000066e-03
2.000000000000000096e-04
5.000000000000000104e-04
3.000000000000000279e-04
4.000000000000000192e-04
1.000000000000000048e-04
6.999999999999999929e-04
4.000000000000000192e-04
3.000000000000000279e-04
2.799999999999999972e-03
1.100000000000000066e-03
1.000000000000000021e-03
4.000000000000000192e-04
2.000000000000000096e-04
3.000000000000000279e-04
1.549999999999999989e-02
2.000000000000000096e-04
4.920000000000000068e-02
1.500000000000000031e-03
2.299999999999999961e-03
1.000000000000000048e-04
8.000000000000000383e-04
2.000000000000000096e-04
1.290000000000000001e-02
8.000000000000000383e-04
6.999999999999999929e-04
2.200000000000000133e-03
9.300000000000000974e-03
1.000000000000000048e-04
4.540000000000000285e-02
1.000000000000000048e-04
6.000000000000000472e-02
8.000000000000000383e-04
1.200000000000000025e-02
4.000000000000000192e-04
1.000000000000000021e-03
4.000000000000000192e-04
1.130000000000000102e-02
3.000000000000000279e-04
2.699999999999999969e-02
5.899999999999999863e-03
2.600000000000000314e-03
1.000000000000000048e-04
7.560000000000000053e-02
3.000000000000000279e-04
1.500000000000000118e-02
3.000000000000000279e-04
1.020000000000000073e-02
3.000000000000000279e-04
1.560000000000000102e-02
3.400000000000000244e-03
4.000000000000000192e-04
8.000000000000000383e-04
1.870000000000000134e-02
1.100000000000000066e-03
1.400000000000000029e-02
2.000000000000000096e-04
7.900000000000000772e-03
1.000000000000000048e-04
7.900000000000000772e-03
9.000000000000000838e-04
1.600000000000000077e-03
3.000000000000000279e-04
3.700000000000000511e-02
3.000000000000000279e-04
2.400000000000000223e-03
3.000000000000000279e-04
2.009999999999999981e-02
1.200000000000000112e-03
3.080000000000000099e-02
1.899999999999999996e-03
3.400000000000000244e-03
1.360000000000000098e-02
1.800000000000000168e-03
3.200000000000000153e-03
3.000000000000000279e-04
4.000000000000000192e-04
4.000000000000000192e-04
9.000000000000000838e-04
6.400000000000000307e-03
1.170000000000000033e-02
1.899999999999999996e-03
8.300000000000000086e-03
1.000000000000000021e-03
5.000000000000000104e-04
2.000000000000000096e-04
3.000000000000000062e-03
6.999999999999999929e-04
1.800000000000000168e-03
2.080000000000000251e-02
3.000000000000000279e-04
3.950000000000000039e-02
1.200000000000000112e-03
2.600000000000000314e-03
2.000000000000000042e-03
1.399999999999999986e-03
6.999999999999999929e-04
7.599999999999999985e-03
1.300000000000000157e-03
4.200000000000000608e-03
2.200000000000000133e-03
2.420000000000000276e-02
3.600000000000000335e-03
1.000000000000000048e-04
1.700000000000000122e-03
1.300000000000000114e-02
3.000000000000000279e-04
1.089999999999999997e-02
2.000000000000000096e-04
4.599999999999999922e-03
6.000000000000000559e-04
3.600000000000000335e-03
3.100000000000000325e-03
2.150000000000000175e-02
4.400000000000000265e-03
3.000000000000000279e-04
2.000000000000000096e-04
4.599999999999999922e-03
1.000000000000000048e-04
5.700000000000000205e-03
1.000000000000000048e-04
1.300000000000000157e-03
2.000000000000000042e-03
2.570000000000000062e-02
4.000000000000000192e-04
1.300000000000000157e-03
1.000000000000000048e-04
5.800000000000000468e-03
2.000000000000000096e-04
3.200000000000000153e-03
3.400000000000000244e-03
1.254000000000000115e-01
2.000000000000000096e-04
2.270000000000000143e-02
5.000000000000000104e-04
1.000000000000000021e-02
1.800000000000000168e-03
3.299999999999999982e-03
3.000000000000000062e-03
8.899999999999999925e-03
2.000000000000000096e-04
5.000000000000000104e-04
1.800000000000000168e-03
3.289999999999999869e-02
6.000000000000000559e-04
2.040000000000000147e-02
2.000000000000000096e-04
7.100000000000000408e-03
5.000000000000000104e-04
2.000000000000000096e-04
9.000000000000000838e-04
1.800000000000000211e-02
1.000000000000000048e-04
2.050000000000000086e-02
4.000000000000000192e-04
6.500000000000000569e-03
8.800000000000000530e-03
2.100000000000000304e-03
6.300000000000000044e-03
1.300000000000000157e-03
3.900000000000000255e-03
9.799999999999999684e-03
4.400000000000000265e-03
2.200000000000000219e-02
3.000000000000000279e-04
7.320000000000000118e-02
1.700000000000000122e-03
5.899999999999999863e-03
2.100000000000000304e-03
5.500000000000000548e-03
4.000000000000000192e-04
4.259999999999999898e-02
2.400000000000000223e-03
1.030000000000000013e-02
5.000000000000000104e-04
6.620000000000000884e-02
2.799999999999999972e-03
2.040000000000000147e-02
4.000000000000000192e-04
5.300000000000000024e-03
3.000000000000000279e-04
1.700000000000000122e-03
4.000000000000000192e-04
9.000000000000000838e-04
2.900000000000000234e-03
3.799999999999999992e-03
3.200000000000000153e-03
1.340000000000000045e-02
4.000000000000000192e-04
1.070000000000000118e-02
6.999999999999999929e-04
6.599999999999999964e-03
1.200000000000000112e-03
3.100000000000000325e-03
2.299999999999999961e-03
7.300000000000000065e-03
1.399999999999999986e-03
2.900000000000000234e-03
1.430000000000000021e-02
1.319999999999999993e-02
6.999999999999999929e-04
2.570000000000000062e-02
1.300000000000000157e-03
1.400000000000000029e-02
5.000000000000000104e-04
1.200000000000000112e-03
6.999999999999999929e-04
1.270000000000000122e-02
4.000000000000000083e-03
1.770000000000000046e-02
6.999999999999999929e-04
5.700000000000000205e-03
9.000000000000000838e-04
2.900000000000000234e-03
6.700000000000000226e-03
2.980000000000000010e-02
5.000000000000000104e-04
1.700000000000000122e-03
4.400000000000000265e-03
2.129999999999999949e-02
1.300000000000000157e-03
1.100000000000000066e-03
1.100000000000000066e-03
2.189999999999999933e-02
6.999999999999999929e-04
1.789999999999999925e-02
5.000000000000000104e-04
1.669999999999999957e-02
1.100000000000000066e-03
2.189999999999999933e-02
3.000000000000000279e-04
1.179999999999999973e-02
8.700000000000001135e-03
4.800000000000000447e-03
1.000000000000000021e-03
4.000000000000000192e-04
5.500000000000000548e-03
6.400000000000000307e-03
1.800000000000000168e-03
2.900000000000000234e-03
3.600000000000000335e-03
4.899999999999999842e-03
6.000000000000000559e-04
2.600000000000000314e-03
6.999999999999999929e-04
2.069999999999999965e-02
1.000000000000000021e-03
2.000000000000000096e-04
1.300000000000000157e-03
3.000000000000000279e-04
8.200000000000000691e-03
2.299999999999999961e-03
1.200000000000000112e-03
3.559999999999999970e-02
1.200000000000000112e-03
1.430000000000000021e-02
2.299999999999999961e-03
3.400000000000000244e-03
1.000000000000000048e-04
2.250000000000000264e-02
2.100000000000000304e-03
2.210000000000000159e-02
1.899999999999999996e-03
1.500000000000000031e-03
8.000000000000000383e-04
5.700000000000000205e-03
2.500000000000000052e-03
4.340000000000000108e-02
2.000000000000000096e-04
5.200000000000000629e-03
2.200000000000000133e-03
3.000000000000000279e-04
1.800000000000000168e-03
3.000000000000000279e-04
3.500000000000000073e-03
8.000000000000000383e-04
1.700000000000000122e-03
4.000000000000000192e-04
1.190000000000000085e-02
6.700000000000000226e-03
9.000000000000000838e-04
7.400000000000000328e-03
5.000000000000000104e-04
2.160000000000000114e-02
1.100000000000000066e-03
9.000000000000001055e-03
4.300000000000000003e-03
5.200000000000000629e-03
8.000000000000000383e-04
3.900000000000000255e-03
5.000000000000000104e-04
6.500000000000000569e-03
6.999999999999999929e-04
1.650000000000000078e-02
4.000000000000000192e-04
5.599999999999999943e-03
5.000000000000000104e-04
5.100000000000000366e-03
3.000000000000000062e-03
4.300000000000000003e-03
3.799999999999999992e-03
1.590000000000000094e-02
8.000000000000000383e-04
3.780000000000000027e-02
1.100000000000000066e-03
2.150000000000000175e-02
6.999999999999999929e-04
6.300000000000000044e-03
4.000000000000000192e-04
5.000000000000000104e-04
1.399999999999999986e-03
2.510000000000000078e-02
6.000000000000000559e-04
7.400000000000000328e-03
3.000000000000000062e-03
