7.100000000000000408e-03
4.000000000000000192e-04
3.299999999999999982e-03
5.000000000000000104e-04
4.529999999999999999e-02
9.000000000000000838e-04
1.100000000000000110e-02
4.000000000000000192e-04
2.750000000000000014e-02
4.000000000000000192e-04
1.700000000000000122e-02
3.000000000000000279e-04
1.800000000000000168e-03
1.200000000000000112e-03
7.080000000000000182e-02
5.000000000000000104e-04
1.530000000000000110e-02
3.000000000000000279e-04
7.599999999999999985e-03
4.000000000000000192e-04
2.380000000000000171e-02
4.000000000000000192e-04
5.120000000000000245e-02
5.000000000000000104e-04
3.380000000000000365e-02
1.470000000000000126e-02
4.870000000000000023e-02
8.000000000000000383e-04
1.080000000000000057e-02
8.270000000000000961e-02
1.600000000000000033e-02
5.000000000000000104e-04
3.300000000000000155e-02
1.000000000000000048e-04
4.599999999999999922e-03
4.000000000000000192e-04
1.510000000000000057e-02
5.000000000000000104e-04
1.500000000000000118e-02
4.000000000000000192e-04
1.860000000000000195e-02
3.000000000000000279e-04
1.089999999999999997e-02
4.000000000000000192e-04
8.800000000000000530e-03
2.000000000000000096e-04
5.200000000000000629e-03
2.000000000000000096e-04
1.830000000000000029e-02
3.000000000000000279e-04
2.200000000000000219e-02
6.999999999999999929e-04
8.200000000000000691e-03
2.000000000000000096e-04
1.600000000000000033e-02
1.000000000000000048e-04
1.600000000000000077e-03
4.000000000000000192e-04
3.990000000000000491e-02
1.000000000000000048e-04
2.400000000000000223e-03
1.000000000000000048e-04
3.260000000000000397e-02
4.000000000000000192e-04
2.150000000000000175e-02
3.000000000000000279e-04
4.000000000000000083e-03
2.000000000000000096e-04
1.690000000000000183e-02
1.000000000000000048e-04
5.170000000000000290e-02
4.100000000000000346e-03
5.000000000000000104e-03
1.030000000000000013e-02
5.400000000000000286e-03
5.000000000000000104e-04
1.420000000000000082e-02
1.100000000000000066e-03
2.450000000000000094e-02
6.999999999999999929e-04
2.030000000000000207e-02
1.000000000000000048e-04
1.020000000000000073e-02
6.999999999999999929e-04
5.300000000000000024e-03
5.000000000000000104e-04
3.000000000000000062e-03
1.000000000000000048e-04
7.200000000000000670e-03
2.000000000000000096e-04
1.720000000000000001e-02
3.000000000000000279e-04
6.670000000000000928e-02
2.000000000000000096e-04
1.050000000000000065e-02
2.000000000000000096e-04
1.839999999999999969e-02
3.000000000000000279e-04
1.399999999999999986e-03
2.000000000000000096e-04
2.970000000000000070e-02
1.200000000000000112e-03
3.960000000000000325e-02
1.000000000000000048e-04
1.910000000000000239e-02
4.000000000000000192e-04
1.100000000000000066e-03
4.000000000000000192e-04
2.179999999999999993e-02
4.000000000000000192e-04
2.390000000000000110e-02
2.000000000000000096e-04
2.100000000000000304e-03
4.000000000000000192e-04
2.050000000000000086e-02
1.000000000000000048e-04
1.200000000000000025e-02
6.000000000000000559e-04
2.110000000000000070e-02
4.000000000000000192e-04
4.599999999999999922e-03
1.000000000000000048e-04
1.650000000000000078e-02
3.000000000000000279e-04
7.800000000000000509e-03
4.000000000000000192e-04
4.800000000000000447e-03
1.000000000000000048e-04
4.899999999999999842e-03
4.000000000000000192e-04
6.599999999999999964e-03
2.000000000000000096e-04
8.099999999999999561e-03
2.000000000000000096e-04
1.200000000000000112e-03
4.000000000000000192e-04
2.090000000000000191e-02
4.000000000000000192e-04
5.460000000000000270e-02
3.000000000000000279e-04
6.500000000000000569e-03
3.000000000000000279e-04
3.100000000000000325e-03
2.000000000000000096e-04
1.850000000000000255e-02
2.000000000000000096e-04
1.870000000000000134e-02
2.000000000000000096e-04
1.240000000000000130e-02
3.000000000000000279e-04
4.300000000000000003e-03
2.000000000000000096e-04
3.700000000000000164e-03
4.000000000000000192e-04
3.600000000000000335e-03
1.200000000000000112e-03
2.500000000000000052e-03
6.400000000000000307e-03
4.899999999999999842e-03
3.000000000000000279e-04
2.600000000000000314e-03
1.399999999999999986e-03
3.420000000000000123e-02
5.000000000000000104e-04
3.299999999999999982e-03
3.000000000000000279e-04
9.760000000000000620e-02
5.000000000000000104e-04
1.880000000000000074e-02
5.000000000000000104e-04
7.900000000000000772e-03
2.000000000000000096e-04
1.640000000000000138e-02
4.000000000000000192e-04
3.930000000000000160e-02
4.000000000000000192e-04
4.000000000000000192e-04
2.000000000000000096e-04
2.500000000000000052e-03
4.000000000000000192e-04
1.010000000000000134e-02
4.000000000000000192e-04
1.700000000000000122e-03
3.600000000000000335e-03
1.399999999999999986e-03
3.000000000000000279e-04
7.400000000000000328e-03
2.000000000000000096e-04
5.000000000000000104e-04
2.000000000000000096e-04
5.279999999999999971e-02
3.000000000000000279e-04
4.340000000000000108e-02
6.000000000000000559e-04
7.900000000000000772e-03
2.000000000000000096e-04
1.570000000000000215e-02
6.999999999999999929e-04
9.799999999999999684e-03
1.000000000000000048e-04
8.400000000000001216e-03
2.000000000000000096e-04
2.200000000000000133e-03
4.000000000000000192e-04
2.700000000000000143e-03
4.000000000000000192e-04
1.310000000000000053e-02
1.000000000000000021e-03
1.319999999999999993e-02
2.000000000000000096e-04
4.510000000000000120e-02
4.000000000000000192e-04
3.100000000000000325e-03
4.000000000000000192e-04
3.000000000000000279e-04
2.000000000000000096e-04
1.080000000000000057e-02
2.100000000000000304e-03
1.650000000000000078e-02
8.000000000000000383e-04
7.200000000000000670e-03
4.000000000000000192e-04
4.100000000000000346e-03
4.599999999999999922e-03
1.340000000000000045e-02
2.000000000000000096e-04
3.420000000000000123e-02
4.000000000000000192e-04
9.600000000000000894e-03
4.000000000000000192e-04
1.330000000000000106e-02
4.000000000000000192e-04
6.000000000000000559e-04
2.000000000000000096e-04
1.519999999999999997e-02
5.000000000000000104e-04
3.299999999999999982e-03
3.000000000000000279e-04
1.300000000000000157e-03
1.000000000000000048e-04
1.000000000000000048e-04
5.000000000000000104e-04
5.899999999999999863e-03
2.000000000000000096e-04
1.000000000000000021e-03
5.000000000000000104e-04
8.000000000000000383e-04
4.000000000000000192e-04
1.000000000000000021e-03
4.300000000000000003e-03
3.500000000000000073e-03
1.000000000000000048e-04
5.000000000000000104e-04
1.000000000000000048e-04
1.200000000000000112e-03
2.000000000000000096e-04
1.300000000000000157e-03
4.000000000000000192e-04
2.000000000000000096e-04
1.700000000000000122e-03
4.400000000000000265e-03
2.600000000000000314e-03
1.230000000000000017e-02
6.000000000000000559e-04
7.500000000000000590e-03
1.700000000000000122e-03
2.299999999999999961e-03
6.000000000000000559e-04
4.500000000000000527e-03
3.400000000000000244e-03
5.100000000000000366e-03
3.000000000000000279e-04
2.000000000000000096e-04
4.000000000000000192e-04
1.179999999999999973e-02
1.300000000000000157e-03
1.390000000000000090e-02
3.000000000000000279e-04
9.000000000000000838e-04
6.000000000000000559e-04
1.600000000000000077e-03
1.000000000000000048e-04
8.000000000000000383e-04
5.000000000000000104e-04
7.300000000000000065e-03
3.000000000000000279e-04
1.000000000000000021e-02
3.000000000000000279e-04
3.660000000000000059e-02
6.999999999999999929e-04
6.000000000000000125e-03
2.000000000000000096e-04
2.060000000000000026e-02
6.000000000000000559e-04
1.240000000000000130e-02
4.000000000000000192e-04
2.910000000000000087e-02
5.000000000000000104e-04
2.540000000000000244e-02
6.999999999999999929e-04
1.940000000000000058e-02
5.000000000000000104e-04
2.699999999999999969e-02
2.000000000000000096e-04
1.300000000000000157e-03
4.000000000000000192e-04
1.570000000000000215e-02
2.000000000000000096e-04
4.479999999999999954e-02
2.000000000000000096e-04
6.700000000000000226e-03
3.000000000000000279e-04
9.100000000000000450e-03
5.000000000000000104e-04
3.299999999999999982e-03
4.000000000000000192e-04
4.540000000000000285e-02
9.000000000000000838e-04
1.100000000000000110e-02
4.000000000000000192e-04
2.750000000000000014e-02
4.000000000000000192e-04
1.700000000000000122e-02
3.000000000000000279e-04
1.800000000000000168e-03
1.200000000000000112e-03
7.080000000000000182e-02
5.000000000000000104e-04
1.530000000000000110e-02
3.000000000000000279e-04
7.599999999999999985e-03
4.000000000000000192e-04
2.380000000000000171e-02
3.000000000000000279e-04
5.130000000000000532e-02
5.000000000000000104e-04
3.370000000000000079e-02
1.480000000000000066e-02
4.870000000000000023e-02
8.000000000000000383e-04
1.080000000000000057e-02
8.270000000000000961e-02
1.600000000000000033e-02
5.000000000000000104e-04
3.300000000000000155e-02
1.000000000000000048e-04
4.599999999999999922e-03
4.000000000000000192e-04
1.510000000000000057e-02
5.000000000000000104e-04
1.500000000000000118e-02
3.000000000000000279e-04
1.870000000000000134e-02
3.000000000000000279e-04
1.089999999999999997e-02
4.000000000000000192e-04
8.700000000000001135e-03
3.000000000000000279e-04
5.200000000000000629e-03
2.000000000000000096e-04
1.830000000000000029e-02
3.000000000000000279e-04
2.200000000000000219e-02
6.999999999999999929e-04
8.200000000000000691e-03
2.000000000000000096e-04
1.600000000000000033e-02
1.000000000000000048e-04
1.600000000000000077e-03
4.000000000000000192e-04
4.240000000000000019e-02
1.000000000000000048e-04
3.260000000000000397e-02
4.000000000000000192e-04
2.150000000000000175e-02
3.000000000000000279e-04
4.000000000000000083e-03
2.000000000000000096e-04
1.690000000000000183e-02
1.000000000000000048e-04
5.170000000000000290e-02
4.100000000000000346e-03
5.000000000000000104e-03
1.030000000000000013e-02
5.400000000000000286e-03
5.000000000000000104e-04
1.420000000000000082e-02
1.000000000000000021e-03
2.460000000000000034e-02
6.999999999999999929e-04
2.030000000000000207e-02
1.000000000000000048e-04
1.020000000000000073e-02
6.999999999999999929e-04
5.300000000000000024e-03
5.000000000000000104e-04
3.000000000000000062e-03
1.000000000000000048e-04
7.200000000000000670e-03
2.000000000000000096e-04
1.720000000000000001e-02
3.000000000000000279e-04
6.670000000000000928e-02
2.000000000000000096e-04
1.050000000000000065e-02
2.000000000000000096e-04
1.839999999999999969e-02
3.000000000000000279e-04
1.399999999999999986e-03
2.000000000000000096e-04
2.970000000000000070e-02
1.200000000000000112e-03
2.000000000000000096e-04
1.000000000000000048e-04
3.930000000000000160e-02
1.000000000000000048e-04
1.910000000000000239e-02
4.000000000000000192e-04
1.100000000000000066e-03
4.000000000000000192e-04
2.179999999999999993e-02
3.000000000000000279e-04
2.400000000000000050e-02
2.000000000000000096e-04
2.100000000000000304e-03
3.000000000000000279e-04
2.060000000000000026e-02
1.000000000000000048e-04
1.200000000000000025e-02
6.000000000000000559e-04
2.110000000000000070e-02
4.000000000000000192e-04
4.599999999999999922e-03
1.000000000000000048e-04
1.650000000000000078e-02
3.000000000000000279e-04
7.800000000000000509e-03
3.000000000000000279e-04
9.900000000000000813e-03
4.000000000000000192e-04
6.599999999999999964e-03
2.000000000000000096e-04
8.099999999999999561e-03
2.000000000000000096e-04
1.200000000000000112e-03
4.000000000000000192e-04
2.090000000000000191e-02
4.000000000000000192e-04
5.460000000000000270e-02
3.000000000000000279e-04
6.500000000000000569e-03
3.000000000000000279e-04
3.100000000000000325e-03
2.000000000000000096e-04
1.850000000000000255e-02
2.000000000000000096e-04
1.870000000000000134e-02
2.000000000000000096e-04
1.240000000000000130e-02
3.000000000000000279e-04
4.200000000000000608e-03
3.000000000000000279e-04
3.700000000000000164e-03
4.000000000000000192e-04
3.600000000000000335e-03
1.200000000000000112e-03
2.500000000000000052e-03
6.400000000000000307e-03
4.899999999999999842e-03
3.000000000000000279e-04
2.600000000000000314e-03
1.300000000000000157e-03
3.430000000000000410e-02
5.000000000000000104e-04
3.200000000000000153e-03
4.000000000000000192e-04
9.760000000000000620e-02
5.000000000000000104e-04
1.880000000000000074e-02
5.000000000000000104e-04
7.900000000000000772e-03
2.000000000000000096e-04
1.640000000000000138e-02
4.000000000000000192e-04
3.930000000000000160e-02
4.000000000000000192e-04
4.000000000000000192e-04
2.000000000000000096e-04
2.500000000000000052e-03
4.000000000000000192e-04
1.010000000000000134e-02
3.000000000000000279e-04
1.800000000000000168e-03
3.600000000000000335e-03
1.399999999999999986e-03
3.000000000000000279e-04
7.400000000000000328e-03
2.000000000000000096e-04
5.000000000000000104e-04
2.000000000000000096e-04
5.279999999999999971e-02
3.000000000000000279e-04
4.340000000000000108e-02
6.000000000000000559e-04
7.900000000000000772e-03
2.000000000000000096e-04
1.570000000000000215e-02
6.999999999999999929e-04
9.799999999999999684e-03
1.000000000000000048e-04
8.400000000000001216e-03
2.000000000000000096e-04
2.100000000000000304e-03
5.000000000000000104e-04
2.700000000000000143e-03
4.000000000000000192e-04
1.300000000000000114e-02
1.100000000000000066e-03
1.319999999999999993e-02
2.000000000000000096e-04
4.510000000000000120e-02
4.000000000000000192e-04
3.100000000000000325e-03
4.000000000000000192e-04
3.000000000000000279e-04
2.000000000000000096e-04
1.080000000000000057e-02
2.100000000000000304e-03
1.640000000000000138e-02
9.000000000000000838e-04
7.200000000000000670e-03
4.000000000000000192e-04
4.100000000000000346e-03
4.599999999999999922e-03
1.340000000000000045e-02
2.000000000000000096e-04
3.420000000000000123e-02
4.000000000000000192e-04
9.600000000000000894e-03
3.000000000000000279e-04
1.340000000000000045e-02
4.000000000000000192e-04
6.000000000000000559e-04
2.000000000000000096e-04
1.519999999999999997e-02
5.000000000000000104e-04
3.200000000000000153e-03
4.000000000000000192e-04
1.200000000000000112e-03
8.000000000000000383e-04
5.899999999999999863e-03
1.000000000000000048e-04
1.100000000000000066e-03
5.000000000000000104e-04
8.000000000000000383e-04
3.000000000000000279e-04
1.100000000000000066e-03
4.300000000000000003e-03
3.500000000000000073e-03
1.000000000000000048e-04
5.000000000000000104e-04
1.000000000000000048e-04
1.200000000000000112e-03
2.000000000000000096e-04
1.300000000000000157e-03
4.000000000000000192e-04
2.000000000000000096e-04
1.700000000000000122e-03
4.400000000000000265e-03
2.500000000000000052e-03
1.230000000000000017e-02
6.999999999999999929e-04
7.500000000000000590e-03
1.700000000000000122e-03
2.200000000000000133e-03
6.000000000000000559e-04
4.599999999999999922e-03
3.400000000000000244e-03
5.100000000000000366e-03
3.000000000000000279e-04
2.000000000000000096e-04
4.000000000000000192e-04
1.179999999999999973e-02
1.300000000000000157e-03
1.390000000000000090e-02
3.000000000000000279e-04
9.000000000000000838e-04
6.000000000000000559e-04
1.500000000000000031e-03
2.000000000000000096e-04
8.000000000000000383e-04
5.000000000000000104e-04
7.300000000000000065e-03
3.000000000000000279e-04
1.000000000000000021e-02
3.000000000000000279e-04
3.660000000000000059e-02
6.999999999999999929e-04
6.000000000000000125e-03
2.000000000000000096e-04
2.060000000000000026e-02
6.000000000000000559e-04
1.240000000000000130e-02
4.000000000000000192e-04
2.910000000000000087e-02
4.000000000000000192e-04
2.550000000000000183e-02
6.999999999999999929e-04
1.940000000000000058e-02
5.000000000000000104e-04
2.699999999999999969e-02
2.000000000000000096e-04
1.200000000000000112e-03
5.000000000000000104e-04
1.570000000000000215e-02
2.000000000000000096e-04
4.479999999999999954e-02
2.000000000000000096e-04
6.700000000000000226e-03
3.000000000000000279e-04
9.100000000000000450e-03
5.000000000000000104e-04
3.299999999999999982e-03
4.000000000000000192e-04
4.540000000000000285e-02
9.000000000000000838e-04
1.100000000000000110e-02
3.000000000000000279e-04
2.760000000000000300e-02
4.000000000000000192e-04
1.700000000000000122e-02
3.000000000000000279e-04
1.800000000000000168e-03
1.200000000000000112e-03
7.080000000000000182e-02
5.000000000000000104e-04
1.530000000000000110e-02
3.000000000000000279e-04
7.599999999999999985e-03
4.000000000000000192e-04
2.380000000000000171e-02
3.000000000000000279e-04
5.130000000000000532e-02
5.000000000000000104e-04
3.370000000000000079e-02
1.480000000000000066e-02
4.870000000000000023e-02
8.000000000000000383e-04
1.080000000000000057e-02
8.270000000000000961e-02
1.600000000000000033e-02
5.000000000000000104e-04
3.289999999999999869e-02
2.000000000000000096e-04
4.599999999999999922e-03
4.000000000000000192e-04
1.510000000000000057e-02
5.000000000000000104e-04
1.490000000000000005e-02
4.000000000000000192e-04
1.870000000000000134e-02
3.000000000000000279e-04
1.089999999999999997e-02
4.000000000000000192e-04
8.700000000000001135e-03
3.000000000000000279e-04
5.200000000000000629e-03
2.000000000000000096e-04
1.830000000000000029e-02
3.000000000000000279e-04
2.200000000000000219e-02
6.999999999999999929e-04
8.200000000000000691e-03
2.000000000000000096e-04
1.600000000000000033e-02
1.000000000000000048e-04
1.600000000000000077e-03
4.000000000000000192e-04
3.980000000000000204e-02
1.000000000000000048e-04
2.500000000000000052e-03
1.000000000000000048e-04
3.260000000000000397e-02
4.000000000000000192e-04
2.150000000000000175e-02
3.000000000000000279e-04
4.000000000000000083e-03
2.000000000000000096e-04
1.680000000000000243e-02
2.000000000000000096e-04
5.170000000000000290e-02
4.100000000000000346e-03
5.000000000000000104e-03
1.030000000000000013e-02
5.400000000000000286e-03
5.000000000000000104e-04
1.420000000000000082e-02
1.000000000000000021e-03
2.460000000000000034e-02
6.999999999999999929e-04
2.030000000000000207e-02
1.000000000000000048e-04
1.020000000000000073e-02
6.999999999999999929e-04
5.300000000000000024e-03
5.000000000000000104e-04
2.900000000000000234e-03
2.000000000000000096e-04
7.200000000000000670e-03
2.000000000000000096e-04
1.720000000000000001e-02
3.000000000000000279e-04
6.670000000000000928e-02
2.000000000000000096e-04
1.050000000000000065e-02
2.000000000000000096e-04
1.839999999999999969e-02
3.000000000000000279e-04
1.399999999999999986e-03
2.000000000000000096e-04
2.970000000000000070e-02
1.100000000000000066e-03
3.000000000000000279e-04
1.000000000000000048e-04
3.930000000000000160e-02
1.000000000000000048e-04
1.910000000000000239e-02
4.000000000000000192e-04
1.000000000000000021e-03
5.000000000000000104e-04
2.179999999999999993e-02
3.000000000000000279e-04
2.400000000000000050e-02
2.000000000000000096e-04
2.100000000000000304e-03
3.000000000000000279e-04
2.060000000000000026e-02
1.000000000000000048e-04
1.200000000000000025e-02
6.000000000000000559e-04
2.110000000000000070e-02
3.000000000000000279e-04
4.700000000000000185e-03
1.000000000000000048e-04
1.650000000000000078e-02
3.000000000000000279e-04
7.800000000000000509e-03
3.000000000000000279e-04
9.900000000000000813e-03
4.000000000000000192e-04
6.599999999999999964e-03
2.000000000000000096e-04
8.000000000000000167e-03
3.000000000000000279e-04
1.200000000000000112e-03
4.000000000000000192e-04
2.090000000000000191e-02
4.000000000000000192e-04
5.460000000000000270e-02
3.000000000000000279e-04
6.500000000000000569e-03
3.000000000000000279e-04
3.000000000000000062e-03
3.000000000000000279e-04
1.839999999999999969e-02
3.000000000000000279e-04
1.870000000000000134e-02
2.000000000000000096e-04
1.240000000000000130e-02
3.000000000000000279e-04
4.200000000000000608e-03
3.000000000000000279e-04
3.700000000000000164e-03
4.000000000000000192e-04
3.500000000000000073e-03
1.200000000000000112e-03
2.600000000000000314e-03
6.400000000000000307e-03
4.899999999999999842e-03
3.000000000000000279e-04
2.500000000000000052e-03
1.399999999999999986e-03
3.430000000000000410e-02
5.000000000000000104e-04
3.200000000000000153e-03
4.000000000000000192e-04
9.750000000000000333e-02
6.000000000000000559e-04
1.880000000000000074e-02
5.000000000000000104e-04
7.900000000000000772e-03
2.000000000000000096e-04
1.640000000000000138e-02
4.000000000000000192e-04
3.930000000000000160e-02
3.000000000000000279e-04
5.000000000000000104e-04
1.000000000000000048e-04
2.600000000000000314e-03
4.000000000000000192e-04
1.010000000000000134e-02
3.000000000000000279e-04
1.700000000000000122e-03
3.700000000000000164e-03
1.399999999999999986e-03
3.000000000000000279e-04
7.400000000000000328e-03
2.000000000000000096e-04
5.000000000000000104e-04
2.000000000000000096e-04
5.279999999999999971e-02
3.000000000000000279e-04
4.340000000000000108e-02
6.000000000000000559e-04
7.900000000000000772e-03
2.000000000000000096e-04
1.570000000000000215e-02
6.000000000000000559e-04
9.900000000000000813e-03
1.000000000000000048e-04
8.400000000000001216e-03
2.000000000000000096e-04
2.100000000000000304e-03
5.000000000000000104e-04
2.700000000000000143e-03
4.000000000000000192e-04
1.300000000000000114e-02
1.100000000000000066e-03
1.319999999999999993e-02
2.000000000000000096e-04
4.510000000000000120e-02
4.000000000000000192e-04
3.100000000000000325e-03
4.000000000000000192e-04
2.000000000000000096e-04
3.000000000000000279e-04
1.080000000000000057e-02
2.100000000000000304e-03
1.640000000000000138e-02
9.000000000000000838e-04
7.200000000000000670e-03
4.000000000000000192e-04
4.100000000000000346e-03
4.599999999999999922e-03
1.340000000000000045e-02
2.000000000000000096e-04
3.420000000000000123e-02
4.000000000000000192e-04
9.600000000000000894e-03
3.000000000000000279e-04
1.340000000000000045e-02
4.000000000000000192e-04
6.000000000000000559e-04
2.000000000000000096e-04
1.519999999999999997e-02
5.000000000000000104e-04
3.200000000000000153e-03
4.000000000000000192e-04
1.200000000000000112e-03
6.999999999999999929e-04
6.000000000000000125e-03
1.000000000000000048e-04
1.100000000000000066e-03
4.000000000000000192e-04
8.000000000000000383e-04
4.000000000000000192e-04
1.100000000000000066e-03
4.300000000000000003e-03
3.500000000000000073e-03
1.000000000000000048e-04
5.000000000000000104e-04
1.000000000000000048e-04
1.200000000000000112e-03
2.000000000000000096e-04
1.300000000000000157e-03
4.000000000000000192e-04
2.000000000000000096e-04
1.700000000000000122e-03
4.400000000000000265e-03
2.500000000000000052e-03
1.230000000000000017e-02
6.999999999999999929e-04
7.500000000000000590e-03
1.700000000000000122e-03
2.200000000000000133e-03
6.000000000000000559e-04
4.599999999999999922e-03
3.400000000000000244e-03
5.100000000000000366e-03
3.000000000000000279e-04
2.000000000000000096e-04
4.000000000000000192e-04
1.179999999999999973e-02
1.300000000000000157e-03
1.390000000000000090e-02
3.000000000000000279e-04
9.000000000000000838e-04
5.000000000000000104e-04
1.600000000000000077e-03
1.000000000000000048e-04
8.000000000000000383e-04
6.000000000000000559e-04
7.300000000000000065e-03
3.000000000000000279e-04
1.000000000000000021e-02
3.000000000000000279e-04
3.660000000000000059e-02
6.999999999999999929e-04
6.000000000000000125e-03
2.000000000000000096e-04
2.060000000000000026e-02
6.000000000000000559e-04
1.240000000000000130e-02
4.000000000000000192e-04
2.910000000000000087e-02
4.000000000000000192e-04
2.540000000000000244e-02
8.000000000000000383e-04
1.940000000000000058e-02
5.000000000000000104e-04
2.699999999999999969e-02
2.000000000000000096e-04
1.200000000000000112e-03
4.000000000000000192e-04
1.580000000000000154e-02
2.000000000000000096e-04
4.479999999999999954e-02
2.000000000000000096e-04
6.599999999999999964e-03
4.000000000000000192e-04
9.100000000000000450e-03
5.000000000000000104e-04
3.299999999999999982e-03
4.000000000000000192e-04
4.540000000000000285e-02
9.000000000000000838e-04
1.100000000000000110e-02
3.000000000000000279e-04
2.760000000000000300e-02
3.000000000000000279e-04
1.710000000000000062e-02
3.000000000000000279e-04
1.800000000000000168e-03
1.100000000000000066e-03
7.090000000000000469e-02
5.000000000000000104e-04
1.530000000000000110e-02
3.000000000000000279e-04
7.599999999999999985e-03
4.000000000000000192e-04
2.380000000000000171e-02
3.000000000000000279e-04
5.130000000000000532e-02
5.000000000000000104e-04
3.370000000000000079e-02
1.480000000000000066e-02
4.870000000000000023e-02
8.000000000000000383e-04
1.070000000000000118e-02
8.279999999999999860e-02
1.600000000000000033e-02
5.000000000000000104e-04
3.289999999999999869e-02
2.000000000000000096e-04
4.599999999999999922e-03
4.000000000000000192e-04
1.510000000000000057e-02
5.000000000000000104e-04
1.490000000000000005e-02
4.000000000000000192e-04
1.860000000000000195e-02
4.000000000000000192e-04
1.089999999999999997e-02
4.000000000000000192e-04
8.700000000000001135e-03
3.000000000000000279e-04
5.200000000000000629e-03
2.000000000000000096e-04
1.830000000000000029e-02
3.000000000000000279e-04
2.200000000000000219e-02
6.999999999999999929e-04
8.099999999999999561e-03
2.000000000000000096e-04
1.609999999999999973e-02
1.000000000000000048e-04
1.600000000000000077e-03
4.000000000000000192e-04
3.980000000000000204e-02
1.000000000000000048e-04
3.520000000000000212e-02
4.000000000000000192e-04
2.150000000000000175e-02
3.000000000000000279e-04
4.000000000000000083e-03
2.000000000000000096e-04
1.680000000000000243e-02
2.000000000000000096e-04
5.170000000000000290e-02
4.100000000000000346e-03
5.000000000000000104e-03
1.030000000000000013e-02
5.400000000000000286e-03
5.000000000000000104e-04
1.420000000000000082e-02
1.000000000000000021e-03
2.460000000000000034e-02
6.999999999999999929e-04
3.060000000000000220e-02
6.999999999999999929e-04
5.300000000000000024e-03
5.000000000000000104e-04
2.900000000000000234e-03
1.000000000000000048e-04
7.300000000000000065e-03
2.000000000000000096e-04
1.710000000000000062e-02
4.000000000000000192e-04
6.660000000000000642e-02
3.000000000000000279e-04
1.050000000000000065e-02
2.000000000000000096e-04
1.839999999999999969e-02
3.000000000000000279e-04
1.399999999999999986e-03
2.000000000000000096e-04
2.970000000000000070e-02
1.100000000000000066e-03
3.000000000000000279e-04
1.000000000000000048e-04
3.930000000000000160e-02
1.000000000000000048e-04
1.910000000000000239e-02
3.000000000000000279e-04
1.100000000000000066e-03
4.000000000000000192e-04
2.189999999999999933e-02
3.000000000000000279e-04
2.400000000000000050e-02
2.000000000000000096e-04
2.000000000000000042e-03
4.000000000000000192e-04
2.009999999999999981e-02
1.000000000000000048e-04
4.000000000000000192e-04
1.000000000000000048e-04
1.190000000000000085e-02
6.999999999999999929e-04
2.110000000000000070e-02
3.000000000000000279e-04
4.700000000000000185e-03
1.000000000000000048e-04
1.650000000000000078e-02
3.000000000000000279e-04
7.800000000000000509e-03
3.000000000000000279e-04
9.900000000000000813e-03
4.000000000000000192e-04
6.599999999999999964e-03
2.000000000000000096e-04
8.000000000000000167e-03
3.000000000000000279e-04
1.200000000000000112e-03
4.000000000000000192e-04
2.090000000000000191e-02
4.000000000000000192e-04
5.460000000000000270e-02
3.000000000000000279e-04
6.500000000000000569e-03
3.000000000000000279e-04
3.000000000000000062e-03
3.000000000000000279e-04
1.839999999999999969e-02
3.000000000000000279e-04
1.870000000000000134e-02
2.000000000000000096e-04
1.240000000000000130e-02
3.000000000000000279e-04
4.200000000000000608e-03
2.000000000000000096e-04
3.799999999999999992e-03
4.000000000000000192e-04
3.500000000000000073e-03
1.200000000000000112e-03
2.600000000000000314e-03
6.400000000000000307e-03
4.899999999999999842e-03
3.000000000000000279e-04
2.500000000000000052e-03
1.399999999999999986e-03
3.430000000000000410e-02
5.000000000000000104e-04
3.200000000000000153e-03
4.000000000000000192e-04
9.750000000000000333e-02
6.000000000000000559e-04
1.880000000000000074e-02
5.000000000000000104e-04
7.900000000000000772e-03
2.000000000000000096e-04
1.640000000000000138e-02
4.000000000000000192e-04
3.919999999999999873e-02
4.000000000000000192e-04
5.000000000000000104e-04
1.000000000000000048e-04
2.600000000000000314e-03
4.000000000000000192e-04
1.010000000000000134e-02
3.000000000000000279e-04
1.700000000000000122e-03
3.700000000000000164e-03
1.399999999999999986e-03
3.000000000000000279e-04
7.400000000000000328e-03
2.000000000000000096e-04
5.000000000000000104e-04
2.000000000000000096e-04
5.279999999999999971e-02
2.000000000000000096e-04
4.350000000000000394e-02
6.000000000000000559e-04
7.900000000000000772e-03
2.000000000000000096e-04
1.570000000000000215e-02
6.000000000000000559e-04
9.900000000000000813e-03
1.000000000000000048e-04
8.300000000000000086e-03
3.000000000000000279e-04
2.100000000000000304e-03
5.000000000000000104e-04
2.700000000000000143e-03
4.000000000000000192e-04
1.300000000000000114e-02
1.100000000000000066e-03
1.319999999999999993e-02
2.000000000000000096e-04
4.510000000000000120e-02
4.000000000000000192e-04
3.100000000000000325e-03
4.000000000000000192e-04
2.000000000000000096e-04
3.000000000000000279e-04
1.080000000000000057e-02
2.100000000000000304e-03
1.640000000000000138e-02
9.000000000000000838e-04
7.200000000000000670e-03
4.000000000000000192e-04
4.100000000000000346e-03
4.500000000000000527e-03
1.340000000000000045e-02
3.000000000000000279e-04
3.420000000000000123e-02
4.000000000000000192e-04
9.600000000000000894e-03
3.000000000000000279e-04
1.340000000000000045e-02
4.000000000000000192e-04
6.000000000000000559e-04
2.000000000000000096e-04
1.519999999999999997e-02
5.000000000000000104e-04
3.200000000000000153e-03
4.000000000000000192e-04
1.200000000000000112e-03
1.000000000000000048e-04
1.000000000000000048e-04
5.000000000000000104e-04
6.000000000000000125e-03
1.000000000000000048e-04
1.100000000000000066e-03
4.000000000000000192e-04
8.000000000000000383e-04
4.000000000000000192e-04
1.100000000000000066e-03
4.200000000000000608e-03
3.600000000000000335e-03
1.000000000000000048e-04
4.000000000000000192e-04
2.000000000000000096e-04
1.200000000000000112e-03
2.000000000000000096e-04
1.300000000000000157e-03
4.000000000000000192e-04
2.000000000000000096e-04
1.700000000000000122e-03
4.400000000000000265e-03
2.500000000000000052e-03
1.230000000000000017e-02
6.999999999999999929e-04
7.500000000000000590e-03
1.700000000000000122e-03
2.200000000000000133e-03
6.000000000000000559e-04
4.599999999999999922e-03
3.400000000000000244e-03
5.100000000000000366e-03
3.000000000000000279e-04
2.000000000000000096e-04
4.000000000000000192e-04
1.179999999999999973e-02
1.300000000000000157e-03
1.390000000000000090e-02
3.000000000000000279e-04
9.000000000000000838e-04
5.000000000000000104e-04
1.600000000000000077e-03
1.000000000000000048e-04
8.000000000000000383e-04
6.000000000000000559e-04
7.300000000000000065e-03
3.000000000000000279e-04
1.000000000000000021e-02
3.000000000000000279e-04
3.660000000000000059e-02
6.999999999999999929e-04
5.899999999999999863e-03
3.000000000000000279e-04
2.060000000000000026e-02
6.000000000000000559e-04
1.240000000000000130e-02
4.000000000000000192e-04
2.910000000000000087e-02
4.000000000000000192e-04
2.540000000000000244e-02
6.999999999999999929e-04
1.949999999999999997e-02
5.000000000000000104e-04
2.699999999999999969e-02
2.000000000000000096e-04
1.200000000000000112e-03
4.000000000000000192e-04
1.580000000000000154e-02
2.000000000000000096e-04
4.479999999999999954e-02
2.000000000000000096e-04
6.599999999999999964e-03
4.000000000000000192e-04
9.100000000000000450e-03
5.000000000000000104e-04
3.299999999999999982e-03
4.000000000000000192e-04
4.540000000000000285e-02
9.000000000000000838e-04
1.100000000000000110e-02
3.000000000000000279e-04
2.760000000000000300e-02
3.000000000000000279e-04
1.710000000000000062e-02
2.000000000000000096e-04
1.899999999999999996e-03
1.100000000000000066e-03
7.090000000000000469e-02
4.000000000000000192e-04
1.540000000000000049e-02
3.000000000000000279e-04
7.599999999999999985e-03
4.000000000000000192e-04
2.380000000000000171e-02
3.000000000000000279e-04
5.130000000000000532e-02
5.000000000000000104e-04
3.370000000000000079e-02
1.480000000000000066e-02
4.870000000000000023e-02
8.000000000000000383e-04
1.070000000000000118e-02
8.279999999999999860e-02
1.600000000000000033e-02
5.000000000000000104e-04
3.289999999999999869e-02
2.000000000000000096e-04
4.599999999999999922e-03
4.000000000000000192e-04
1.510000000000000057e-02
5.000000000000000104e-04
1.490000000000000005e-02
4.000000000000000192e-04
1.860000000000000195e-02
4.000000000000000192e-04
1.089999999999999997e-02
3.000000000000000279e-04
8.800000000000000530e-03
3.000000000000000279e-04
5.200000000000000629e-03
2.000000000000000096e-04
1.830000000000000029e-02
3.000000000000000279e-04
2.189999999999999933e-02
8.000000000000000383e-04
8.099999999999999561e-03
2.000000000000000096e-04
1.609999999999999973e-02
1.000000000000000048e-04
1.600000000000000077e-03
4.000000000000000192e-04
3.980000000000000204e-02
1.000000000000000048e-04
3.520000000000000212e-02
4.000000000000000192e-04
2.150000000000000175e-02
3.000000000000000279e-04
4.000000000000000083e-03
2.000000000000000096e-04
1.680000000000000243e-02
2.000000000000000096e-04
5.170000000000000290e-02
4.100000000000000346e-03
5.000000000000000104e-03
1.030000000000000013e-02
5.400000000000000286e-03
5.000000000000000104e-04
1.420000000000000082e-02
1.000000000000000021e-03
2.460000000000000034e-02
6.999999999999999929e-04
3.060000000000000220e-02
6.000000000000000559e-04
5.400000000000000286e-03
5.000000000000000104e-04
2.900000000000000234e-03
1.000000000000000048e-04
7.300000000000000065e-03
2.000000000000000096e-04
1.710000000000000062e-02
4.000000000000000192e-04
6.660000000000000642e-02
3.000000000000000279e-04
1.040000000000000126e-02
3.000000000000000279e-04
1.830000000000000029e-02
4.000000000000000192e-04
1.399999999999999986e-03
2.000000000000000096e-04
2.960000000000000131e-02
1.200000000000000112e-03
3.000000000000000279e-04
1.000000000000000048e-04
3.930000000000000160e-02
1.000000000000000048e-04
1.910000000000000239e-02
3.000000000000000279e-04
1.100000000000000066e-03
4.000000000000000192e-04
2.189999999999999933e-02
3.000000000000000279e-04
2.400000000000000050e-02
2.000000000000000096e-04
2.000000000000000042e-03
4.000000000000000192e-04
2.009999999999999981e-02
1.000000000000000048e-04
4.000000000000000192e-04
1.000000000000000048e-04
1.190000000000000085e-02
6.999999999999999929e-04
2.110000000000000070e-02
3.000000000000000279e-04
4.700000000000000185e-03
1.000000000000000048e-04
1.650000000000000078e-02
3.000000000000000279e-04
7.700000000000000247e-03
4.000000000000000192e-04
9.900000000000000813e-03
3.000000000000000279e-04
6.700000000000000226e-03
2.000000000000000096e-04
8.000000000000000167e-03
3.000000000000000279e-04
1.200000000000000112e-03
4.000000000000000192e-04
2.090000000000000191e-02
3.000000000000000279e-04
5.470000000000000556e-02
3.000000000000000279e-04
6.400000000000000307e-03
4.000000000000000192e-04
3.000000000000000062e-03
3.000000000000000279e-04
1.839999999999999969e-02
3.000000000000000279e-04
1.870000000000000134e-02
2.000000000000000096e-04
1.240000000000000130e-02
3.000000000000000279e-04
4.200000000000000608e-03
2.000000000000000096e-04
3.799999999999999992e-03
3.000000000000000279e-04
3.600000000000000335e-03
1.200000000000000112e-03
2.600000000000000314e-03
6.400000000000000307e-03
4.899999999999999842e-03
3.000000000000000279e-04
2.500000000000000052e-03
1.399999999999999986e-03
3.430000000000000410e-02
5.000000000000000104e-04
3.200000000000000153e-03
4.000000000000000192e-04
9.750000000000000333e-02
6.000000000000000559e-04
1.880000000000000074e-02
5.000000000000000104e-04
7.900000000000000772e-03
1.000000000000000048e-04
1.650000000000000078e-02
4.000000000000000192e-04
3.919999999999999873e-02
4.000000000000000192e-04
5.000000000000000104e-04
1.000000000000000048e-04
2.600000000000000314e-03
4.000000000000000192e-04
1.000000000000000021e-02
4.000000000000000192e-04
1.700000000000000122e-03
3.600000000000000335e-03
1.500000000000000031e-03
3.000000000000000279e-04
7.400000000000000328e-03
2.000000000000000096e-04
4.000000000000000192e-04
3.000000000000000279e-04
5.279999999999999971e-02
2.000000000000000096e-04
4.340000000000000108e-02
6.999999999999999929e-04
7.900000000000000772e-03
1.000000000000000048e-04
1.580000000000000154e-02
6.000000000000000559e-04
9.900000000000000813e-03
1.000000000000000048e-04
8.300000000000000086e-03
3.000000000000000279e-04
2.100000000000000304e-03
5.000000000000000104e-04
2.700000000000000143e-03
4.000000000000000192e-04
1.300000000000000114e-02
1.100000000000000066e-03
1.319999999999999993e-02
2.000000000000000096e-04
4.510000000000000120e-02
3.000000000000000279e-04
3.200000000000000153e-03
4.000000000000000192e-04
2.000000000000000096e-04
3.000000000000000279e-04
1.070000000000000118e-02
2.200000000000000133e-03
1.640000000000000138e-02
9.000000000000000838e-04
7.200000000000000670e-03
4.000000000000000192e-04
4.100000000000000346e-03
4.500000000000000527e-03
1.340000000000000045e-02
3.000000000000000279e-04
3.420000000000000123e-02
4.000000000000000192e-04
9.600000000000000894e-03
3.000000000000000279e-04
1.340000000000000045e-02
4.000000000000000192e-04
5.000000000000000104e-04
3.000000000000000279e-04
1.519999999999999997e-02
5.000000000000000104e-04
3.200000000000000153e-03
4.000000000000000192e-04
1.200000000000000112e-03
1.000000000000000048e-04
1.000000000000000048e-04
5.000000000000000104e-04
6.000000000000000125e-03
1.000000000000000048e-04
1.100000000000000066e-03
4.000000000000000192e-04
8.000000000000000383e-04
4.000000000000000192e-04
1.100000000000000066e-03
4.200000000000000608e-03
3.600000000000000335e-03
1.000000000000000048e-04
4.000000000000000192e-04
2.000000000000000096e-04
1.200000000000000112e-03
2.000000000000000096e-04
1.300000000000000157e-03
4.000000000000000192e-04
2.000000000000000096e-04
1.700000000000000122e-03
4.400000000000000265e-03
2.500000000000000052e-03
1.230000000000000017e-02
6.999999999999999929e-04
7.500000000000000590e-03
1.600000000000000077e-03
2.299999999999999961e-03
6.000000000000000559e-04
4.599999999999999922e-03
3.400000000000000244e-03
5.100000000000000366e-03
3.000000000000000279e-04
1.000000000000000048e-04
5.000000000000000104e-04
1.170000000000000033e-02
1.399999999999999986e-03
1.390000000000000090e-02
3.000000000000000279e-04
9.000000000000000838e-04
5.000000000000000104e-04
1.600000000000000077e-03
1.000000000000000048e-04
8.000000000000000383e-04
6.000000000000000559e-04
7.300000000000000065e-03
3.000000000000000279e-04
1.000000000000000021e-02
3.000000000000000279e-04
3.660000000000000059e-02
6.999999999999999929e-04
5.899999999999999863e-03
3.000000000000000279e-04
2.060000000000000026e-02
6.000000000000000559e-04
1.240000000000000130e-02
4.000000000000000192e-04
2.910000000000000087e-02
4.000000000000000192e-04
2.540000000000000244e-02
6.999999999999999929e-04
1.949999999999999997e-02
5.000000000000000104e-04
2.699999999999999969e-02
2.000000000000000096e-04
1.200000000000000112e-03
4.000000000000000192e-04
1.580000000000000154e-02
2.000000000000000096e-04
4.479999999999999954e-02
2.000000000000000096e-04
6.599999999999999964e-03
4.000000000000000192e-04
9.100000000000000450e-03
4.000000000000000192e-04
3.400000000000000244e-03
4.000000000000000192e-04
4.540000000000000285e-02
9.000000000000000838e-04
1.089999999999999997e-02
4.000000000000000192e-04
2.760000000000000300e-02
3.000000000000000279e-04
1.700000000000000122e-02
3.000000000000000279e-04
1.899999999999999996e-03
1.100000000000000066e-03
7.090000000000000469e-02
4.000000000000000192e-04
1.540000000000000049e-02
2.000000000000000096e-04
7.700000000000000247e-03
4.000000000000000192e-04
2.380000000000000171e-02
3.000000000000000279e-04
5.130000000000000532e-02
4.000000000000000192e-04
3.380000000000000365e-02
1.480000000000000066e-02
4.860000000000000431e-02
9.000000000000000838e-04
1.070000000000000118e-02
8.279999999999999860e-02
1.600000000000000033e-02
4.000000000000000192e-04
3.300000000000000155e-02
2.000000000000000096e-04
4.599999999999999922e-03
4.000000000000000192e-04
1.510000000000000057e-02
5.000000000000000104e-04
1.490000000000000005e-02
4.000000000000000192e-04
1.860000000000000195e-02
3.000000000000000279e-04
1.100000000000000110e-02
3.000000000000000279e-04
8.800000000000000530e-03
3.000000000000000279e-04
5.200000000000000629e-03
2.000000000000000096e-04
1.830000000000000029e-02
2.000000000000000096e-04
2.200000000000000219e-02
8.000000000000000383e-04
8.099999999999999561e-03
2.000000000000000096e-04
1.600000000000000033e-02
2.000000000000000096e-04
1.600000000000000077e-03
4.000000000000000192e-04
3.980000000000000204e-02
1.000000000000000048e-04
3.520000000000000212e-02
4.000000000000000192e-04
2.150000000000000175e-02
3.000000000000000279e-04
4.000000000000000083e-03
2.000000000000000096e-04
1.680000000000000243e-02
2.000000000000000096e-04
5.170000000000000290e-02
4.100000000000000346e-03
5.000000000000000104e-03
1.030000000000000013e-02
5.400000000000000286e-03
5.000000000000000104e-04
1.420000000000000082e-02
1.000000000000000021e-03
2.460000000000000034e-02
6.999999999999999929e-04
3.060000000000000220e-02
6.000000000000000559e-04
5.300000000000000024e-03
6.000000000000000559e-04
2.900000000000000234e-03
1.000000000000000048e-04
7.300000000000000065e-03
1.000000000000000048e-04
1.720000000000000001e-02
4.000000000000000192e-04
6.660000000000000642e-02
3.000000000000000279e-04
1.040000000000000126e-02
3.000000000000000279e-04
1.830000000000000029e-02
4.000000000000000192e-04
1.399999999999999986e-03
2.000000000000000096e-04
2.960000000000000131e-02
1.200000000000000112e-03
3.000000000000000279e-04
1.000000000000000048e-04
3.930000000000000160e-02
1.000000000000000048e-04
1.899999999999999953e-02
4.000000000000000192e-04
1.100000000000000066e-03
4.000000000000000192e-04
2.189999999999999933e-02
3.000000000000000279e-04
2.400000000000000050e-02
2.000000000000000096e-04
2.000000000000000042e-03
4.000000000000000192e-04
2.009999999999999981e-02
1.000000000000000048e-04
4.000000000000000192e-04
1.000000000000000048e-04
1.190000000000000085e-02
6.999999999999999929e-04
2.110000000000000070e-02
3.000000000000000279e-04
4.700000000000000185e-03
1.000000000000000048e-04
1.650000000000000078e-02
3.000000000000000279e-04
7.700000000000000247e-03
4.000000000000000192e-04
9.900000000000000813e-03
3.000000000000000279e-04
6.599999999999999964e-03
3.000000000000000279e-04
8.000000000000000167e-03
3.000000000000000279e-04
1.200000000000000112e-03
4.000000000000000192e-04
2.090000000000000191e-02
3.000000000000000279e-04
5.470000000000000556e-02
3.000000000000000279e-04
6.400000000000000307e-03
4.000000000000000192e-04
3.000000000000000062e-03
3.000000000000000279e-04
1.839999999999999969e-02
3.000000000000000279e-04
1.870000000000000134e-02
2.000000000000000096e-04
1.240000000000000130e-02
3.000000000000000279e-04
4.200000000000000608e-03
2.000000000000000096e-04
3.700000000000000164e-03
4.000000000000000192e-04
3.600000000000000335e-03
1.200000000000000112e-03
2.600000000000000314e-03
6.400000000000000307e-03
4.899999999999999842e-03
3.000000000000000279e-04
2.500000000000000052e-03
1.399999999999999986e-03
3.430000000000000410e-02
5.000000000000000104e-04
3.200000000000000153e-03
4.000000000000000192e-04
9.750000000000000333e-02
6.000000000000000559e-04
1.880000000000000074e-02
5.000000000000000104e-04
7.900000000000000772e-03
1.000000000000000048e-04
1.650000000000000078e-02
4.000000000000000192e-04
3.919999999999999873e-02
4.000000000000000192e-04
5.000000000000000104e-04
1.000000000000000048e-04
2.600000000000000314e-03
4.000000000000000192e-04
1.000000000000000021e-02
4.000000000000000192e-04
1.700000000000000122e-03
3.600000000000000335e-03
1.500000000000000031e-03
3.000000000000000279e-04
7.400000000000000328e-03
2.000000000000000096e-04
4.000000000000000192e-04
2.000000000000000096e-04
5.290000000000000258e-02
2.000000000000000096e-04
4.340000000000000108e-02
6.000000000000000559e-04
8.000000000000000167e-03
1.000000000000000048e-04
1.570000000000000215e-02
6.999999999999999929e-04
9.900000000000000813e-03
1.000000000000000048e-04
8.300000000000000086e-03
3.000000000000000279e-04
2.100000000000000304e-03
5.000000000000000104e-04
2.700000000000000143e-03
4.000000000000000192e-04
1.300000000000000114e-02
1.100000000000000066e-03
1.310000000000000053e-02
3.000000000000000279e-04
4.510000000000000120e-02
3.000000000000000279e-04
3.200000000000000153e-03
4.000000000000000192e-04
2.000000000000000096e-04
3.000000000000000279e-04
1.070000000000000118e-02
2.200000000000000133e-03
1.640000000000000138e-02
9.000000000000000838e-04
7.200000000000000670e-03
4.000000000000000192e-04
4.100000000000000346e-03
4.500000000000000527e-03
1.340000000000000045e-02
3.000000000000000279e-04
3.420000000000000123e-02
4.000000000000000192e-04
9.600000000000000894e-03
3.000000000000000279e-04
1.330000000000000106e-02
5.000000000000000104e-04
5.000000000000000104e-04
3.000000000000000279e-04
1.519999999999999997e-02
5.000000000000000104e-04
3.200000000000000153e-03
4.000000000000000192e-04
1.200000000000000112e-03
1.000000000000000048e-04
1.000000000000000048e-04
5.000000000000000104e-04
6.000000000000000125e-03
1.000000000000000048e-04
1.100000000000000066e-03
4.000000000000000192e-04
8.000000000000000383e-04
4.000000000000000192e-04
1.100000000000000066e-03
4.200000000000000608e-03
3.600000000000000335e-03
1.000000000000000048e-04
4.000000000000000192e-04
2.000000000000000096e-04
1.200000000000000112e-03
2.000000000000000096e-04
1.300000000000000157e-03
4.000000000000000192e-04
2.000000000000000096e-04
1.700000000000000122e-03
4.400000000000000265e-03
2.500000000000000052e-03
1.230000000000000017e-02
6.000000000000000559e-04
7.599999999999999985e-03
1.600000000000000077e-03
2.299999999999999961e-03
6.000000000000000559e-04
4.599999999999999922e-03
3.400000000000000244e-03
5.100000000000000366e-03
3.000000000000000279e-04
1.000000000000000048e-04
4.000000000000000192e-04
1.179999999999999973e-02
1.399999999999999986e-03
1.390000000000000090e-02
3.000000000000000279e-04
8.000000000000000383e-04
6.000000000000000559e-04
1.600000000000000077e-03
1.000000000000000048e-04
8.000000000000000383e-04
6.000000000000000559e-04
7.300000000000000065e-03
2.000000000000000096e-04
1.000000000000000021e-02
4.000000000000000192e-04
3.660000000000000059e-02
6.999999999999999929e-04
5.899999999999999863e-03
3.000000000000000279e-04
2.060000000000000026e-02
6.000000000000000559e-04
1.240000000000000130e-02
4.000000000000000192e-04
2.910000000000000087e-02
4.000000000000000192e-04
2.540000000000000244e-02
6.999999999999999929e-04
1.949999999999999997e-02
5.000000000000000104e-04
2.699999999999999969e-02
2.000000000000000096e-04
1.200000000000000112e-03
4.000000000000000192e-04
1.570000000000000215e-02
3.000000000000000279e-04
4.470000000000000362e-02
3.000000000000000279e-04
6.599999999999999964e-03
4.000000000000000192e-04
9.100000000000000450e-03
4.000000000000000192e-04
3.400000000000000244e-03
4.000000000000000192e-04
4.540000000000000285e-02
8.000000000000000383e-04
1.100000000000000110e-02
4.000000000000000192e-04
2.760000000000000300e-02
3.000000000000000279e-04
1.700000000000000122e-02
3.000000000000000279e-04
1.899999999999999996e-03
1.100000000000000066e-03
7.090000000000000469e-02
4.000000000000000192e-04
1.540000000000000049e-02
2.000000000000000096e-04
7.700000000000000247e-03
4.000000000000000192e-04
2.380000000000000171e-02
3.000000000000000279e-04
5.130000000000000532e-02
4.000000000000000192e-04
3.380000000000000365e-02
1.470000000000000126e-02
4.870000000000000023e-02
9.000000000000000838e-04
1.070000000000000118e-02
8.270000000000000961e-02
1.609999999999999973e-02
4.000000000000000192e-04
3.300000000000000155e-02
2.000000000000000096e-04
4.599999999999999922e-03
4.000000000000000192e-04
1.510000000000000057e-02
5.000000000000000104e-04
1.490000000000000005e-02
4.000000000000000192e-04
1.860000000000000195e-02
3.000000000000000279e-04
1.100000000000000110e-02
3.000000000000000279e-04
8.800000000000000530e-03
3.000000000000000279e-04
5.200000000000000629e-03
2.000000000000000096e-04
1.830000000000000029e-02
2.000000000000000096e-04
2.200000000000000219e-02
8.000000000000000383e-04
8.099999999999999561e-03
2.000000000000000096e-04
1.600000000000000033e-02
2.000000000000000096e-04
1.600000000000000077e-03
4.000000000000000192e-04
3.980000000000000204e-02
1.000000000000000048e-04
3.520000000000000212e-02
4.000000000000000192e-04
2.150000000000000175e-02
3.000000000000000279e-04
3.900000000000000255e-03
3.000000000000000279e-04
1.680000000000000243e-02
1.000000000000000048e-04
5.180000000000000576e-02
4.100000000000000346e-03
5.000000000000000104e-03
1.030000000000000013e-02
5.400000000000000286e-03
5.000000000000000104e-04
1.420000000000000082e-02
1.000000000000000021e-03
2.460000000000000034e-02
6.999999999999999929e-04
2.020000000000000268e-02
1.000000000000000048e-04
1.030000000000000013e-02
6.000000000000000559e-04
5.300000000000000024e-03
6.000000000000000559e-04
2.900000000000000234e-03
1.000000000000000048e-04
7.300000000000000065e-03
1.000000000000000048e-04
1.720000000000000001e-02
4.000000000000000192e-04
6.660000000000000642e-02
3.000000000000000279e-04
1.040000000000000126e-02
2.000000000000000096e-04
1.839999999999999969e-02
4.000000000000000192e-04
1.399999999999999986e-03
2.000000000000000096e-04
2.960000000000000131e-02
1.200000000000000112e-03
3.000000000000000279e-04
1.000000000000000048e-04
3.919999999999999873e-02
2.000000000000000096e-04
1.899999999999999953e-02
4.000000000000000192e-04
1.100000000000000066e-03
4.000000000000000192e-04
2.179999999999999993e-02
4.000000000000000192e-04
2.400000000000000050e-02
1.000000000000000048e-04
2.100000000000000304e-03
4.000000000000000192e-04
2.009999999999999981e-02
1.000000000000000048e-04
4.000000000000000192e-04
1.000000000000000048e-04
1.190000000000000085e-02
6.999999999999999929e-04
2.110000000000000070e-02
3.000000000000000279e-04
4.700000000000000185e-03
1.000000000000000048e-04
1.640000000000000138e-02
4.000000000000000192e-04
7.700000000000000247e-03
4.000000000000000192e-04
9.799999999999999684e-03
4.000000000000000192e-04
6.599999999999999964e-03
3.000000000000000279e-04
8.000000000000000167e-03
3.000000000000000279e-04
1.200000000000000112e-03
4.000000000000000192e-04
2.090000000000000191e-02
3.000000000000000279e-04
5.460000000000000270e-02
4.000000000000000192e-04
6.400000000000000307e-03
4.000000000000000192e-04
3.000000000000000062e-03
3.000000000000000279e-04
1.839999999999999969e-02
3.000000000000000279e-04
1.860000000000000195e-02
3.000000000000000279e-04
1.240000000000000130e-02
2.000000000000000096e-04
4.300000000000000003e-03
2.000000000000000096e-04
3.700000000000000164e-03
4.000000000000000192e-04
3.600000000000000335e-03
1.200000000000000112e-03
2.600000000000000314e-03
6.400000000000000307e-03
4.899999999999999842e-03
3.000000000000000279e-04
2.500000000000000052e-03
1.399999999999999986e-03
3.430000000000000410e-02
5.000000000000000104e-04
3.200000000000000153e-03
4.000000000000000192e-04
9.750000000000000333e-02
6.000000000000000559e-04
1.880000000000000074e-02
5.000000000000000104e-04
7.900000000000000772e-03
1.000000000000000048e-04
1.650000000000000078e-02
3.000000000000000279e-04
3.930000000000000160e-02
4.000000000000000192e-04
5.000000000000000104e-04
1.000000000000000048e-04
2.600000000000000314e-03
4.000000000000000192e-04
1.000000000000000021e-02
4.000000000000000192e-04
1.700000000000000122e-03
3.600000000000000335e-03
1.500000000000000031e-03
3.000000000000000279e-04
7.400000000000000328e-03
2.000000000000000096e-04
4.000000000000000192e-04
2.000000000000000096e-04
5.290000000000000258e-02
2.000000000000000096e-04
4.340000000000000108e-02
6.000000000000000559e-04
7.900000000000000772e-03
2.000000000000000096e-04
1.570000000000000215e-02
6.999999999999999929e-04
9.900000000000000813e-03
1.000000000000000048e-04
8.300000000000000086e-03
3.000000000000000279e-04
2.100000000000000304e-03
5.000000000000000104e-04
2.700000000000000143e-03
4.000000000000000192e-04
1.300000000000000114e-02
1.100000000000000066e-03
1.310000000000000053e-02
3.000000000000000279e-04
4.500000000000000527e-02
4.000000000000000192e-04
3.200000000000000153e-03
3.000000000000000279e-04
3.000000000000000279e-04
3.000000000000000279e-04
1.070000000000000118e-02
2.200000000000000133e-03
1.640000000000000138e-02
8.000000000000000383e-04
7.300000000000000065e-03
4.000000000000000192e-04
4.100000000000000346e-03
4.500000000000000527e-03
1.340000000000000045e-02
3.000000000000000279e-04
3.420000000000000123e-02
4.000000000000000192e-04
9.600000000000000894e-03
3.000000000000000279e-04
1.330000000000000106e-02
5.000000000000000104e-04
5.000000000000000104e-04
3.000000000000000279e-04
1.519999999999999997e-02
4.000000000000000192e-04
3.299999999999999982e-03
4.000000000000000192e-04
1.200000000000000112e-03
1.000000000000000048e-04
1.000000000000000048e-04
5.000000000000000104e-04
6.000000000000000125e-03
1.000000000000000048e-04
1.100000000000000066e-03
4.000000000000000192e-04
8.000000000000000383e-04
4.000000000000000192e-04
1.000000000000000021e-03
4.300000000000000003e-03
3.600000000000000335e-03
1.000000000000000048e-04
4.000000000000000192e-04
2.000000000000000096e-04
1.100000000000000066e-03
2.000000000000000096e-04
1.399999999999999986e-03
4.000000000000000192e-04
1.000000000000000048e-04
1.700000000000000122e-03
4.500000000000000527e-03
2.500000000000000052e-03
1.230000000000000017e-02
6.000000000000000559e-04
7.500000000000000590e-03
1.700000000000000122e-03
2.299999999999999961e-03
6.000000000000000559e-04
4.599999999999999922e-03
3.299999999999999982e-03
5.200000000000000629e-03
3.000000000000000279e-04
1.000000000000000048e-04
4.000000000000000192e-04
1.179999999999999973e-02
1.399999999999999986e-03
1.380000000000000150e-02
4.000000000000000192e-04
8.000000000000000383e-04
6.000000000000000559e-04
1.600000000000000077e-03
1.000000000000000048e-04
8.000000000000000383e-04
6.000000000000000559e-04
7.300000000000000065e-03
2.000000000000000096e-04
1.000000000000000021e-02
3.000000000000000279e-04
3.670000000000000345e-02
6.999999999999999929e-04
5.899999999999999863e-03
3.000000000000000279e-04
2.060000000000000026e-02
6.000000000000000559e-04
1.240000000000000130e-02
3.000000000000000279e-04
2.910000000000000087e-02
5.000000000000000104e-04
2.540000000000000244e-02
6.999999999999999929e-04
1.940000000000000058e-02
6.000000000000000559e-04
2.699999999999999969e-02
2.000000000000000096e-04
1.200000000000000112e-03
4.000000000000000192e-04
1.570000000000000215e-02
3.000000000000000279e-04
4.470000000000000362e-02
2.000000000000000096e-04
6.700000000000000226e-03
4.000000000000000192e-04
9.100000000000000450e-03
4.000000000000000192e-04
3.299999999999999982e-03
5.000000000000000104e-04
4.540000000000000285e-02
8.000000000000000383e-04
1.100000000000000110e-02
4.000000000000000192e-04
2.760000000000000300e-02
3.000000000000000279e-04
1.700000000000000122e-02
3.000000000000000279e-04
1.899999999999999996e-03
1.100000000000000066e-03
7.090000000000000469e-02
4.000000000000000192e-04
1.540000000000000049e-02
2.000000000000000096e-04
7.700000000000000247e-03
4.000000000000000192e-04
2.380000000000000171e-02
3.000000000000000279e-04
5.120000000000000245e-02
5.000000000000000104e-04
3.380000000000000365e-02
1.470000000000000126e-02
4.870000000000000023e-02
9.000000000000000838e-04
1.070000000000000118e-02
8.270000000000000961e-02
1.600000000000000033e-02
5.000000000000000104e-04
3.300000000000000155e-02
1.000000000000000048e-04
4.599999999999999922e-03
4.000000000000000192e-04
1.519999999999999997e-02
4.000000000000000192e-04
1.500000000000000118e-02
4.000000000000000192e-04
1.860000000000000195e-02
3.000000000000000279e-04
1.100000000000000110e-02
3.000000000000000279e-04
8.800000000000000530e-03
3.000000000000000279e-04
5.200000000000000629e-03
2.000000000000000096e-04
1.830000000000000029e-02
2.000000000000000096e-04
2.200000000000000219e-02
8.000000000000000383e-04
8.099999999999999561e-03
2.000000000000000096e-04
1.600000000000000033e-02
2.000000000000000096e-04
1.500000000000000031e-03
4.000000000000000192e-04
3.990000000000000491e-02
1.000000000000000048e-04
2.400000000000000223e-03
1.000000000000000048e-04
3.269999999999999990e-02
3.000000000000000279e-04
2.150000000000000175e-02
4.000000000000000192e-04
3.900000000000000255e-03
3.000000000000000279e-04
1.680000000000000243e-02
1.000000000000000048e-04
5.180000000000000576e-02
4.000000000000000083e-03
5.000000000000000104e-03
1.030000000000000013e-02
5.500000000000000548e-03
5.000000000000000104e-04
1.420000000000000082e-02
1.000000000000000021e-03
2.460000000000000034e-02
6.999999999999999929e-04
2.020000000000000268e-02
1.000000000000000048e-04
1.030000000000000013e-02
6.000000000000000559e-04
5.300000000000000024e-03
6.000000000000000559e-04
2.900000000000000234e-03
1.000000000000000048e-04
7.300000000000000065e-03
1.000000000000000048e-04
1.720000000000000001e-02
4.000000000000000192e-04
6.660000000000000642e-02
2.000000000000000096e-04
1.050000000000000065e-02
2.000000000000000096e-04
1.839999999999999969e-02
4.000000000000000192e-04
1.399999999999999986e-03
2.000000000000000096e-04
2.960000000000000131e-02
1.200000000000000112e-03
3.000000000000000279e-04
1.000000000000000048e-04
3.919999999999999873e-02
2.000000000000000096e-04
1.899999999999999953e-02
4.000000000000000192e-04
1.100000000000000066e-03
4.000000000000000192e-04
2.179999999999999993e-02
4.000000000000000192e-04
2.400000000000000050e-02
1.000000000000000048e-04
2.100000000000000304e-03
4.000000000000000192e-04
2.009999999999999981e-02
1.000000000000000048e-04
3.000000000000000279e-04
2.000000000000000096e-04
1.190000000000000085e-02
6.999999999999999929e-04
2.100000000000000130e-02
4.000000000000000192e-04
4.599999999999999922e-03
2.000000000000000096e-04
1.640000000000000138e-02
4.000000000000000192e-04
7.700000000000000247e-03
4.000000000000000192e-04
9.799999999999999684e-03
4.000000000000000192e-04
6.599999999999999964e-03
3.000000000000000279e-04
8.000000000000000167e-03
3.000000000000000279e-04
1.200000000000000112e-03
4.000000000000000192e-04
2.080000000000000251e-02
4.000000000000000192e-04
5.460000000000000270e-02
4.000000000000000192e-04
6.400000000000000307e-03
4.000000000000000192e-04
3.000000000000000062e-03
3.000000000000000279e-04
1.839999999999999969e-02
3.000000000000000279e-04
1.860000000000000195e-02
2.000000000000000096e-04
1.240000000000000130e-02
3.000000000000000279e-04
4.300000000000000003e-03
2.000000000000000096e-04
3.700000000000000164e-03
4.000000000000000192e-04
3.600000000000000335e-03
1.200000000000000112e-03
2.600000000000000314e-03
6.400000000000000307e-03
4.899999999999999842e-03
3.000000000000000279e-04
2.500000000000000052e-03
1.399999999999999986e-03
3.430000000000000410e-02
5.000000000000000104e-04
3.200000000000000153e-03
4.000000000000000192e-04
9.750000000000000333e-02
5.000000000000000104e-04
1.880000000000000074e-02
5.000000000000000104e-04
8.000000000000000167e-03
1.000000000000000048e-04
1.650000000000000078e-02
3.000000000000000279e-04
3.930000000000000160e-02
4.000000000000000192e-04
5.000000000000000104e-04
1.000000000000000048e-04
2.600000000000000314e-03
4.000000000000000192e-04
1.000000000000000021e-02
4.000000000000000192e-04
1.700000000000000122e-03
3.600000000000000335e-03
1.399999999999999986e-03
4.000000000000000192e-04
7.400000000000000328e-03
2.000000000000000096e-04
4.000000000000000192e-04
2.000000000000000096e-04
5.279999999999999971e-02
3.000000000000000279e-04
4.340000000000000108e-02
6.000000000000000559e-04
7.900000000000000772e-03
2.000000000000000096e-04
1.570000000000000215e-02
6.999999999999999929e-04
9.900000000000000813e-03
1.000000000000000048e-04
8.300000000000000086e-03
2.000000000000000096e-04
2.200000000000000133e-03
5.000000000000000104e-04
2.700000000000000143e-03
4.000000000000000192e-04
1.300000000000000114e-02
1.100000000000000066e-03
1.310000000000000053e-02
3.000000000000000279e-04
4.500000000000000527e-02
4.000000000000000192e-04
3.200000000000000153e-03
3.000000000000000279e-04
3.000000000000000279e-04
3.000000000000000279e-04
1.070000000000000118e-02
2.200000000000000133e-03
1.640000000000000138e-02
8.000000000000000383e-04
7.300000000000000065e-03
4.000000000000000192e-04
4.100000000000000346e-03
4.500000000000000527e-03
1.340000000000000045e-02
3.000000000000000279e-04
3.420000000000000123e-02
4.000000000000000192e-04
9.600000000000000894e-03
3.000000000000000279e-04
1.330000000000000106e-02
5.000000000000000104e-04
5.000000000000000104e-04
3.000000000000000279e-04
1.519999999999999997e-02
4.000000000000000192e-04
3.299999999999999982e-03
4.000000000000000192e-04
1.200000000000000112e-03
1.000000000000000048e-04
1.000000000000000048e-04
5.000000000000000104e-04
6.000000000000000125e-03
1.000000000000000048e-04
1.100000000000000066e-03
4.000000000000000192e-04
8.000000000000000383e-04
4.000000000000000192e-04
1.000000000000000021e-03
4.300000000000000003e-03
3.500000000000000073e-03
2.000000000000000096e-04
4.000000000000000192e-04
2.000000000000000096e-04
1.100000000000000066e-03
2.000000000000000096e-04
1.300000000000000157e-03
5.000000000000000104e-04
1.000000000000000048e-04
1.700000000000000122e-03
4.500000000000000527e-03
2.500000000000000052e-03
1.230000000000000017e-02
6.000000000000000559e-04
7.500000000000000590e-03
1.700000000000000122e-03
2.299999999999999961e-03
6.000000000000000559e-04
4.599999999999999922e-03
3.299999999999999982e-03
5.200000000000000629e-03
3.000000000000000279e-04
1.000000000000000048e-04
4.000000000000000192e-04
1.179999999999999973e-02
1.399999999999999986e-03
1.380000000000000150e-02
3.000000000000000279e-04
9.000000000000000838e-04
6.000000000000000559e-04
1.600000000000000077e-03
1.000000000000000048e-04
8.000000000000000383e-04
5.000000000000000104e-04
7.400000000000000328e-03
2.000000000000000096e-04
1.000000000000000021e-02
3.000000000000000279e-04
3.670000000000000345e-02
6.999999999999999929e-04
5.899999999999999863e-03
3.000000000000000279e-04
2.060000000000000026e-02
6.000000000000000559e-04
1.240000000000000130e-02
3.000000000000000279e-04
2.910000000000000087e-02
5.000000000000000104e-04
2.540000000000000244e-02
6.999999999999999929e-04
1.940000000000000058e-02
5.000000000000000104e-04
2.710000000000000256e-02
1.000000000000000048e-04
1.300000000000000157e-03
4.000000000000000192e-04
1.570000000000000215e-02
3.000000000000000279e-04
4.470000000000000362e-02
2.000000000000000096e-04
6.700000000000000226e-03
4.000000000000000192e-04
9.100000000000000450e-03
4.000000000000000192e-04
3.299999999999999982e-03
5.000000000000000104e-04
4.540000000000000285e-02
8.000000000000000383e-04
1.100000000000000110e-02
4.000000000000000192e-04
2.750000000000000014e-02
4.000000000000000192e-04
1.700000000000000122e-02
3.000000000000000279e-04
1.899999999999999996e-03
1.100000000000000066e-03
7.080000000000000182e-02
5.000000000000000104e-04
1.540000000000000049e-02
2.000000000000000096e-04
7.599999999999999985e-03
5.000000000000000104e-04
2.380000000000000171e-02
3.000000000000000279e-04
5.120000000000000245e-02
5.000000000000000104e-04
3.380000000000000365e-02
1.470000000000000126e-02
4.870000000000000023e-02
9.000000000000000838e-04
1.070000000000000118e-02
8.270000000000000961e-02
1.600000000000000033e-02
5.000000000000000104e-04
3.300000000000000155e-02
1.000000000000000048e-04
4.599999999999999922e-03
4.000000000000000192e-04
1.510000000000000057e-02
5.000000000000000104e-04
1.500000000000000118e-02
4.000000000000000192e-04
1.860000000000000195e-02
3.000000000000000279e-04
1.100000000000000110e-02
3.000000000000000279e-04
8.800000000000000530e-03
3.000000000000000279e-04
5.200000000000000629e-03
2.000000000000000096e-04
1.830000000000000029e-02
2.000000000000000096e-04
2.200000000000000219e-02
6.999999999999999929e-04
8.200000000000000691e-03
2.000000000000000096e-04
1.600000000000000033e-02
1.000000000000000048e-04
1.600000000000000077e-03
4.000000000000000192e-04
3.990000000000000491e-02
1.000000000000000048e-04
2.400000000000000223e-03
1.000000000000000048e-04
3.269999999999999990e-02
3.000000000000000279e-04
2.150000000000000175e-02
4.000000000000000192e-04
3.900000000000000255e-03
3.000000000000000279e-04
1.680000000000000243e-02
1.000000000000000048e-04
5.180000000000000576e-02
4.000000000000000083e-03
5.000000000000000104e-03
1.030000000000000013e-02
5.500000000000000548e-03
4.000000000000000192e-04
1.430000000000000021e-02
1.000000000000000021e-03
2.460000000000000034e-02
6.000000000000000559e-04
2.030000000000000207e-02
1.000000000000000048e-04
1.030000000000000013e-02
6.000000000000000559e-04
5.300000000000000024e-03
6.000000000000000559e-04
2.900000000000000234e-03
1.000000000000000048e-04
7.300000000000000065e-03
1.000000000000000048e-04
1.720000000000000001e-02
4.000000000000000192e-04
6.660000000000000642e-02
2.000000000000000096e-04
1.050000000000000065e-02
2.000000000000000096e-04
1.839999999999999969e-02
4.000000000000000192e-04
1.399999999999999986e-03
1.000000000000000048e-04
2.970000000000000070e-02
1.200000000000000112e-03
3.000000000000000279e-04
1.000000000000000048e-04
3.919999999999999873e-02
2.000000000000000096e-04
1.899999999999999953e-02
4.000000000000000192e-04
1.100000000000000066e-03
4.000000000000000192e-04
2.179999999999999993e-02
4.000000000000000192e-04
2.390000000000000110e-02
2.000000000000000096e-04
2.100000000000000304e-03
4.000000000000000192e-04
2.009999999999999981e-02
1.000000000000000048e-04
3.000000000000000279e-04
2.000000000000000096e-04
1.190000000000000085e-02
6.000000000000000559e-04
2.110000000000000070e-02
4.000000000000000192e-04
4.599999999999999922e-03
1.000000000000000048e-04
1.650000000000000078e-02
3.000000000000000279e-04
7.800000000000000509e-03
4.000000000000000192e-04
4.800000000000000447e-03
1.000000000000000048e-04
4.899999999999999842e-03
4.000000000000000192e-04
6.599999999999999964e-03
2.000000000000000096e-04
8.099999999999999561e-03
2.000000000000000096e-04
1.200000000000000112e-03
5.000000000000000104e-04
2.080000000000000251e-02
4.000000000000000192e-04
5.460000000000000270e-02
3.000000000000000279e-04
6.500000000000000569e-03
4.000000000000000192e-04
3.000000000000000062e-03
2.000000000000000096e-04
1.850000000000000255e-02
3.000000000000000279e-04
1.860000000000000195e-02
2.000000000000000096e-04
1.240000000000000130e-02
3.000000000000000279e-04
4.300000000000000003e-03
2.000000000000000096e-04
3.700000000000000164e-03
4.000000000000000192e-04
3.600000000000000335e-03
1.200000000000000112e-03
2.600000000000000314e-03
6.400000000000000307e-03
4.899999999999999842e-03
3.000000000000000279e-04
2.500000000000000052e-03
1.399999999999999986e-03
3.420000000000000123e-02
5.000000000000000104e-04
3.299999999999999982e-03
4.000000000000000192e-04
9.750000000000000333e-02
5.000000000000000104e-04
1.880000000000000074e-02
5.000000000000000104e-04
8.000000000000000167e-03
1.000000000000000048e-04
1.640000000000000138e-02
4.000000000000000192e-04
3.930000000000000160e-02
4.000000000000000192e-04
5.000000000000000104e-04
1.000000000000000048e-04
2.600000000000000314e-03
4.000000000000000192e-04
1.000000000000000021e-02
4.000000000000000192e-04
1.700000000000000122e-03
3.600000000000000335e-03
1.399999999999999986e-03
3.000000000000000279e-04
7.500000000000000590e-03
2.000000000000000096e-04
4.000000000000000192e-04
2.000000000000000096e-04
5.279999999999999971e-02
3.000000000000000279e-04
4.340000000000000108e-02
6.000000000000000559e-04
7.900000000000000772e-03
2.000000000000000096e-04
1.570000000000000215e-02
6.999999999999999929e-04
9.799999999999999684e-03
1.000000000000000048e-04
8.400000000000001216e-03
2.000000000000000096e-04
2.200000000000000133e-03
5.000000000000000104e-04
2.600000000000000314e-03
5.000000000000000104e-04
1.300000000000000114e-02
1.100000000000000066e-03
1.310000000000000053e-02
3.000000000000000279e-04
4.500000000000000527e-02
4.000000000000000192e-04
3.200000000000000153e-03
3.000000000000000279e-04
3.000000000000000279e-04
2.000000000000000096e-04
1.080000000000000057e-02
2.200000000000000133e-03
1.640000000000000138e-02
8.000000000000000383e-04
7.300000000000000065e-03
4.000000000000000192e-04
4.100000000000000346e-03
4.500000000000000527e-03
1.340000000000000045e-02
2.000000000000000096e-04
3.430000000000000410e-02
3.000000000000000279e-04
9.600000000000000894e-03
4.000000000000000192e-04
1.330000000000000106e-02
5.000000000000000104e-04
5.000000000000000104e-04
3.000000000000000279e-04
1.519999999999999997e-02
4.000000000000000192e-04
3.299999999999999982e-03
4.000000000000000192e-04
1.200000000000000112e-03
1.000000000000000048e-04
1.000000000000000048e-04
5.000000000000000104e-04
6.000000000000000125e-03
1.000000000000000048e-04
1.100000000000000066e-03
4.000000000000000192e-04
8.000000000000000383e-04
4.000000000000000192e-04
1.000000000000000021e-03
4.300000000000000003e-03
3.500000000000000073e-03
2.000000000000000096e-04
4.000000000000000192e-04
2.000000000000000096e-04
1.100000000000000066e-03
2.000000000000000096e-04
1.300000000000000157e-03
5.000000000000000104e-04
1.000000000000000048e-04
1.700000000000000122e-03
4.400000000000000265e-03
2.600000000000000314e-03
1.230000000000000017e-02
6.000000000000000559e-04
7.500000000000000590e-03
1.700000000000000122e-03
2.299999999999999961e-03
6.000000000000000559e-04
4.599999999999999922e-03
3.299999999999999982e-03
5.200000000000000629e-03
3.000000000000000279e-04
1.000000000000000048e-04
4.000000000000000192e-04
1.179999999999999973e-02
1.399999999999999986e-03
1.380000000000000150e-02
3.000000000000000279e-04
9.000000000000000838e-04
6.000000000000000559e-04
1.600000000000000077e-03
1.000000000000000048e-04
8.000000000000000383e-04
5.000000000000000104e-04
7.400000000000000328e-03
2.000000000000000096e-04
1.000000000000000021e-02
3.000000000000000279e-04
3.670000000000000345e-02
6.000000000000000559e-04
6.000000000000000125e-03
3.000000000000000279e-04
2.060000000000000026e-02
5.000000000000000104e-04
1.250000000000000069e-02
3.000000000000000279e-04
2.910000000000000087e-02
5.000000000000000104e-04
2.540000000000000244e-02
6.999999999999999929e-04
1.940000000000000058e-02
5.000000000000000104e-04
2.710000000000000256e-02
1.000000000000000048e-04
1.300000000000000157e-03
4.000000000000000192e-04
1.570000000000000215e-02
3.000000000000000279e-04
4.470000000000000362e-02
2.000000000000000096e-04
6.700000000000000226e-03
4.000000000000000192e-04
9.100000000000000450e-03
4.000000000000000192e-04
3.299999999999999982e-03
5.000000000000000104e-04
4.529999999999999999e-02
9.000000000000000838e-04
1.100000000000000110e-02
4.000000000000000192e-04
2.750000000000000014e-02
4.000000000000000192e-04
1.700000000000000122e-02
3.000000000000000279e-04
1.800000000000000168e-03
1.200000000000000112e-03
7.080000000000000182e-02
5.000000000000000104e-04
1.530000000000000110e-02
3.000000000000000279e-04
7.599999999999999985e-03
5.000000000000000104e-04
2.370000000000000231e-02
4.000000000000000192e-04
5.120000000000000245e-02
5.000000000000000104e-04
3.380000000000000365e-02
1.470000000000000126e-02
4.870000000000000023e-02
9.000000000000000838e-04
5.200000000000000629e-03
1.000000000000000048e-04
5.400000000000000286e-03
8.270000000000000961e-02
1.600000000000000033e-02
5.000000000000000104e-04
3.300000000000000155e-02
1.000000000000000048e-04
4.599999999999999922e-03
4.000000000000000192e-04
1.510000000000000057e-02
5.000000000000000104e-04
1.500000000000000118e-02
4.000000000000000192e-04
1.860000000000000195e-02
3.000000000000000279e-04
1.100000000000000110e-02
3.000000000000000279e-04
8.800000000000000530e-03
3.000000000000000279e-04
5.100000000000000366e-03
2.000000000000000096e-04
1.830000000000000029e-02
3.000000000000000279e-04
2.200000000000000219e-02
6.999999999999999929e-04
8.200000000000000691e-03
2.000000000000000096e-04
1.600000000000000033e-02
1.000000000000000048e-04
1.600000000000000077e-03
4.000000000000000192e-04
3.990000000000000491e-02
1.000000000000000048e-04
2.400000000000000223e-03
1.000000000000000048e-04
3.269999999999999990e-02
3.000000000000000279e-04
2.150000000000000175e-02
3.000000000000000279e-04
4.000000000000000083e-03
2.000000000000000096e-04
1.690000000000000183e-02
1.000000000000000048e-04
5.170000000000000290e-02
4.100000000000000346e-03
5.000000000000000104e-03
1.030000000000000013e-02
5.500000000000000548e-03
4.000000000000000192e-04
1.420000000000000082e-02
1.100000000000000066e-03
2.450000000000000094e-02
6.999999999999999929e-04
2.030000000000000207e-02
1.000000000000000048e-04
1.030000000000000013e-02
6.000000000000000559e-04
5.300000000000000024e-03
5.000000000000000104e-04
3.000000000000000062e-03
1.000000000000000048e-04
7.200000000000000670e-03
2.000000000000000096e-04
1.720000000000000001e-02
3.000000000000000279e-04
6.670000000000000928e-02
2.000000000000000096e-04
1.050000000000000065e-02
2.000000000000000096e-04
1.839999999999999969e-02
4.000000000000000192e-04
1.300000000000000157e-03
2.000000000000000096e-04
2.970000000000000070e-02
1.200000000000000112e-03
3.000000000000000279e-04
1.000000000000000048e-04
3.919999999999999873e-02
2.000000000000000096e-04
1.899999999999999953e-02
4.000000000000000192e-04
1.100000000000000066e-03
4.000000000000000192e-04
2.179999999999999993e-02
4.000000000000000192e-04
2.390000000000000110e-02
2.000000000000000096e-04
2.100000000000000304e-03
4.000000000000000192e-04
2.050000000000000086e-02
2.000000000000000096e-04
1.190000000000000085e-02
6.000000000000000559e-04
2.110000000000000070e-02
4.000000000000000192e-04
4.599999999999999922e-03
1.000000000000000048e-04
1.650000000000000078e-02
3.000000000000000279e-04
7.800000000000000509e-03
4.000000000000000192e-04
4.800000000000000447e-03
1.000000000000000048e-04
4.899999999999999842e-03
4.000000000000000192e-04
6.599999999999999964e-03
2.000000000000000096e-04
8.099999999999999561e-03
2.000000000000000096e-04
1.200000000000000112e-03
5.000000000000000104e-04
2.080000000000000251e-02
4.000000000000000192e-04
5.460000000000000270e-02
3.000000000000000279e-04
6.500000000000000569e-03
3.000000000000000279e-04
3.100000000000000325e-03
2.000000000000000096e-04
1.850000000000000255e-02
3.000000000000000279e-04
1.860000000000000195e-02
2.000000000000000096e-04
1.240000000000000130e-02
3.000000000000000279e-04
4.300000000000000003e-03
2.000000000000000096e-04
3.700000000000000164e-03
4.000000000000000192e-04
3.600000000000000335e-03
1.200000000000000112e-03
2.600000000000000314e-03
6.300000000000000044e-03
5.000000000000000104e-03
2.000000000000000096e-04
2.600000000000000314e-03
1.399999999999999986e-03
3.420000000000000123e-02
5.000000000000000104e-04
3.299999999999999982e-03
3.000000000000000279e-04
9.760000000000000620e-02
5.000000000000000104e-04
1.880000000000000074e-02
5.000000000000000104e-04
7.900000000000000772e-03
2.000000000000000096e-04
1.640000000000000138e-02
4.000000000000000192e-04
3.930000000000000160e-02
4.000000000000000192e-04
4.000000000000000192e-04
2.000000000000000096e-04
2.500000000000000052e-03
4.000000000000000192e-04
1.010000000000000134e-02
4.000000000000000192e-04
1.700000000000000122e-03
3.600000000000000335e-03
1.399999999999999986e-03
3.000000000000000279e-04
7.400000000000000328e-03
3.000000000000000279e-04
4.000000000000000192e-04
2.000000000000000096e-04
5.279999999999999971e-02
3.000000000000000279e-04
4.340000000000000108e-02
6.000000000000000559e-04
7.900000000000000772e-03
2.000000000000000096e-04
1.570000000000000215e-02
6.999999999999999929e-04
9.799999999999999684e-03
1.000000000000000048e-04
8.400000000000001216e-03
2.000000000000000096e-04
2.200000000000000133e-03
4.000000000000000192e-04
2.700000000000000143e-03
4.000000000000000192e-04
1.310000000000000053e-02
1.100000000000000066e-03
1.310000000000000053e-02
2.000000000000000096e-04
4.510000000000000120e-02
4.000000000000000192e-04
3.100000000000000325e-03
4.000000000000000192e-04
3.000000000000000279e-04
2.000000000000000096e-04
1.080000000000000057e-02
2.100000000000000304e-03
1.650000000000000078e-02
8.000000000000000383e-04
7.200000000000000670e-03
4.000000000000000192e-04
4.100000000000000346e-03
4.599999999999999922e-03
1.340000000000000045e-02
2.000000000000000096e-04
3.420000000000000123e-02
4.000000000000000192e-04
9.600000000000000894e-03
4.000000000000000192e-04
1.330000000000000106e-02
4.000000000000000192e-04
6.000000000000000559e-04
2.000000000000000096e-04
1.530000000000000110e-02
4.000000000000000192e-04
3.299999999999999982e-03
4.000000000000000192e-04
1.200000000000000112e-03
1.000000000000000048e-04
1.000000000000000048e-04
5.000000000000000104e-04
6.000000000000000125e-03
1.000000000000000048e-04
1.100000000000000066e-03
4.000000000000000192e-04
8.000000000000000383e-04
4.000000000000000192e-04
1.000000000000000021e-03
4.300000000000000003e-03
3.500000000000000073e-03
2.000000000000000096e-04
4.000000000000000192e-04
2.000000000000000096e-04
1.100000000000000066e-03
2.000000000000000096e-04
1.300000000000000157e-03
4.000000000000000192e-04
2.000000000000000096e-04
1.700000000000000122e-03
4.400000000000000265e-03
2.600000000000000314e-03
1.230000000000000017e-02
6.000000000000000559e-04
7.500000000000000590e-03
1.700000000000000122e-03
2.299999999999999961e-03
6.000000000000000559e-04
4.500000000000000527e-03
3.400000000000000244e-03
5.200000000000000629e-03
2.000000000000000096e-04
2.000000000000000096e-04
4.000000000000000192e-04
1.179999999999999973e-02
1.399999999999999986e-03
1.380000000000000150e-02
3.000000000000000279e-04
9.000000000000000838e-04
6.000000000000000559e-04
1.600000000000000077e-03
1.000000000000000048e-04
8.000000000000000383e-04
5.000000000000000104e-04
7.400000000000000328e-03
2.000000000000000096e-04
1.000000000000000021e-02
3.000000000000000279e-04
3.670000000000000345e-02
6.000000000000000559e-04
6.000000000000000125e-03
2.000000000000000096e-04
2.069999999999999965e-02
5.000000000000000104e-04
1.250000000000000069e-02
3.000000000000000279e-04
2.910000000000000087e-02
5.000000000000000104e-04
2.540000000000000244e-02
6.999999999999999929e-04
1.940000000000000058e-02
5.000000000000000104e-04
2.699999999999999969e-02
2.000000000000000096e-04
1.300000000000000157e-03
4.000000000000000192e-04
1.570000000000000215e-02
2.000000000000000096e-04
4.479999999999999954e-02
2.000000000000000096e-04
6.700000000000000226e-03
3.000000000000000279e-04
