4.790000000000000507e-02
4.000000000000000192e-04
5.000000000000000104e-04
5.000000000000000104e-04
3.000000000000000279e-04
4.400000000000000265e-03
4.030000000000000249e-02
1.700000000000000122e-03
2.170000000000000054e-02
3.000000000000000279e-04
2.500000000000000052e-03
1.000000000000000021e-03
8.500000000000000611e-03
3.000000000000000279e-04
6.999999999999999929e-04
6.000000000000000559e-04
6.999999999999999929e-04
2.000000000000000096e-04
1.060000000000000005e-02
4.000000000000000192e-04
1.430000000000000021e-02
3.000000000000000279e-04
7.100000000000000408e-03
5.000000000000000104e-04
1.470000000000000126e-02
6.000000000000000559e-04
2.000000000000000096e-04
5.000000000000000104e-04
8.000000000000000383e-04
4.000000000000000192e-04
1.040000000000000126e-02
1.000000000000000048e-04
2.650000000000000272e-02
3.000000000000000279e-04
4.200000000000000608e-03
2.000000000000000096e-04
6.740000000000000158e-02
9.000000000000000838e-04
1.100000000000000066e-03
1.100000000000000066e-03
3.000000000000000279e-04
2.200000000000000133e-03
2.170000000000000054e-02
4.000000000000000192e-04
1.089999999999999997e-02
6.000000000000000559e-04
2.290000000000000022e-02
3.000000000000000279e-04
4.700000000000000185e-03
1.000000000000000048e-04
5.860000000000000625e-02
1.100000000000000066e-03
1.040000000000000126e-02
3.000000000000000279e-04
7.400000000000000328e-03
6.999999999999999929e-04
1.899999999999999996e-03
4.000000000000000192e-04
9.799999999999999684e-03
3.000000000000000279e-04
1.149999999999999981e-02
3.000000000000000279e-04
2.700000000000000143e-03
5.000000000000000104e-04
1.119999999999999989e-02
3.000000000000000279e-04
5.400000000000000286e-03
1.200000000000000112e-03
1.210000000000000138e-02
1.000000000000000048e-04
1.130000000000000102e-02
1.800000000000000168e-03
6.300000000000000044e-03
5.000000000000000104e-04
1.729999999999999941e-02
6.300000000000000044e-03
2.000000000000000096e-04
5.000000000000000104e-04
4.300000000000000003e-03
4.000000000000000192e-04
2.000000000000000096e-04
5.000000000000000104e-04
2.100000000000000304e-03
3.000000000000000279e-04
5.300000000000000024e-03
5.000000000000000104e-04
2.700000000000000143e-03
6.000000000000000559e-04
5.000000000000000104e-04
6.000000000000000559e-04
2.440000000000000155e-02
5.000000000000000104e-04
1.720000000000000001e-02
6.999999999999999929e-04
2.900000000000000234e-03
2.000000000000000096e-04
4.000000000000000192e-04
5.000000000000000104e-04
7.200000000000000670e-03
4.000000000000000192e-04
2.730000000000000135e-02
6.999999999999999929e-04
1.600000000000000077e-03
6.000000000000000559e-04
2.500000000000000139e-02
3.000000000000000279e-04
5.800000000000000468e-03
4.700000000000000185e-03
1.270000000000000122e-02
6.000000000000000559e-04
3.000000000000000062e-03
2.000000000000000096e-04
3.060000000000000220e-02
5.000000000000000104e-04
2.720000000000000195e-02
2.000000000000000096e-04
8.200000000000000691e-03
6.000000000000000559e-04
1.300000000000000114e-02
3.000000000000000279e-04
7.200000000000000670e-03
6.999999999999999929e-04
1.700000000000000122e-03
3.000000000000000279e-04
9.300000000000000974e-03
8.000000000000000383e-04
2.910000000000000087e-02
6.999999999999999929e-04
4.000000000000000192e-04
1.000000000000000021e-03
4.000000000000000192e-04
3.000000000000000279e-04
1.500000000000000118e-02
3.000000000000000279e-04
1.630000000000000199e-02
1.300000000000000157e-03
2.869999999999999982e-02
6.000000000000000559e-04
1.399999999999999986e-03
3.000000000000000279e-04
8.000000000000000383e-04
3.000000000000000279e-04
4.100000000000000346e-03
3.000000000000000279e-04
1.800000000000000168e-03
4.000000000000000192e-04
1.300000000000000157e-03
3.000000000000000279e-04
7.599999999999999985e-03
4.000000000000000192e-04
1.600000000000000077e-03
1.000000000000000021e-03
8.340000000000000191e-02
3.000000000000000279e-04
3.600000000000000335e-03
8.000000000000000383e-04
8.099999999999999561e-03
6.999999999999999929e-04
2.660000000000000211e-02
2.000000000000000096e-04
2.320000000000000187e-02
5.000000000000000104e-04
1.580000000000000154e-02
4.000000000000000192e-04
2.299999999999999961e-02
8.000000000000000383e-04
1.820000000000000090e-02
4.000000000000000192e-04
5.640000000000000568e-02
2.000000000000000096e-04
8.200000000000000344e-02
5.000000000000000104e-04
1.300000000000000157e-03
2.000000000000000096e-04
8.800000000000000530e-03
2.000000000000000096e-04
8.600000000000000006e-03
1.399999999999999986e-03
2.299999999999999961e-03
3.000000000000000279e-04
3.000000000000000279e-04
1.000000000000000048e-04
1.000000000000000048e-04
3.000000000000000279e-04
8.300000000000000086e-03
6.000000000000000559e-04
3.000000000000000236e-02
2.000000000000000096e-04
4.200000000000000608e-03
3.000000000000000279e-04
5.000000000000000104e-04
3.000000000000000279e-04
6.999999999999999929e-04
9.000000000000000838e-04
1.570000000000000215e-02
6.000000000000000559e-04
4.200000000000000608e-03
3.000000000000000279e-04
6.599999999999999964e-03
2.000000000000000096e-04
2.110000000000000070e-02
2.000000000000000096e-04
6.200000000000000649e-03
5.000000000000000104e-04
1.000000000000000021e-03
3.000000000000000279e-04
4.000000000000000192e-04
2.000000000000000096e-04
1.060000000000000005e-02
4.000000000000000192e-04
2.299999999999999961e-03
9.000000000000000838e-04
8.000000000000000383e-04
4.000000000000000192e-04
3.099999999999999978e-02
4.000000000000000192e-04
4.170000000000000095e-02
3.000000000000000279e-04
2.100000000000000130e-02
1.000000000000000048e-04
4.400000000000000265e-03
8.000000000000000383e-04
1.899999999999999953e-02
1.100000000000000066e-03
2.600000000000000314e-03
1.800000000000000168e-03
6.700000000000000226e-03
6.000000000000000559e-04
1.450000000000000074e-02
1.100000000000000066e-03
6.150000000000000605e-02
5.000000000000000104e-04
6.100000000000000387e-03
3.000000000000000279e-04
2.200000000000000133e-03
5.000000000000000104e-04
2.900000000000000234e-03
8.700000000000001135e-03
2.799999999999999972e-03
3.000000000000000279e-04
4.180000000000000382e-02
6.999999999999999929e-04
7.300000000000000065e-03
2.000000000000000096e-04
1.140000000000000041e-02
1.500000000000000031e-03
4.000000000000000192e-04
2.000000000000000096e-04
1.100000000000000110e-02
3.000000000000000279e-04
1.500000000000000031e-03
1.800000000000000168e-03
2.000000000000000096e-04
2.000000000000000096e-04
1.400000000000000029e-02
2.000000000000000096e-04
5.000000000000000104e-04
3.100000000000000325e-03
1.100000000000000066e-03
5.000000000000000104e-04
4.000000000000000083e-03
1.600000000000000077e-03
3.900000000000000255e-03
2.000000000000000096e-04
1.200000000000000112e-03
9.000000000000000838e-04
6.000000000000000559e-04
3.000000000000000279e-04
8.000000000000000383e-04
8.000000000000000383e-04
5.000000000000000104e-04
1.300000000000000157e-03
1.700000000000000122e-03
5.000000000000000104e-04
8.000000000000000383e-04
6.000000000000000559e-04
2.700000000000000143e-03
3.000000000000000279e-04
3.799999999999999992e-03
3.000000000000000279e-04
2.100000000000000304e-03
1.000000000000000048e-04
4.000000000000000192e-04
5.000000000000000104e-04
3.900000000000000255e-03
4.000000000000000192e-04
5.300000000000000024e-03
3.000000000000000279e-04
4.700000000000000185e-03
5.000000000000000104e-04
1.000000000000000048e-04
5.000000000000000104e-04
9.000000000000000838e-04
2.799999999999999972e-03
5.200000000000000629e-03
6.999999999999999929e-04
4.100000000000000346e-03
5.000000000000000104e-04
4.500000000000000527e-03
3.000000000000000279e-04
1.399999999999999986e-03
5.000000000000000104e-04
6.999999999999999929e-04
5.000000000000000104e-04
2.500000000000000052e-03
2.000000000000000096e-04
1.000000000000000021e-03
3.000000000000000279e-04
5.500000000000000548e-03
2.000000000000000096e-04
6.000000000000000559e-04
2.000000000000000096e-04
6.900000000000000751e-03
3.500000000000000073e-03
1.370000000000000037e-02
6.999999999999999929e-04
2.260000000000000203e-02
6.999999999999999929e-04
2.170000000000000054e-02
3.000000000000000279e-04
5.180000000000000576e-02
4.000000000000000192e-04
1.399999999999999986e-03
5.000000000000000104e-04
1.270000000000000122e-02
8.000000000000000383e-04
9.199999999999999845e-03
2.000000000000000096e-04
5.800000000000000468e-03
4.000000000000000192e-04
4.000000000000000192e-04
1.000000000000000048e-04
5.000000000000000104e-04
6.000000000000000559e-04
1.140000000000000041e-02
3.000000000000000279e-04
5.300000000000000024e-03
6.000000000000000559e-04
1.020000000000000073e-02
4.000000000000000192e-04
1.500000000000000031e-03
3.000000000000000279e-04
1.750000000000000167e-02
3.500000000000000073e-03
4.100000000000000346e-03
4.000000000000000192e-04
9.260000000000000175e-02
6.000000000000000559e-04
3.700000000000000164e-03
5.000000000000000104e-04
2.200000000000000133e-03
6.000000000000000559e-04
4.000000000000000192e-04
2.000000000000000096e-04
2.799999999999999972e-03
4.000000000000000192e-04
3.500000000000000073e-03
1.000000000000000048e-04
3.299999999999999982e-03
2.000000000000000096e-04
2.799999999999999972e-03
4.000000000000000192e-04
6.599999999999999964e-03
2.000000000000000096e-04
1.000000000000000048e-04
4.000000000000000192e-04
1.130000000000000102e-02
6.000000000000000559e-04
4.400000000000000265e-03
6.000000000000000559e-04
2.900000000000000234e-03
3.000000000000000279e-04
2.310000000000000248e-02
2.000000000000000096e-04
4.690000000000000419e-02
3.000000000000000279e-04
1.070000000000000118e-02
2.000000000000000096e-04
1.000000000000000021e-03
2.000000000000000096e-04
9.799999999999999684e-03
6.000000000000000559e-04
8.800000000000000530e-03
2.000000000000000096e-04
3.060000000000000220e-02
5.000000000000000104e-04
3.640000000000000180e-02
4.000000000000000192e-04
2.700000000000000143e-03
2.000000000000000096e-04
4.920000000000000068e-02
6.999999999999999929e-04
2.100000000000000130e-02
6.999999999999999929e-04
4.110000000000000459e-02
8.000000000000000383e-04
1.690000000000000183e-02
3.000000000000000279e-04
9.199999999999999845e-03
4.000000000000000192e-04
5.500000000000000028e-02
4.000000000000000192e-04
5.000000000000000104e-04
5.000000000000000104e-04
3.000000000000000279e-04
4.400000000000000265e-03
4.030000000000000249e-02
1.700000000000000122e-03
2.170000000000000054e-02
3.000000000000000279e-04
2.500000000000000052e-03
1.000000000000000021e-03
8.500000000000000611e-03
3.000000000000000279e-04
6.999999999999999929e-04
6.000000000000000559e-04
6.999999999999999929e-04
2.000000000000000096e-04
1.060000000000000005e-02
4.000000000000000192e-04
1.430000000000000021e-02
3.000000000000000279e-04
7.100000000000000408e-03
4.000000000000000192e-04
1.480000000000000066e-02
6.000000000000000559e-04
2.000000000000000096e-04
5.000000000000000104e-04
8.000000000000000383e-04
3.000000000000000279e-04
1.050000000000000065e-02
1.000000000000000048e-04
2.639999999999999986e-02
4.000000000000000192e-04
4.200000000000000608e-03
2.000000000000000096e-04
6.740000000000000158e-02
9.000000000000000838e-04
1.100000000000000066e-03
1.100000000000000066e-03
3.000000000000000279e-04
2.200000000000000133e-03
2.170000000000000054e-02
4.000000000000000192e-04
1.089999999999999997e-02
6.000000000000000559e-04
2.290000000000000022e-02
3.000000000000000279e-04
4.700000000000000185e-03
1.000000000000000048e-04
5.860000000000000625e-02
1.100000000000000066e-03
1.030000000000000013e-02
4.000000000000000192e-04
7.300000000000000065e-03
8.000000000000000383e-04
1.800000000000000168e-03
5.000000000000000104e-04
9.799999999999999684e-03
3.000000000000000279e-04
1.149999999999999981e-02
3.000000000000000279e-04
2.700000000000000143e-03
5.000000000000000104e-04
1.110000000000000049e-02
4.000000000000000192e-04
5.300000000000000024e-03
1.300000000000000157e-03
1.210000000000000138e-02
1.000000000000000048e-04
1.130000000000000102e-02
1.800000000000000168e-03
6.300000000000000044e-03
5.000000000000000104e-04
1.729999999999999941e-02
6.300000000000000044e-03
2.000000000000000096e-04
5.000000000000000104e-04
4.300000000000000003e-03
3.000000000000000279e-04
3.000000000000000279e-04
5.000000000000000104e-04
2.100000000000000304e-03
3.000000000000000279e-04
5.300000000000000024e-03
5.000000000000000104e-04
2.700000000000000143e-03
5.000000000000000104e-04
6.000000000000000559e-04
6.000000000000000559e-04
2.440000000000000155e-02
4.000000000000000192e-04
1.729999999999999941e-02
6.999999999999999929e-04
2.900000000000000234e-03
2.000000000000000096e-04
4.000000000000000192e-04
5.000000000000000104e-04
7.200000000000000670e-03
3.000000000000000279e-04
2.740000000000000074e-02
6.999999999999999929e-04
1.600000000000000077e-03
6.000000000000000559e-04
2.500000000000000139e-02
3.000000000000000279e-04
5.800000000000000468e-03
4.700000000000000185e-03
1.270000000000000122e-02
6.000000000000000559e-04
3.000000000000000062e-03
2.000000000000000096e-04
3.060000000000000220e-02
4.000000000000000192e-04
2.730000000000000135e-02
1.000000000000000048e-04
8.300000000000000086e-03
6.000000000000000559e-04
1.300000000000000114e-02
3.000000000000000279e-04
1.500000000000000031e-03
1.000000000000000048e-04
5.599999999999999943e-03
6.999999999999999929e-04
1.700000000000000122e-03
3.000000000000000279e-04
9.300000000000000974e-03
8.000000000000000383e-04
2.910000000000000087e-02
6.999999999999999929e-04
4.000000000000000192e-04
1.000000000000000021e-03
4.000000000000000192e-04
3.000000000000000279e-04
1.500000000000000118e-02
3.000000000000000279e-04
1.630000000000000199e-02
1.300000000000000157e-03
2.869999999999999982e-02
6.000000000000000559e-04
1.399999999999999986e-03
3.000000000000000279e-04
8.000000000000000383e-04
3.000000000000000279e-04
4.100000000000000346e-03
3.000000000000000279e-04
1.800000000000000168e-03
3.000000000000000279e-04
1.399999999999999986e-03
3.000000000000000279e-04
7.599999999999999985e-03
4.000000000000000192e-04
1.600000000000000077e-03
1.000000000000000021e-03
8.340000000000000191e-02
3.000000000000000279e-04
3.500000000000000073e-03
9.000000000000000838e-04
8.099999999999999561e-03
6.999999999999999929e-04
2.660000000000000211e-02
2.000000000000000096e-04
2.320000000000000187e-02
5.000000000000000104e-04
1.570000000000000215e-02
5.000000000000000104e-04
2.299999999999999961e-02
8.000000000000000383e-04
1.820000000000000090e-02
4.000000000000000192e-04
5.630000000000000282e-02
3.000000000000000279e-04
8.200000000000000344e-02
5.000000000000000104e-04
1.300000000000000157e-03
1.000000000000000048e-04
8.800000000000000530e-03
3.000000000000000279e-04
8.600000000000000006e-03
1.399999999999999986e-03
2.299999999999999961e-03
3.000000000000000279e-04
3.000000000000000279e-04
1.000000000000000048e-04
1.000000000000000048e-04
3.000000000000000279e-04
8.300000000000000086e-03
5.000000000000000104e-04
3.010000000000000175e-02
2.000000000000000096e-04
4.200000000000000608e-03
3.000000000000000279e-04
5.000000000000000104e-04
3.000000000000000279e-04
6.999999999999999929e-04
9.000000000000000838e-04
1.560000000000000102e-02
6.999999999999999929e-04
4.200000000000000608e-03
3.000000000000000279e-04
6.599999999999999964e-03
2.000000000000000096e-04
2.110000000000000070e-02
2.000000000000000096e-04
6.200000000000000649e-03
5.000000000000000104e-04
1.000000000000000021e-03
3.000000000000000279e-04
4.000000000000000192e-04
2.000000000000000096e-04
1.050000000000000065e-02
5.000000000000000104e-04
2.299999999999999961e-03
9.000000000000000838e-04
8.000000000000000383e-04
4.000000000000000192e-04
3.099999999999999978e-02
4.000000000000000192e-04
4.170000000000000095e-02
3.000000000000000279e-04
2.090000000000000191e-02
2.000000000000000096e-04
4.400000000000000265e-03
8.000000000000000383e-04
1.899999999999999953e-02
1.100000000000000066e-03
2.600000000000000314e-03
1.800000000000000168e-03
6.700000000000000226e-03
6.000000000000000559e-04
1.450000000000000074e-02
1.100000000000000066e-03
6.150000000000000605e-02
5.000000000000000104e-04
6.100000000000000387e-03
3.000000000000000279e-04
2.200000000000000133e-03
5.000000000000000104e-04
2.900000000000000234e-03
8.700000000000001135e-03
2.799999999999999972e-03
3.000000000000000279e-04
4.180000000000000382e-02
6.999999999999999929e-04
7.300000000000000065e-03
2.000000000000000096e-04
1.140000000000000041e-02
1.500000000000000031e-03
4.000000000000000192e-04
2.000000000000000096e-04
1.100000000000000110e-02
3.000000000000000279e-04
1.500000000000000031e-03
1.800000000000000168e-03
2.000000000000000096e-04
2.000000000000000096e-04
1.400000000000000029e-02
2.000000000000000096e-04
5.000000000000000104e-04
3.100000000000000325e-03
1.100000000000000066e-03
5.000000000000000104e-04
4.000000000000000083e-03
1.600000000000000077e-03
3.900000000000000255e-03
2.000000000000000096e-04
1.200000000000000112e-03
9.000000000000000838e-04
6.000000000000000559e-04
3.000000000000000279e-04
8.000000000000000383e-04
8.000000000000000383e-04
5.000000000000000104e-04
1.300000000000000157e-03
1.700000000000000122e-03
5.000000000000000104e-04
8.000000000000000383e-04
6.000000000000000559e-04
2.700000000000000143e-03
3.000000000000000279e-04
3.799999999999999992e-03
3.000000000000000279e-04
2.100000000000000304e-03
1.000000000000000048e-04
4.000000000000000192e-04
5.000000000000000104e-04
3.799999999999999992e-03
5.000000000000000104e-04
5.300000000000000024e-03
3.000000000000000279e-04
4.700000000000000185e-03
1.100000000000000066e-03
9.000000000000000838e-04
2.799999999999999972e-03
5.200000000000000629e-03
6.999999999999999929e-04
4.100000000000000346e-03
5.000000000000000104e-04
4.500000000000000527e-03
3.000000000000000279e-04
1.399999999999999986e-03
4.000000000000000192e-04
6.999999999999999929e-04
6.000000000000000559e-04
2.500000000000000052e-03
2.000000000000000096e-04
1.000000000000000021e-03
3.000000000000000279e-04
5.500000000000000548e-03
2.000000000000000096e-04
6.000000000000000559e-04
2.000000000000000096e-04
6.900000000000000751e-03
3.500000000000000073e-03
1.370000000000000037e-02
6.999999999999999929e-04
2.250000000000000264e-02
8.000000000000000383e-04
2.170000000000000054e-02
3.000000000000000279e-04
5.180000000000000576e-02
4.000000000000000192e-04
1.399999999999999986e-03
5.000000000000000104e-04
1.270000000000000122e-02
8.000000000000000383e-04
9.199999999999999845e-03
2.000000000000000096e-04
5.800000000000000468e-03
4.000000000000000192e-04
4.000000000000000192e-04
1.000000000000000048e-04
5.000000000000000104e-04
6.000000000000000559e-04
1.140000000000000041e-02
2.000000000000000096e-04
5.400000000000000286e-03
6.000000000000000559e-04
1.020000000000000073e-02
4.000000000000000192e-04
1.399999999999999986e-03
4.000000000000000192e-04
1.750000000000000167e-02
3.500000000000000073e-03
4.100000000000000346e-03
4.000000000000000192e-04
9.249999999999999889e-02
6.999999999999999929e-04
3.700000000000000164e-03
5.000000000000000104e-04
2.200000000000000133e-03
6.000000000000000559e-04
4.000000000000000192e-04
2.000000000000000096e-04
2.799999999999999972e-03
4.000000000000000192e-04
3.500000000000000073e-03
1.000000000000000048e-04
3.299999999999999982e-03
2.000000000000000096e-04
2.799999999999999972e-03
4.000000000000000192e-04
6.500000000000000569e-03
3.000000000000000279e-04
1.000000000000000048e-04
4.000000000000000192e-04
1.130000000000000102e-02
6.000000000000000559e-04
4.400000000000000265e-03
6.000000000000000559e-04
2.900000000000000234e-03
3.000000000000000279e-04
2.310000000000000248e-02
2.000000000000000096e-04
4.690000000000000419e-02
2.000000000000000096e-04
1.080000000000000057e-02
2.000000000000000096e-04
1.000000000000000021e-03
2.000000000000000096e-04
9.799999999999999684e-03
6.000000000000000559e-04
8.800000000000000530e-03
2.000000000000000096e-04
3.060000000000000220e-02
5.000000000000000104e-04
3.640000000000000180e-02
4.000000000000000192e-04
2.700000000000000143e-03
2.000000000000000096e-04
4.910000000000000475e-02
6.999999999999999929e-04
2.110000000000000070e-02
6.000000000000000559e-04
4.120000000000000051e-02
8.000000000000000383e-04
1.680000000000000243e-02
4.000000000000000192e-04
9.199999999999999845e-03
4.000000000000000192e-04
5.500000000000000028e-02
4.000000000000000192e-04
5.000000000000000104e-04
5.000000000000000104e-04
3.000000000000000279e-04
4.400000000000000265e-03
4.030000000000000249e-02
1.700000000000000122e-03
2.170000000000000054e-02
3.000000000000000279e-04
2.500000000000000052e-03
1.000000000000000021e-03
8.500000000000000611e-03
3.000000000000000279e-04
6.999999999999999929e-04
6.000000000000000559e-04
6.000000000000000559e-04
3.000000000000000279e-04
1.050000000000000065e-02
5.000000000000000104e-04
1.420000000000000082e-02
4.000000000000000192e-04
7.100000000000000408e-03
4.000000000000000192e-04
1.480000000000000066e-02
6.000000000000000559e-04
2.000000000000000096e-04
5.000000000000000104e-04
8.000000000000000383e-04
3.000000000000000279e-04
1.050000000000000065e-02
1.000000000000000048e-04
2.639999999999999986e-02
4.000000000000000192e-04
4.200000000000000608e-03
2.000000000000000096e-04
6.729999999999999871e-02
1.000000000000000021e-03
1.100000000000000066e-03
1.100000000000000066e-03
3.000000000000000279e-04
2.200000000000000133e-03
2.170000000000000054e-02
4.000000000000000192e-04
1.089999999999999997e-02
6.000000000000000559e-04
2.280000000000000082e-02
4.000000000000000192e-04
4.700000000000000185e-03
1.000000000000000048e-04
5.860000000000000625e-02
1.100000000000000066e-03
1.030000000000000013e-02
4.000000000000000192e-04
7.300000000000000065e-03
8.000000000000000383e-04
1.800000000000000168e-03
5.000000000000000104e-04
9.799999999999999684e-03
3.000000000000000279e-04
1.149999999999999981e-02
3.000000000000000279e-04
2.600000000000000314e-03
6.000000000000000559e-04
1.110000000000000049e-02
4.000000000000000192e-04
5.300000000000000024e-03
1.200000000000000112e-03
1.220000000000000077e-02
1.000000000000000048e-04
1.130000000000000102e-02
1.800000000000000168e-03
6.300000000000000044e-03
5.000000000000000104e-04
1.729999999999999941e-02
6.300000000000000044e-03
2.000000000000000096e-04
5.000000000000000104e-04
4.300000000000000003e-03
3.000000000000000279e-04
3.000000000000000279e-04
5.000000000000000104e-04
2.100000000000000304e-03
3.000000000000000279e-04
5.300000000000000024e-03
5.000000000000000104e-04
2.700000000000000143e-03
5.000000000000000104e-04
6.000000000000000559e-04
6.000000000000000559e-04
2.440000000000000155e-02
4.000000000000000192e-04
1.729999999999999941e-02
6.999999999999999929e-04
2.900000000000000234e-03
2.000000000000000096e-04
3.000000000000000279e-04
6.000000000000000559e-04
7.200000000000000670e-03
3.000000000000000279e-04
2.740000000000000074e-02
6.000000000000000559e-04
1.700000000000000122e-03
6.000000000000000559e-04
2.500000000000000139e-02
3.000000000000000279e-04
5.800000000000000468e-03
4.700000000000000185e-03
1.260000000000000009e-02
6.999999999999999929e-04
3.000000000000000062e-03
2.000000000000000096e-04
3.060000000000000220e-02
4.000000000000000192e-04
2.730000000000000135e-02
1.000000000000000048e-04
8.300000000000000086e-03
6.000000000000000559e-04
1.300000000000000114e-02
3.000000000000000279e-04
1.500000000000000031e-03
1.000000000000000048e-04
5.599999999999999943e-03
6.999999999999999929e-04
1.700000000000000122e-03
3.000000000000000279e-04
9.300000000000000974e-03
8.000000000000000383e-04
2.910000000000000087e-02
6.999999999999999929e-04
4.000000000000000192e-04
9.000000000000000838e-04
5.000000000000000104e-04
3.000000000000000279e-04
1.500000000000000118e-02
2.000000000000000096e-04
1.630000000000000199e-02
1.399999999999999986e-03
2.869999999999999982e-02
6.000000000000000559e-04
1.399999999999999986e-03
3.000000000000000279e-04
8.000000000000000383e-04
3.000000000000000279e-04
4.000000000000000083e-03
3.000000000000000279e-04
1.899999999999999996e-03
3.000000000000000279e-04
1.399999999999999986e-03
3.000000000000000279e-04
7.599999999999999985e-03
4.000000000000000192e-04
1.600000000000000077e-03
1.000000000000000021e-03
8.329999999999999905e-02
4.000000000000000192e-04
3.500000000000000073e-03
9.000000000000000838e-04
8.000000000000000167e-03
8.000000000000000383e-04
2.660000000000000211e-02
2.000000000000000096e-04
2.320000000000000187e-02
5.000000000000000104e-04
1.570000000000000215e-02
5.000000000000000104e-04
2.299999999999999961e-02
8.000000000000000383e-04
1.820000000000000090e-02
4.000000000000000192e-04
5.630000000000000282e-02
2.000000000000000096e-04
8.210000000000000631e-02
5.000000000000000104e-04
1.300000000000000157e-03
1.000000000000000048e-04
8.800000000000000530e-03
3.000000000000000279e-04
8.600000000000000006e-03
1.399999999999999986e-03
2.299999999999999961e-03
3.000000000000000279e-04
3.000000000000000279e-04
1.000000000000000048e-04
1.000000000000000048e-04
3.000000000000000279e-04
8.300000000000000086e-03
5.000000000000000104e-04
3.000000000000000236e-02
3.000000000000000279e-04
4.200000000000000608e-03
3.000000000000000279e-04
5.000000000000000104e-04
3.000000000000000279e-04
6.999999999999999929e-04
9.000000000000000838e-04
1.560000000000000102e-02
6.999999999999999929e-04
4.200000000000000608e-03
3.000000000000000279e-04
6.599999999999999964e-03
2.000000000000000096e-04
2.100000000000000130e-02
3.000000000000000279e-04
6.200000000000000649e-03
5.000000000000000104e-04
1.000000000000000021e-03
3.000000000000000279e-04
4.000000000000000192e-04
2.000000000000000096e-04
1.050000000000000065e-02
5.000000000000000104e-04
2.299999999999999961e-03
9.000000000000000838e-04
8.000000000000000383e-04
4.000000000000000192e-04
3.099999999999999978e-02
3.000000000000000279e-04
4.180000000000000382e-02
3.000000000000000279e-04
2.090000000000000191e-02
2.000000000000000096e-04
4.400000000000000265e-03
8.000000000000000383e-04
1.899999999999999953e-02
1.100000000000000066e-03
2.600000000000000314e-03
1.800000000000000168e-03
6.700000000000000226e-03
6.000000000000000559e-04
1.450000000000000074e-02
1.000000000000000021e-03
6.160000000000000198e-02
5.000000000000000104e-04
6.000000000000000125e-03
3.000000000000000279e-04
2.299999999999999961e-03
5.000000000000000104e-04
2.900000000000000234e-03
8.700000000000001135e-03
2.700000000000000143e-03
4.000000000000000192e-04
4.180000000000000382e-02
6.999999999999999929e-04
7.300000000000000065e-03
2.000000000000000096e-04
1.140000000000000041e-02
1.500000000000000031e-03
4.000000000000000192e-04
1.000000000000000048e-04
1.110000000000000049e-02
3.000000000000000279e-04
1.399999999999999986e-03
1.899999999999999996e-03
2.000000000000000096e-04
2.000000000000000096e-04
1.400000000000000029e-02
1.000000000000000048e-04
5.000000000000000104e-04
3.200000000000000153e-03
1.100000000000000066e-03
4.000000000000000192e-04
4.100000000000000346e-03
1.600000000000000077e-03
3.900000000000000255e-03
2.000000000000000096e-04
1.200000000000000112e-03
9.000000000000000838e-04
6.000000000000000559e-04
3.000000000000000279e-04
8.000000000000000383e-04
8.000000000000000383e-04
5.000000000000000104e-04
1.300000000000000157e-03
1.700000000000000122e-03
4.000000000000000192e-04
9.000000000000000838e-04
6.000000000000000559e-04
2.700000000000000143e-03
3.000000000000000279e-04
3.799999999999999992e-03
3.000000000000000279e-04
2.100000000000000304e-03
1.000000000000000048e-04
3.000000000000000279e-04
6.000000000000000559e-04
3.799999999999999992e-03
5.000000000000000104e-04
5.300000000000000024e-03
3.000000000000000279e-04
4.700000000000000185e-03
1.100000000000000066e-03
9.000000000000000838e-04
2.799999999999999972e-03
5.200000000000000629e-03
6.999999999999999929e-04
4.100000000000000346e-03
4.000000000000000192e-04
4.599999999999999922e-03
3.000000000000000279e-04
1.399999999999999986e-03
4.000000000000000192e-04
6.999999999999999929e-04
6.000000000000000559e-04
2.500000000000000052e-03
2.000000000000000096e-04
9.000000000000000838e-04
3.000000000000000279e-04
5.599999999999999943e-03
2.000000000000000096e-04
5.000000000000000104e-04
3.000000000000000279e-04
6.800000000000000488e-03
3.500000000000000073e-03
1.380000000000000150e-02
6.999999999999999929e-04
2.250000000000000264e-02
8.000000000000000383e-04
2.170000000000000054e-02
3.000000000000000279e-04
5.180000000000000576e-02
3.000000000000000279e-04
1.500000000000000031e-03
5.000000000000000104e-04
1.270000000000000122e-02
8.000000000000000383e-04
9.199999999999999845e-03
2.000000000000000096e-04
5.800000000000000468e-03
4.000000000000000192e-04
4.000000000000000192e-04
1.000000000000000048e-04
5.000000000000000104e-04
5.000000000000000104e-04
1.149999999999999981e-02
2.000000000000000096e-04
5.400000000000000286e-03
6.000000000000000559e-04
1.020000000000000073e-02
4.000000000000000192e-04
1.399999999999999986e-03
4.000000000000000192e-04
1.750000000000000167e-02
3.400000000000000244e-03
4.200000000000000608e-03
3.000000000000000279e-04
9.260000000000000175e-02
6.999999999999999929e-04
3.700000000000000164e-03
5.000000000000000104e-04
2.200000000000000133e-03
6.000000000000000559e-04
4.000000000000000192e-04
2.000000000000000096e-04
2.799999999999999972e-03
4.000000000000000192e-04
6.900000000000000751e-03
2.000000000000000096e-04
2.799999999999999972e-03
4.000000000000000192e-04
6.500000000000000569e-03
2.000000000000000096e-04
2.000000000000000096e-04
4.000000000000000192e-04
1.130000000000000102e-02
5.000000000000000104e-04
4.500000000000000527e-03
6.000000000000000559e-04
2.900000000000000234e-03
3.000000000000000279e-04
2.299999999999999961e-02
3.000000000000000279e-04
4.690000000000000419e-02
2.000000000000000096e-04
1.080000000000000057e-02
2.000000000000000096e-04
9.000000000000000838e-04
3.000000000000000279e-04
9.799999999999999684e-03
6.000000000000000559e-04
8.800000000000000530e-03
2.000000000000000096e-04
3.060000000000000220e-02
5.000000000000000104e-04
3.640000000000000180e-02
4.000000000000000192e-04
2.700000000000000143e-03
2.000000000000000096e-04
4.910000000000000475e-02
6.999999999999999929e-04
2.110000000000000070e-02
6.000000000000000559e-04
4.120000000000000051e-02
8.000000000000000383e-04
1.680000000000000243e-02
4.000000000000000192e-04
9.199999999999999845e-03
4.000000000000000192e-04
5.500000000000000028e-02
4.000000000000000192e-04
4.000000000000000192e-04
6.000000000000000559e-04
3.000000000000000279e-04
4.400000000000000265e-03
4.030000000000000249e-02
1.700000000000000122e-03
2.170000000000000054e-02
3.000000000000000279e-04
2.500000000000000052e-03
1.000000000000000021e-03
8.500000000000000611e-03
3.000000000000000279e-04
6.999999999999999929e-04
6.000000000000000559e-04
6.000000000000000559e-04
3.000000000000000279e-04
1.050000000000000065e-02
5.000000000000000104e-04
1.420000000000000082e-02
4.000000000000000192e-04
7.100000000000000408e-03
4.000000000000000192e-04
1.480000000000000066e-02
6.000000000000000559e-04
1.000000000000000048e-04
6.000000000000000559e-04
8.000000000000000383e-04
3.000000000000000279e-04
1.050000000000000065e-02
1.000000000000000048e-04
2.639999999999999986e-02
4.000000000000000192e-04
4.100000000000000346e-03
2.000000000000000096e-04
6.740000000000000158e-02
1.000000000000000021e-03
1.000000000000000021e-03
1.200000000000000112e-03
2.000000000000000096e-04
2.299999999999999961e-03
2.170000000000000054e-02
4.000000000000000192e-04
1.089999999999999997e-02
6.000000000000000559e-04
2.280000000000000082e-02
4.000000000000000192e-04
4.700000000000000185e-03
1.000000000000000048e-04
5.860000000000000625e-02
1.100000000000000066e-03
1.030000000000000013e-02
4.000000000000000192e-04
7.300000000000000065e-03
8.000000000000000383e-04
1.800000000000000168e-03
5.000000000000000104e-04
9.799999999999999684e-03
3.000000000000000279e-04
1.149999999999999981e-02
3.000000000000000279e-04
2.600000000000000314e-03
6.000000000000000559e-04
1.110000000000000049e-02
3.000000000000000279e-04
5.400000000000000286e-03
1.200000000000000112e-03
1.220000000000000077e-02
1.000000000000000048e-04
1.130000000000000102e-02
1.800000000000000168e-03
6.300000000000000044e-03
5.000000000000000104e-04
1.720000000000000001e-02
6.400000000000000307e-03
2.000000000000000096e-04
5.000000000000000104e-04
4.300000000000000003e-03
3.000000000000000279e-04
3.000000000000000279e-04
5.000000000000000104e-04
2.100000000000000304e-03
2.000000000000000096e-04
5.400000000000000286e-03
5.000000000000000104e-04
2.700000000000000143e-03
5.000000000000000104e-04
6.000000000000000559e-04
6.000000000000000559e-04
2.440000000000000155e-02
4.000000000000000192e-04
1.729999999999999941e-02
6.999999999999999929e-04
2.900000000000000234e-03
2.000000000000000096e-04
3.000000000000000279e-04
6.000000000000000559e-04
7.200000000000000670e-03
3.000000000000000279e-04
2.740000000000000074e-02
6.000000000000000559e-04
1.700000000000000122e-03
6.000000000000000559e-04
2.500000000000000139e-02
2.000000000000000096e-04
5.899999999999999863e-03
4.700000000000000185e-03
1.260000000000000009e-02
6.999999999999999929e-04
2.900000000000000234e-03
2.000000000000000096e-04
3.070000000000000159e-02
4.000000000000000192e-04
2.730000000000000135e-02
1.000000000000000048e-04
8.300000000000000086e-03
6.000000000000000559e-04
1.300000000000000114e-02
3.000000000000000279e-04
1.500000000000000031e-03
1.000000000000000048e-04
2.600000000000000314e-03
1.000000000000000048e-04
2.900000000000000234e-03
6.999999999999999929e-04
1.700000000000000122e-03
3.000000000000000279e-04
9.300000000000000974e-03
8.000000000000000383e-04
2.910000000000000087e-02
6.999999999999999929e-04
4.000000000000000192e-04
9.000000000000000838e-04
5.000000000000000104e-04
3.000000000000000279e-04
1.500000000000000118e-02
2.000000000000000096e-04
1.630000000000000199e-02
1.399999999999999986e-03
2.869999999999999982e-02
6.000000000000000559e-04
1.399999999999999986e-03
3.000000000000000279e-04
8.000000000000000383e-04
3.000000000000000279e-04
4.000000000000000083e-03
3.000000000000000279e-04
1.899999999999999996e-03
3.000000000000000279e-04
1.399999999999999986e-03
3.000000000000000279e-04
7.599999999999999985e-03
3.000000000000000279e-04
1.700000000000000122e-03
1.000000000000000021e-03
8.329999999999999905e-02
4.000000000000000192e-04
3.500000000000000073e-03
9.000000000000000838e-04
8.000000000000000167e-03
8.000000000000000383e-04
2.660000000000000211e-02
2.000000000000000096e-04
2.320000000000000187e-02
5.000000000000000104e-04
1.570000000000000215e-02
4.000000000000000192e-04
2.310000000000000248e-02
8.000000000000000383e-04
1.820000000000000090e-02
4.000000000000000192e-04
5.630000000000000282e-02
2.000000000000000096e-04
8.210000000000000631e-02
5.000000000000000104e-04
1.300000000000000157e-03
1.000000000000000048e-04
8.800000000000000530e-03
3.000000000000000279e-04
8.600000000000000006e-03
1.399999999999999986e-03
2.299999999999999961e-03
3.000000000000000279e-04
5.000000000000000104e-04
2.000000000000000096e-04
8.400000000000001216e-03
5.000000000000000104e-04
3.000000000000000236e-02
3.000000000000000279e-04
4.200000000000000608e-03
2.000000000000000096e-04
6.000000000000000559e-04
3.000000000000000279e-04
6.999999999999999929e-04
8.000000000000000383e-04
1.570000000000000215e-02
6.999999999999999929e-04
4.200000000000000608e-03
3.000000000000000279e-04
6.599999999999999964e-03
2.000000000000000096e-04
2.100000000000000130e-02
3.000000000000000279e-04
6.200000000000000649e-03
4.000000000000000192e-04
1.100000000000000066e-03
2.000000000000000096e-04
5.000000000000000104e-04
2.000000000000000096e-04
1.050000000000000065e-02
4.000000000000000192e-04
2.400000000000000223e-03
8.000000000000000383e-04
9.000000000000000838e-04
4.000000000000000192e-04
3.099999999999999978e-02
3.000000000000000279e-04
4.180000000000000382e-02
2.000000000000000096e-04
2.100000000000000130e-02
2.000000000000000096e-04
4.400000000000000265e-03
8.000000000000000383e-04
1.899999999999999953e-02
1.100000000000000066e-03
2.600000000000000314e-03
1.800000000000000168e-03
6.700000000000000226e-03
6.000000000000000559e-04
1.450000000000000074e-02
1.000000000000000021e-03
6.160000000000000198e-02
5.000000000000000104e-04
6.000000000000000125e-03
3.000000000000000279e-04
2.299999999999999961e-03
5.000000000000000104e-04
2.900000000000000234e-03
8.700000000000001135e-03
2.700000000000000143e-03
4.000000000000000192e-04
4.180000000000000382e-02
6.999999999999999929e-04
7.300000000000000065e-03
2.000000000000000096e-04
1.140000000000000041e-02
1.500000000000000031e-03
4.000000000000000192e-04
1.000000000000000048e-04
1.110000000000000049e-02
3.000000000000000279e-04
1.399999999999999986e-03
1.899999999999999996e-03
2.000000000000000096e-04
2.000000000000000096e-04
1.400000000000000029e-02
1.000000000000000048e-04
5.000000000000000104e-04
3.200000000000000153e-03
1.100000000000000066e-03
4.000000000000000192e-04
4.100000000000000346e-03
1.600000000000000077e-03
3.900000000000000255e-03
2.000000000000000096e-04
1.200000000000000112e-03
9.000000000000000838e-04
6.000000000000000559e-04
3.000000000000000279e-04
8.000000000000000383e-04
8.000000000000000383e-04
5.000000000000000104e-04
1.200000000000000112e-03
1.800000000000000168e-03
4.000000000000000192e-04
9.000000000000000838e-04
6.000000000000000559e-04
2.700000000000000143e-03
3.000000000000000279e-04
3.799999999999999992e-03
3.000000000000000279e-04
2.500000000000000052e-03
6.000000000000000559e-04
3.799999999999999992e-03
4.000000000000000192e-04
5.300000000000000024e-03
3.000000000000000279e-04
4.800000000000000447e-03
1.100000000000000066e-03
9.000000000000000838e-04
2.799999999999999972e-03
5.200000000000000629e-03
6.999999999999999929e-04
4.100000000000000346e-03
4.000000000000000192e-04
4.599999999999999922e-03
3.000000000000000279e-04
1.399999999999999986e-03
4.000000000000000192e-04
6.999999999999999929e-04
5.000000000000000104e-04
2.500000000000000052e-03
3.000000000000000279e-04
9.000000000000000838e-04
3.000000000000000279e-04
5.599999999999999943e-03
2.000000000000000096e-04
5.000000000000000104e-04
3.000000000000000279e-04
6.800000000000000488e-03
3.500000000000000073e-03
1.380000000000000150e-02
6.999999999999999929e-04
2.250000000000000264e-02
8.000000000000000383e-04
2.170000000000000054e-02
3.000000000000000279e-04
5.180000000000000576e-02
3.000000000000000279e-04
1.500000000000000031e-03
5.000000000000000104e-04
1.260000000000000009e-02
9.000000000000000838e-04
9.199999999999999845e-03
2.000000000000000096e-04
5.800000000000000468e-03
4.000000000000000192e-04
3.000000000000000279e-04
2.000000000000000096e-04
5.000000000000000104e-04
5.000000000000000104e-04
1.149999999999999981e-02
2.000000000000000096e-04
5.400000000000000286e-03
6.000000000000000559e-04
1.020000000000000073e-02
4.000000000000000192e-04
1.399999999999999986e-03
4.000000000000000192e-04
1.750000000000000167e-02
3.400000000000000244e-03
4.200000000000000608e-03
3.000000000000000279e-04
9.260000000000000175e-02
6.999999999999999929e-04
3.700000000000000164e-03
5.000000000000000104e-04
2.200000000000000133e-03
6.000000000000000559e-04
4.000000000000000192e-04
2.000000000000000096e-04
2.799999999999999972e-03
3.000000000000000279e-04
7.000000000000000146e-03
2.000000000000000096e-04
2.799999999999999972e-03
4.000000000000000192e-04
6.500000000000000569e-03
2.000000000000000096e-04
2.000000000000000096e-04
4.000000000000000192e-04
1.130000000000000102e-02
5.000000000000000104e-04
4.500000000000000527e-03
6.000000000000000559e-04
2.900000000000000234e-03
3.000000000000000279e-04
2.299999999999999961e-02
3.000000000000000279e-04
4.690000000000000419e-02
2.000000000000000096e-04
1.070000000000000118e-02
3.000000000000000279e-04
9.000000000000000838e-04
3.000000000000000279e-04
9.799999999999999684e-03
6.000000000000000559e-04
8.800000000000000530e-03
2.000000000000000096e-04
3.060000000000000220e-02
5.000000000000000104e-04
3.640000000000000180e-02
4.000000000000000192e-04
2.700000000000000143e-03
2.000000000000000096e-04
4.910000000000000475e-02
6.999999999999999929e-04
2.110000000000000070e-02
6.000000000000000559e-04
4.120000000000000051e-02
8.000000000000000383e-04
1.680000000000000243e-02
4.000000000000000192e-04
9.199999999999999845e-03
4.000000000000000192e-04
5.500000000000000028e-02
4.000000000000000192e-04
4.000000000000000192e-04
6.000000000000000559e-04
3.000000000000000279e-04
4.400000000000000265e-03
4.019999999999999962e-02
1.700000000000000122e-03
2.179999999999999993e-02
3.000000000000000279e-04
2.500000000000000052e-03
1.000000000000000021e-03
8.500000000000000611e-03
3.000000000000000279e-04
6.999999999999999929e-04
6.000000000000000559e-04
6.000000000000000559e-04
3.000000000000000279e-04
1.050000000000000065e-02
5.000000000000000104e-04
1.420000000000000082e-02
4.000000000000000192e-04
7.100000000000000408e-03
4.000000000000000192e-04
1.480000000000000066e-02
6.000000000000000559e-04
1.000000000000000048e-04
6.000000000000000559e-04
8.000000000000000383e-04
3.000000000000000279e-04
1.050000000000000065e-02
1.000000000000000048e-04
2.639999999999999986e-02
4.000000000000000192e-04
4.100000000000000346e-03
2.000000000000000096e-04
6.740000000000000158e-02
1.000000000000000021e-03
1.000000000000000021e-03
1.200000000000000112e-03
2.000000000000000096e-04
2.299999999999999961e-03
2.170000000000000054e-02
4.000000000000000192e-04
1.089999999999999997e-02
6.000000000000000559e-04
2.280000000000000082e-02
4.000000000000000192e-04
4.700000000000000185e-03
1.000000000000000048e-04
5.860000000000000625e-02
1.000000000000000021e-03
1.040000000000000126e-02
3.000000000000000279e-04
7.400000000000000328e-03
8.000000000000000383e-04
1.800000000000000168e-03
5.000000000000000104e-04
9.799999999999999684e-03
3.000000000000000279e-04
1.149999999999999981e-02
3.000000000000000279e-04
2.600000000000000314e-03
6.000000000000000559e-04
1.110000000000000049e-02
3.000000000000000279e-04
5.400000000000000286e-03
1.200000000000000112e-03
1.220000000000000077e-02
1.000000000000000048e-04
1.130000000000000102e-02
1.700000000000000122e-03
6.400000000000000307e-03
5.000000000000000104e-04
1.720000000000000001e-02
6.300000000000000044e-03
3.000000000000000279e-04
5.000000000000000104e-04
4.300000000000000003e-03
3.000000000000000279e-04
3.000000000000000279e-04
5.000000000000000104e-04
2.100000000000000304e-03
2.000000000000000096e-04
5.400000000000000286e-03
5.000000000000000104e-04
2.700000000000000143e-03
5.000000000000000104e-04
6.000000000000000559e-04
6.000000000000000559e-04
2.440000000000000155e-02
4.000000000000000192e-04
1.729999999999999941e-02
6.999999999999999929e-04
2.900000000000000234e-03
2.000000000000000096e-04
3.000000000000000279e-04
5.000000000000000104e-04
7.300000000000000065e-03
3.000000000000000279e-04
2.740000000000000074e-02
6.000000000000000559e-04
1.600000000000000077e-03
6.999999999999999929e-04
2.500000000000000139e-02
2.000000000000000096e-04
5.899999999999999863e-03
4.700000000000000185e-03
1.260000000000000009e-02
6.999999999999999929e-04
2.900000000000000234e-03
2.000000000000000096e-04
3.070000000000000159e-02
4.000000000000000192e-04
2.730000000000000135e-02
1.000000000000000048e-04
8.200000000000000691e-03
6.999999999999999929e-04
1.300000000000000114e-02
3.000000000000000279e-04
4.200000000000000608e-03
1.000000000000000048e-04
2.900000000000000234e-03
6.999999999999999929e-04
1.700000000000000122e-03
3.000000000000000279e-04
9.300000000000000974e-03
8.000000000000000383e-04
2.910000000000000087e-02
6.999999999999999929e-04
4.000000000000000192e-04
9.000000000000000838e-04
5.000000000000000104e-04
2.000000000000000096e-04
1.510000000000000057e-02
2.000000000000000096e-04
1.630000000000000199e-02
1.399999999999999986e-03
2.869999999999999982e-02
5.000000000000000104e-04
1.500000000000000031e-03
3.000000000000000279e-04
8.000000000000000383e-04
3.000000000000000279e-04
4.000000000000000083e-03
3.000000000000000279e-04
1.800000000000000168e-03
4.000000000000000192e-04
1.399999999999999986e-03
3.000000000000000279e-04
7.500000000000000590e-03
4.000000000000000192e-04
1.700000000000000122e-03
1.000000000000000021e-03
8.329999999999999905e-02
4.000000000000000192e-04
3.500000000000000073e-03
9.000000000000000838e-04
8.000000000000000167e-03
6.999999999999999929e-04
2.670000000000000151e-02
2.000000000000000096e-04
2.320000000000000187e-02
4.000000000000000192e-04
1.580000000000000154e-02
4.000000000000000192e-04
2.310000000000000248e-02
8.000000000000000383e-04
1.820000000000000090e-02
4.000000000000000192e-04
5.630000000000000282e-02
2.000000000000000096e-04
8.210000000000000631e-02
5.000000000000000104e-04
1.300000000000000157e-03
1.000000000000000048e-04
8.800000000000000530e-03
3.000000000000000279e-04
8.600000000000000006e-03
1.399999999999999986e-03
2.299999999999999961e-03
3.000000000000000279e-04
5.000000000000000104e-04
2.000000000000000096e-04
8.400000000000001216e-03
5.000000000000000104e-04
3.000000000000000236e-02
3.000000000000000279e-04
4.200000000000000608e-03
2.000000000000000096e-04
6.000000000000000559e-04
3.000000000000000279e-04
6.999999999999999929e-04
8.000000000000000383e-04
1.570000000000000215e-02
6.999999999999999929e-04
4.200000000000000608e-03
3.000000000000000279e-04
6.599999999999999964e-03
2.000000000000000096e-04
2.100000000000000130e-02
3.000000000000000279e-04
6.200000000000000649e-03
4.000000000000000192e-04
1.100000000000000066e-03
2.000000000000000096e-04
4.000000000000000192e-04
3.000000000000000279e-04
1.050000000000000065e-02
4.000000000000000192e-04
2.400000000000000223e-03
8.000000000000000383e-04
9.000000000000000838e-04
4.000000000000000192e-04
3.099999999999999978e-02
3.000000000000000279e-04
4.180000000000000382e-02
2.000000000000000096e-04
2.100000000000000130e-02
2.000000000000000096e-04
4.300000000000000003e-03
9.000000000000000838e-04
1.899999999999999953e-02
1.100000000000000066e-03
2.600000000000000314e-03
1.800000000000000168e-03
6.700000000000000226e-03
5.000000000000000104e-04
1.460000000000000013e-02
1.000000000000000021e-03
6.160000000000000198e-02
5.000000000000000104e-04
6.000000000000000125e-03
3.000000000000000279e-04
2.299999999999999961e-03
5.000000000000000104e-04
2.900000000000000234e-03
8.700000000000001135e-03
2.700000000000000143e-03
3.000000000000000279e-04
4.189999999999999974e-02
6.999999999999999929e-04
7.200000000000000670e-03
3.000000000000000279e-04
1.140000000000000041e-02
1.500000000000000031e-03
4.000000000000000192e-04
1.000000000000000048e-04
1.110000000000000049e-02
3.000000000000000279e-04
1.399999999999999986e-03
1.899999999999999996e-03
2.000000000000000096e-04
2.000000000000000096e-04
1.400000000000000029e-02
1.000000000000000048e-04
5.000000000000000104e-04
3.200000000000000153e-03
1.100000000000000066e-03
4.000000000000000192e-04
4.100000000000000346e-03
1.600000000000000077e-03
3.900000000000000255e-03
2.000000000000000096e-04
1.200000000000000112e-03
9.000000000000000838e-04
6.000000000000000559e-04
3.000000000000000279e-04
8.000000000000000383e-04
6.999999999999999929e-04
6.000000000000000559e-04
1.200000000000000112e-03
1.800000000000000168e-03
4.000000000000000192e-04
9.000000000000000838e-04
5.000000000000000104e-04
2.799999999999999972e-03
3.000000000000000279e-04
3.799999999999999992e-03
2.000000000000000096e-04
2.100000000000000304e-03
1.000000000000000048e-04
4.000000000000000192e-04
6.000000000000000559e-04
3.799999999999999992e-03
4.000000000000000192e-04
5.300000000000000024e-03
3.000000000000000279e-04
4.800000000000000447e-03
1.100000000000000066e-03
9.000000000000000838e-04
2.799999999999999972e-03
5.100000000000000366e-03
8.000000000000000383e-04
4.000000000000000083e-03
5.000000000000000104e-04
4.599999999999999922e-03
3.000000000000000279e-04
1.399999999999999986e-03
4.000000000000000192e-04
6.999999999999999929e-04
5.000000000000000104e-04
2.500000000000000052e-03
3.000000000000000279e-04
9.000000000000000838e-04
3.000000000000000279e-04
5.599999999999999943e-03
2.000000000000000096e-04
5.000000000000000104e-04
3.000000000000000279e-04
6.800000000000000488e-03
3.500000000000000073e-03
1.370000000000000037e-02
8.000000000000000383e-04
2.250000000000000264e-02
8.000000000000000383e-04
2.160000000000000114e-02
3.000000000000000279e-04
5.190000000000000169e-02
3.000000000000000279e-04
1.500000000000000031e-03
5.000000000000000104e-04
1.260000000000000009e-02
9.000000000000000838e-04
9.199999999999999845e-03
1.000000000000000048e-04
5.899999999999999863e-03
4.000000000000000192e-04
3.000000000000000279e-04
2.000000000000000096e-04
5.000000000000000104e-04
5.000000000000000104e-04
1.149999999999999981e-02
2.000000000000000096e-04
5.400000000000000286e-03
6.000000000000000559e-04
1.020000000000000073e-02
4.000000000000000192e-04
1.399999999999999986e-03
3.000000000000000279e-04
1.750000000000000167e-02
3.500000000000000073e-03
4.200000000000000608e-03
3.000000000000000279e-04
9.260000000000000175e-02
6.000000000000000559e-04
3.799999999999999992e-03
4.000000000000000192e-04
2.299999999999999961e-03
6.000000000000000559e-04
3.000000000000000279e-04
3.000000000000000279e-04
2.799999999999999972e-03
3.000000000000000279e-04
7.000000000000000146e-03
1.000000000000000048e-04
2.799999999999999972e-03
5.000000000000000104e-04
6.500000000000000569e-03
2.000000000000000096e-04
2.000000000000000096e-04
4.000000000000000192e-04
1.130000000000000102e-02
5.000000000000000104e-04
4.500000000000000527e-03
5.000000000000000104e-04
3.000000000000000062e-03
3.000000000000000279e-04
2.299999999999999961e-02
3.000000000000000279e-04
4.690000000000000419e-02
2.000000000000000096e-04
1.070000000000000118e-02
3.000000000000000279e-04
9.000000000000000838e-04
3.000000000000000279e-04
9.799999999999999684e-03
6.000000000000000559e-04
8.800000000000000530e-03
1.000000000000000048e-04
3.070000000000000159e-02
5.000000000000000104e-04
3.640000000000000180e-02
4.000000000000000192e-04
2.700000000000000143e-03
2.000000000000000096e-04
4.910000000000000475e-02
6.999999999999999929e-04
2.110000000000000070e-02
6.000000000000000559e-04
4.120000000000000051e-02
8.000000000000000383e-04
1.680000000000000243e-02
4.000000000000000192e-04
9.199999999999999845e-03
4.000000000000000192e-04
5.500000000000000028e-02
4.000000000000000192e-04
4.000000000000000192e-04
6.000000000000000559e-04
3.000000000000000279e-04
4.400000000000000265e-03
4.019999999999999962e-02
1.700000000000000122e-03
2.179999999999999993e-02
3.000000000000000279e-04
2.500000000000000052e-03
1.000000000000000021e-03
8.500000000000000611e-03
3.000000000000000279e-04
6.999999999999999929e-04
6.000000000000000559e-04
6.000000000000000559e-04
3.000000000000000279e-04
1.050000000000000065e-02
5.000000000000000104e-04
1.420000000000000082e-02
4.000000000000000192e-04
7.100000000000000408e-03
4.000000000000000192e-04
1.480000000000000066e-02
6.000000000000000559e-04
1.000000000000000048e-04
6.000000000000000559e-04
6.999999999999999929e-04
4.000000000000000192e-04
1.040000000000000126e-02
2.000000000000000096e-04
2.639999999999999986e-02
3.000000000000000279e-04
4.200000000000000608e-03
2.000000000000000096e-04
6.740000000000000158e-02
1.000000000000000021e-03
1.000000000000000021e-03
1.200000000000000112e-03
2.000000000000000096e-04
2.299999999999999961e-03
2.160000000000000114e-02
5.000000000000000104e-04
1.089999999999999997e-02
6.000000000000000559e-04
2.280000000000000082e-02
4.000000000000000192e-04
4.700000000000000185e-03
1.000000000000000048e-04
5.860000000000000625e-02
1.000000000000000021e-03
1.040000000000000126e-02
3.000000000000000279e-04
7.400000000000000328e-03
6.999999999999999929e-04
1.899999999999999996e-03
5.000000000000000104e-04
9.700000000000000289e-03
4.000000000000000192e-04
1.149999999999999981e-02
3.000000000000000279e-04
2.600000000000000314e-03
5.000000000000000104e-04
1.119999999999999989e-02
3.000000000000000279e-04
5.400000000000000286e-03
1.200000000000000112e-03
1.220000000000000077e-02
1.000000000000000048e-04
1.130000000000000102e-02
1.700000000000000122e-03
6.400000000000000307e-03
5.000000000000000104e-04
1.720000000000000001e-02
6.300000000000000044e-03
3.000000000000000279e-04
5.000000000000000104e-04
4.200000000000000608e-03
4.000000000000000192e-04
3.000000000000000279e-04
5.000000000000000104e-04
2.100000000000000304e-03
2.000000000000000096e-04
5.400000000000000286e-03
5.000000000000000104e-04
2.600000000000000314e-03
6.000000000000000559e-04
6.000000000000000559e-04
6.000000000000000559e-04
2.430000000000000215e-02
5.000000000000000104e-04
1.729999999999999941e-02
6.999999999999999929e-04
2.900000000000000234e-03
1.000000000000000048e-04
4.000000000000000192e-04
5.000000000000000104e-04
7.300000000000000065e-03
3.000000000000000279e-04
2.740000000000000074e-02
6.000000000000000559e-04
1.600000000000000077e-03
6.999999999999999929e-04
2.500000000000000139e-02
2.000000000000000096e-04
5.899999999999999863e-03
4.700000000000000185e-03
1.260000000000000009e-02
6.999999999999999929e-04
2.900000000000000234e-03
2.000000000000000096e-04
3.070000000000000159e-02
4.000000000000000192e-04
2.730000000000000135e-02
1.000000000000000048e-04
8.200000000000000691e-03
6.999999999999999929e-04
1.300000000000000114e-02
2.000000000000000096e-04
4.300000000000000003e-03
1.000000000000000048e-04
2.900000000000000234e-03
6.999999999999999929e-04
1.700000000000000122e-03
3.000000000000000279e-04
9.300000000000000974e-03
8.000000000000000383e-04
2.910000000000000087e-02
6.999999999999999929e-04
4.000000000000000192e-04
9.000000000000000838e-04
4.000000000000000192e-04
3.000000000000000279e-04
1.510000000000000057e-02
2.000000000000000096e-04
1.630000000000000199e-02
1.399999999999999986e-03
2.869999999999999982e-02
5.000000000000000104e-04
1.500000000000000031e-03
3.000000000000000279e-04
8.000000000000000383e-04
3.000000000000000279e-04
4.000000000000000083e-03
3.000000000000000279e-04
1.800000000000000168e-03
4.000000000000000192e-04
1.300000000000000157e-03
4.000000000000000192e-04
7.500000000000000590e-03
4.000000000000000192e-04
1.700000000000000122e-03
1.000000000000000021e-03
8.329999999999999905e-02
4.000000000000000192e-04
3.500000000000000073e-03
8.000000000000000383e-04
8.099999999999999561e-03
6.999999999999999929e-04
2.670000000000000151e-02
2.000000000000000096e-04
2.320000000000000187e-02
4.000000000000000192e-04
1.580000000000000154e-02
4.000000000000000192e-04
2.310000000000000248e-02
8.000000000000000383e-04
1.820000000000000090e-02
4.000000000000000192e-04
5.630000000000000282e-02
2.000000000000000096e-04
8.210000000000000631e-02
4.000000000000000192e-04
1.399999999999999986e-03
1.000000000000000048e-04
8.800000000000000530e-03
3.000000000000000279e-04
8.600000000000000006e-03
1.300000000000000157e-03
2.400000000000000223e-03
2.000000000000000096e-04
6.000000000000000559e-04
2.000000000000000096e-04
8.400000000000001216e-03
5.000000000000000104e-04
3.000000000000000236e-02
2.000000000000000096e-04
4.300000000000000003e-03
2.000000000000000096e-04
6.000000000000000559e-04
3.000000000000000279e-04
6.000000000000000559e-04
9.000000000000000838e-04
1.570000000000000215e-02
6.000000000000000559e-04
4.300000000000000003e-03
3.000000000000000279e-04
6.599999999999999964e-03
2.000000000000000096e-04
2.100000000000000130e-02
3.000000000000000279e-04
6.200000000000000649e-03
4.000000000000000192e-04
1.000000000000000021e-03
3.000000000000000279e-04
4.000000000000000192e-04
3.000000000000000279e-04
1.050000000000000065e-02
4.000000000000000192e-04
2.400000000000000223e-03
8.000000000000000383e-04
9.000000000000000838e-04
4.000000000000000192e-04
3.099999999999999978e-02
3.000000000000000279e-04
4.180000000000000382e-02
2.000000000000000096e-04
2.100000000000000130e-02
2.000000000000000096e-04
4.300000000000000003e-03
9.000000000000000838e-04
1.899999999999999953e-02
1.100000000000000066e-03
2.600000000000000314e-03
1.700000000000000122e-03
6.800000000000000488e-03
5.000000000000000104e-04
1.460000000000000013e-02
1.000000000000000021e-03
6.150000000000000605e-02
5.000000000000000104e-04
6.100000000000000387e-03
3.000000000000000279e-04
2.299999999999999961e-03
5.000000000000000104e-04
2.900000000000000234e-03
8.700000000000001135e-03
2.700000000000000143e-03
3.000000000000000279e-04
4.189999999999999974e-02
6.000000000000000559e-04
7.300000000000000065e-03
3.000000000000000279e-04
1.140000000000000041e-02
1.500000000000000031e-03
4.000000000000000192e-04
1.000000000000000048e-04
1.110000000000000049e-02
2.000000000000000096e-04
1.500000000000000031e-03
1.800000000000000168e-03
2.000000000000000096e-04
3.000000000000000279e-04
1.400000000000000029e-02
1.000000000000000048e-04
5.000000000000000104e-04
3.200000000000000153e-03
1.100000000000000066e-03
4.000000000000000192e-04
4.100000000000000346e-03
1.500000000000000031e-03
4.000000000000000083e-03
2.000000000000000096e-04
1.200000000000000112e-03
9.000000000000000838e-04
6.000000000000000559e-04
3.000000000000000279e-04
8.000000000000000383e-04
6.999999999999999929e-04
5.000000000000000104e-04
1.300000000000000157e-03
1.800000000000000168e-03
4.000000000000000192e-04
9.000000000000000838e-04
5.000000000000000104e-04
2.799999999999999972e-03
3.000000000000000279e-04
3.799999999999999992e-03
2.000000000000000096e-04
2.100000000000000304e-03
1.000000000000000048e-04
4.000000000000000192e-04
6.000000000000000559e-04
3.799999999999999992e-03
4.000000000000000192e-04
5.300000000000000024e-03
3.000000000000000279e-04
4.700000000000000185e-03
5.000000000000000104e-04
1.000000000000000048e-04
6.000000000000000559e-04
9.000000000000000838e-04
2.799999999999999972e-03
5.100000000000000366e-03
6.999999999999999929e-04
4.100000000000000346e-03
5.000000000000000104e-04
4.599999999999999922e-03
3.000000000000000279e-04
1.399999999999999986e-03
4.000000000000000192e-04
6.999999999999999929e-04
5.000000000000000104e-04
2.500000000000000052e-03
3.000000000000000279e-04
9.000000000000000838e-04
3.000000000000000279e-04
5.599999999999999943e-03
2.000000000000000096e-04
5.000000000000000104e-04
3.000000000000000279e-04
6.800000000000000488e-03
3.500000000000000073e-03
1.370000000000000037e-02
8.000000000000000383e-04
2.250000000000000264e-02
8.000000000000000383e-04
2.160000000000000114e-02
3.000000000000000279e-04
5.190000000000000169e-02
3.000000000000000279e-04
1.500000000000000031e-03
5.000000000000000104e-04
1.260000000000000009e-02
9.000000000000000838e-04
9.199999999999999845e-03
1.000000000000000048e-04
5.800000000000000468e-03
5.000000000000000104e-04
3.000000000000000279e-04
2.000000000000000096e-04
5.000000000000000104e-04
5.000000000000000104e-04
1.149999999999999981e-02
2.000000000000000096e-04
5.300000000000000024e-03
6.999999999999999929e-04
1.010000000000000134e-02
5.000000000000000104e-04
1.399999999999999986e-03
3.000000000000000279e-04
1.750000000000000167e-02
3.500000000000000073e-03
4.100000000000000346e-03
4.000000000000000192e-04
9.260000000000000175e-02
6.000000000000000559e-04
3.799999999999999992e-03
4.000000000000000192e-04
2.200000000000000133e-03
6.999999999999999929e-04
3.000000000000000279e-04
3.000000000000000279e-04
2.799999999999999972e-03
3.000000000000000279e-04
7.000000000000000146e-03
1.000000000000000048e-04
2.799999999999999972e-03
5.000000000000000104e-04
6.500000000000000569e-03
2.000000000000000096e-04
2.000000000000000096e-04
4.000000000000000192e-04
1.130000000000000102e-02
5.000000000000000104e-04
4.500000000000000527e-03
5.000000000000000104e-04
3.000000000000000062e-03
3.000000000000000279e-04
2.299999999999999961e-02
3.000000000000000279e-04
4.690000000000000419e-02
2.000000000000000096e-04
1.070000000000000118e-02
3.000000000000000279e-04
9.000000000000000838e-04
3.000000000000000279e-04
9.799999999999999684e-03
6.000000000000000559e-04
8.800000000000000530e-03
1.000000000000000048e-04
3.070000000000000159e-02
5.000000000000000104e-04
3.640000000000000180e-02
3.000000000000000279e-04
2.799999999999999972e-03
2.000000000000000096e-04
4.910000000000000475e-02
6.999999999999999929e-04
2.110000000000000070e-02
6.000000000000000559e-04
4.120000000000000051e-02
8.000000000000000383e-04
1.680000000000000243e-02
4.000000000000000192e-04
9.199999999999999845e-03
4.000000000000000192e-04
5.500000000000000028e-02
4.000000000000000192e-04
4.000000000000000192e-04
6.000000000000000559e-04
3.000000000000000279e-04
4.400000000000000265e-03
4.019999999999999962e-02
1.700000000000000122e-03
2.179999999999999993e-02
3.000000000000000279e-04
2.500000000000000052e-03
1.000000000000000021e-03
8.500000000000000611e-03
3.000000000000000279e-04
6.999999999999999929e-04
6.000000000000000559e-04
6.000000000000000559e-04
3.000000000000000279e-04
1.050000000000000065e-02
4.000000000000000192e-04
1.430000000000000021e-02
4.000000000000000192e-04
7.100000000000000408e-03
4.000000000000000192e-04
1.470000000000000126e-02
6.000000000000000559e-04
2.000000000000000096e-04
5.000000000000000104e-04
8.000000000000000383e-04
4.000000000000000192e-04
1.040000000000000126e-02
2.000000000000000096e-04
2.639999999999999986e-02
3.000000000000000279e-04
4.200000000000000608e-03
2.000000000000000096e-04
6.740000000000000158e-02
1.000000000000000021e-03
1.000000000000000021e-03
1.200000000000000112e-03
2.000000000000000096e-04
2.200000000000000133e-03
2.170000000000000054e-02
5.000000000000000104e-04
1.080000000000000057e-02
6.999999999999999929e-04
2.280000000000000082e-02
4.000000000000000192e-04
6.339999999999999802e-02
1.000000000000000021e-03
1.040000000000000126e-02
3.000000000000000279e-04
7.400000000000000328e-03
6.999999999999999929e-04
1.899999999999999996e-03
5.000000000000000104e-04
9.700000000000000289e-03
4.000000000000000192e-04
1.149999999999999981e-02
3.000000000000000279e-04
2.600000000000000314e-03
5.000000000000000104e-04
1.119999999999999989e-02
3.000000000000000279e-04
5.400000000000000286e-03
1.200000000000000112e-03
1.220000000000000077e-02
1.000000000000000048e-04
1.130000000000000102e-02
1.700000000000000122e-03
6.300000000000000044e-03
6.000000000000000559e-04
1.720000000000000001e-02
6.300000000000000044e-03
3.000000000000000279e-04
5.000000000000000104e-04
4.200000000000000608e-03
4.000000000000000192e-04
3.000000000000000279e-04
4.000000000000000192e-04
2.200000000000000133e-03
2.000000000000000096e-04
5.400000000000000286e-03
5.000000000000000104e-04
2.600000000000000314e-03
6.000000000000000559e-04
6.000000000000000559e-04
6.000000000000000559e-04
2.430000000000000215e-02
5.000000000000000104e-04
1.729999999999999941e-02
6.999999999999999929e-04
2.900000000000000234e-03
1.000000000000000048e-04
4.000000000000000192e-04
5.000000000000000104e-04
7.300000000000000065e-03
3.000000000000000279e-04
2.740000000000000074e-02
6.000000000000000559e-04
1.600000000000000077e-03
6.999999999999999929e-04
2.500000000000000139e-02
2.000000000000000096e-04
5.899999999999999863e-03
4.700000000000000185e-03
1.260000000000000009e-02
6.999999999999999929e-04
2.900000000000000234e-03
2.000000000000000096e-04
3.070000000000000159e-02
4.000000000000000192e-04
2.730000000000000135e-02
1.000000000000000048e-04
8.200000000000000691e-03
6.000000000000000559e-04
1.300000000000000114e-02
3.000000000000000279e-04
4.300000000000000003e-03
1.000000000000000048e-04
2.900000000000000234e-03
6.999999999999999929e-04
1.700000000000000122e-03
3.000000000000000279e-04
9.300000000000000974e-03
8.000000000000000383e-04
2.910000000000000087e-02
6.999999999999999929e-04
4.000000000000000192e-04
9.000000000000000838e-04
4.000000000000000192e-04
3.000000000000000279e-04
1.500000000000000118e-02
3.000000000000000279e-04
1.630000000000000199e-02
1.399999999999999986e-03
2.860000000000000042e-02
6.000000000000000559e-04
1.500000000000000031e-03
3.000000000000000279e-04
8.000000000000000383e-04
3.000000000000000279e-04
4.000000000000000083e-03
3.000000000000000279e-04
1.800000000000000168e-03
4.000000000000000192e-04
1.300000000000000157e-03
4.000000000000000192e-04
7.500000000000000590e-03
4.000000000000000192e-04
1.700000000000000122e-03
1.000000000000000021e-03
8.329999999999999905e-02
4.000000000000000192e-04
3.500000000000000073e-03
8.000000000000000383e-04
8.099999999999999561e-03
6.999999999999999929e-04
2.670000000000000151e-02
2.000000000000000096e-04
2.310000000000000248e-02
5.000000000000000104e-04
1.580000000000000154e-02
4.000000000000000192e-04
2.310000000000000248e-02
6.999999999999999929e-04
1.830000000000000029e-02
3.000000000000000279e-04
5.640000000000000568e-02
2.000000000000000096e-04
8.210000000000000631e-02
4.000000000000000192e-04
1.399999999999999986e-03
1.000000000000000048e-04
8.800000000000000530e-03
3.000000000000000279e-04
8.600000000000000006e-03
1.300000000000000157e-03
2.400000000000000223e-03
2.000000000000000096e-04
5.000000000000000104e-04
3.000000000000000279e-04
8.400000000000001216e-03
5.000000000000000104e-04
3.000000000000000236e-02
2.000000000000000096e-04
4.300000000000000003e-03
2.000000000000000096e-04
6.000000000000000559e-04
3.000000000000000279e-04
6.000000000000000559e-04
9.000000000000000838e-04
1.570000000000000215e-02
6.000000000000000559e-04
4.300000000000000003e-03
2.000000000000000096e-04
6.700000000000000226e-03
2.000000000000000096e-04
2.100000000000000130e-02
3.000000000000000279e-04
6.200000000000000649e-03
4.000000000000000192e-04
1.000000000000000021e-03
3.000000000000000279e-04
4.000000000000000192e-04
3.000000000000000279e-04
1.050000000000000065e-02
4.000000000000000192e-04
2.400000000000000223e-03
8.000000000000000383e-04
9.000000000000000838e-04
4.000000000000000192e-04
3.099999999999999978e-02
3.000000000000000279e-04
4.180000000000000382e-02
2.000000000000000096e-04
2.100000000000000130e-02
2.000000000000000096e-04
4.300000000000000003e-03
9.000000000000000838e-04
1.899999999999999953e-02
1.100000000000000066e-03
2.600000000000000314e-03
1.700000000000000122e-03
6.800000000000000488e-03
5.000000000000000104e-04
1.450000000000000074e-02
1.100000000000000066e-03
6.150000000000000605e-02
5.000000000000000104e-04
6.100000000000000387e-03
3.000000000000000279e-04
2.200000000000000133e-03
5.000000000000000104e-04
3.000000000000000062e-03
8.700000000000001135e-03
2.700000000000000143e-03
3.000000000000000279e-04
4.189999999999999974e-02
6.000000000000000559e-04
7.300000000000000065e-03
3.000000000000000279e-04
1.140000000000000041e-02
1.500000000000000031e-03
4.000000000000000192e-04
1.000000000000000048e-04
1.100000000000000110e-02
3.000000000000000279e-04
1.500000000000000031e-03
1.800000000000000168e-03
2.000000000000000096e-04
2.000000000000000096e-04
1.410000000000000142e-02
1.000000000000000048e-04
5.000000000000000104e-04
3.200000000000000153e-03
1.100000000000000066e-03
4.000000000000000192e-04
4.100000000000000346e-03
1.500000000000000031e-03
4.000000000000000083e-03
2.000000000000000096e-04
1.200000000000000112e-03
9.000000000000000838e-04
6.000000000000000559e-04
3.000000000000000279e-04
8.000000000000000383e-04
6.999999999999999929e-04
5.000000000000000104e-04
1.300000000000000157e-03
1.800000000000000168e-03
4.000000000000000192e-04
9.000000000000000838e-04
5.000000000000000104e-04
2.799999999999999972e-03
3.000000000000000279e-04
3.700000000000000164e-03
3.000000000000000279e-04
2.100000000000000304e-03
1.000000000000000048e-04
4.000000000000000192e-04
5.000000000000000104e-04
3.900000000000000255e-03
4.000000000000000192e-04
5.300000000000000024e-03
3.000000000000000279e-04
4.700000000000000185e-03
5.000000000000000104e-04
1.000000000000000048e-04
6.000000000000000559e-04
9.000000000000000838e-04
2.799999999999999972e-03
5.100000000000000366e-03
6.999999999999999929e-04
4.100000000000000346e-03
5.000000000000000104e-04
4.599999999999999922e-03
3.000000000000000279e-04
1.399999999999999986e-03
4.000000000000000192e-04
6.999999999999999929e-04
5.000000000000000104e-04
2.500000000000000052e-03
3.000000000000000279e-04
9.000000000000000838e-04
3.000000000000000279e-04
5.500000000000000548e-03
3.000000000000000279e-04
5.000000000000000104e-04
2.000000000000000096e-04
6.900000000000000751e-03
3.500000000000000073e-03
1.370000000000000037e-02
8.000000000000000383e-04
2.250000000000000264e-02
8.000000000000000383e-04
2.160000000000000114e-02
3.000000000000000279e-04
5.190000000000000169e-02
3.000000000000000279e-04
1.399999999999999986e-03
6.000000000000000559e-04
1.260000000000000009e-02
9.000000000000000838e-04
9.199999999999999845e-03
1.000000000000000048e-04
5.800000000000000468e-03
5.000000000000000104e-04
3.000000000000000279e-04
1.000000000000000048e-04
6.000000000000000559e-04
5.000000000000000104e-04
1.149999999999999981e-02
2.000000000000000096e-04
5.300000000000000024e-03
6.999999999999999929e-04
1.010000000000000134e-02
5.000000000000000104e-04
1.399999999999999986e-03
3.000000000000000279e-04
1.750000000000000167e-02
3.500000000000000073e-03
4.100000000000000346e-03
4.000000000000000192e-04
9.260000000000000175e-02
6.000000000000000559e-04
3.799999999999999992e-03
4.000000000000000192e-04
2.200000000000000133e-03
6.000000000000000559e-04
4.000000000000000192e-04
3.000000000000000279e-04
2.799999999999999972e-03
3.000000000000000279e-04
6.900000000000000751e-03
2.000000000000000096e-04
2.799999999999999972e-03
5.000000000000000104e-04
6.500000000000000569e-03
2.000000000000000096e-04
2.000000000000000096e-04
3.000000000000000279e-04
1.140000000000000041e-02
5.000000000000000104e-04
4.500000000000000527e-03
5.000000000000000104e-04
3.000000000000000062e-03
3.000000000000000279e-04
2.299999999999999961e-02
3.000000000000000279e-04
4.690000000000000419e-02
2.000000000000000096e-04
1.070000000000000118e-02
3.000000000000000279e-04
9.000000000000000838e-04
3.000000000000000279e-04
9.799999999999999684e-03
6.000000000000000559e-04
8.700000000000001135e-03
2.000000000000000096e-04
3.070000000000000159e-02
5.000000000000000104e-04
3.629999999999999893e-02
4.000000000000000192e-04
2.799999999999999972e-03
1.000000000000000048e-04
4.920000000000000068e-02
6.999999999999999929e-04
2.110000000000000070e-02
6.000000000000000559e-04
4.120000000000000051e-02
8.000000000000000383e-04
1.680000000000000243e-02
3.000000000000000279e-04
9.300000000000000974e-03
4.000000000000000192e-04
5.500000000000000028e-02
4.000000000000000192e-04
4.000000000000000192e-04
6.000000000000000559e-04
2.000000000000000096e-04
4.500000000000000527e-03
4.019999999999999962e-02
1.700000000000000122e-03
2.170000000000000054e-02
3.000000000000000279e-04
2.600000000000000314e-03
9.000000000000000838e-04
8.600000000000000006e-03
2.000000000000000096e-04
8.000000000000000383e-04
6.000000000000000559e-04
6.000000000000000559e-04
3.000000000000000279e-04
1.050000000000000065e-02
4.000000000000000192e-04
1.430000000000000021e-02
3.000000000000000279e-04
7.200000000000000670e-03
4.000000000000000192e-04
1.470000000000000126e-02
6.000000000000000559e-04
2.000000000000000096e-04
5.000000000000000104e-04
8.000000000000000383e-04
4.000000000000000192e-04
1.040000000000000126e-02
2.000000000000000096e-04
2.639999999999999986e-02
3.000000000000000279e-04
4.200000000000000608e-03
2.000000000000000096e-04
6.740000000000000158e-02
9.000000000000000838e-04
1.100000000000000066e-03
1.100000000000000066e-03
3.000000000000000279e-04
2.200000000000000133e-03
2.170000000000000054e-02
5.000000000000000104e-04
1.080000000000000057e-02
6.000000000000000559e-04
2.290000000000000022e-02
4.000000000000000192e-04
4.599999999999999922e-03
1.000000000000000048e-04
5.870000000000000218e-02
1.000000000000000021e-03
1.040000000000000126e-02
3.000000000000000279e-04
7.400000000000000328e-03
6.999999999999999929e-04
1.899999999999999996e-03
4.000000000000000192e-04
9.799999999999999684e-03
3.000000000000000279e-04
1.160000000000000094e-02
3.000000000000000279e-04
2.600000000000000314e-03
5.000000000000000104e-04
1.119999999999999989e-02
3.000000000000000279e-04
5.400000000000000286e-03
1.200000000000000112e-03
2.359999999999999945e-02
1.700000000000000122e-03
6.300000000000000044e-03
6.000000000000000559e-04
1.720000000000000001e-02
6.300000000000000044e-03
3.000000000000000279e-04
4.000000000000000192e-04
4.300000000000000003e-03
4.000000000000000192e-04
3.000000000000000279e-04
4.000000000000000192e-04
2.200000000000000133e-03
2.000000000000000096e-04
5.400000000000000286e-03
4.000000000000000192e-04
2.700000000000000143e-03
6.000000000000000559e-04
6.000000000000000559e-04
5.000000000000000104e-04
2.440000000000000155e-02
5.000000000000000104e-04
1.729999999999999941e-02
6.999999999999999929e-04
2.799999999999999972e-03
2.000000000000000096e-04
4.000000000000000192e-04
5.000000000000000104e-04
7.300000000000000065e-03
3.000000000000000279e-04
2.730000000000000135e-02
6.999999999999999929e-04
1.600000000000000077e-03
6.999999999999999929e-04
2.500000000000000139e-02
2.000000000000000096e-04
5.800000000000000468e-03
4.800000000000000447e-03
1.260000000000000009e-02
6.999999999999999929e-04
2.900000000000000234e-03
2.000000000000000096e-04
3.070000000000000159e-02
4.000000000000000192e-04
2.730000000000000135e-02
1.000000000000000048e-04
8.200000000000000691e-03
6.000000000000000559e-04
1.300000000000000114e-02
3.000000000000000279e-04
4.300000000000000003e-03
1.000000000000000048e-04
2.799999999999999972e-03
6.999999999999999929e-04
1.700000000000000122e-03
4.000000000000000192e-04
9.300000000000000974e-03
8.000000000000000383e-04
2.900000000000000147e-02
8.000000000000000383e-04
4.000000000000000192e-04
9.000000000000000838e-04
4.000000000000000192e-04
3.000000000000000279e-04
1.500000000000000118e-02
3.000000000000000279e-04
1.630000000000000199e-02
1.300000000000000157e-03
2.869999999999999982e-02
6.000000000000000559e-04
1.399999999999999986e-03
4.000000000000000192e-04
6.999999999999999929e-04
4.000000000000000192e-04
4.000000000000000083e-03
3.000000000000000279e-04
1.800000000000000168e-03
4.000000000000000192e-04
1.300000000000000157e-03
4.000000000000000192e-04
7.500000000000000590e-03
4.000000000000000192e-04
1.700000000000000122e-03
1.000000000000000021e-03
8.329999999999999905e-02
4.000000000000000192e-04
3.500000000000000073e-03
8.000000000000000383e-04
8.099999999999999561e-03
6.999999999999999929e-04
2.660000000000000211e-02
3.000000000000000279e-04
2.310000000000000248e-02
5.000000000000000104e-04
1.580000000000000154e-02
4.000000000000000192e-04
2.310000000000000248e-02
6.999999999999999929e-04
1.830000000000000029e-02
3.000000000000000279e-04
5.640000000000000568e-02
2.000000000000000096e-04
8.210000000000000631e-02
4.000000000000000192e-04
1.399999999999999986e-03
1.000000000000000048e-04
8.800000000000000530e-03
2.000000000000000096e-04
8.700000000000001135e-03
1.300000000000000157e-03
2.400000000000000223e-03
2.000000000000000096e-04
3.000000000000000279e-04
1.000000000000000048e-04
1.000000000000000048e-04
3.000000000000000279e-04
8.400000000000001216e-03
5.000000000000000104e-04
3.000000000000000236e-02
2.000000000000000096e-04
4.300000000000000003e-03
2.000000000000000096e-04
5.000000000000000104e-04
4.000000000000000192e-04
6.000000000000000559e-04
9.000000000000000838e-04
1.570000000000000215e-02
6.000000000000000559e-04
4.200000000000000608e-03
3.000000000000000279e-04
6.700000000000000226e-03
2.000000000000000096e-04
2.100000000000000130e-02
2.000000000000000096e-04
6.200000000000000649e-03
5.000000000000000104e-04
1.000000000000000021e-03
3.000000000000000279e-04
4.000000000000000192e-04
3.000000000000000279e-04
1.050000000000000065e-02
4.000000000000000192e-04
2.400000000000000223e-03
8.000000000000000383e-04
9.000000000000000838e-04
4.000000000000000192e-04
3.099999999999999978e-02
3.000000000000000279e-04
4.180000000000000382e-02
2.000000000000000096e-04
2.100000000000000130e-02
1.000000000000000048e-04
4.400000000000000265e-03
8.000000000000000383e-04
1.910000000000000239e-02
1.100000000000000066e-03
2.600000000000000314e-03
1.700000000000000122e-03
6.800000000000000488e-03
5.000000000000000104e-04
1.450000000000000074e-02
1.100000000000000066e-03
6.150000000000000605e-02
5.000000000000000104e-04
6.100000000000000387e-03
3.000000000000000279e-04
2.200000000000000133e-03
5.000000000000000104e-04
3.000000000000000062e-03
8.700000000000001135e-03
2.700000000000000143e-03
3.000000000000000279e-04
4.189999999999999974e-02
6.000000000000000559e-04
7.300000000000000065e-03
3.000000000000000279e-04
1.140000000000000041e-02
1.500000000000000031e-03
4.000000000000000192e-04
1.000000000000000048e-04
1.100000000000000110e-02
3.000000000000000279e-04
1.500000000000000031e-03
1.800000000000000168e-03
2.000000000000000096e-04
2.000000000000000096e-04
1.410000000000000142e-02
1.000000000000000048e-04
5.000000000000000104e-04
3.200000000000000153e-03
1.100000000000000066e-03
4.000000000000000192e-04
4.000000000000000083e-03
1.600000000000000077e-03
4.000000000000000083e-03
1.000000000000000048e-04
1.300000000000000157e-03
9.000000000000000838e-04
6.000000000000000559e-04
3.000000000000000279e-04
6.999999999999999929e-04
8.000000000000000383e-04
5.000000000000000104e-04
1.300000000000000157e-03
1.800000000000000168e-03
4.000000000000000192e-04
9.000000000000000838e-04
5.000000000000000104e-04
2.799999999999999972e-03
3.000000000000000279e-04
3.700000000000000164e-03
3.000000000000000279e-04
2.100000000000000304e-03
1.000000000000000048e-04
4.000000000000000192e-04
5.000000000000000104e-04
3.900000000000000255e-03
4.000000000000000192e-04
5.300000000000000024e-03
3.000000000000000279e-04
4.700000000000000185e-03
5.000000000000000104e-04
1.000000000000000048e-04
6.000000000000000559e-04
9.000000000000000838e-04
2.700000000000000143e-03
5.200000000000000629e-03
6.999999999999999929e-04
4.100000000000000346e-03
5.000000000000000104e-04
4.599999999999999922e-03
3.000000000000000279e-04
1.399999999999999986e-03
4.000000000000000192e-04
6.999999999999999929e-04
5.000000000000000104e-04
2.500000000000000052e-03
2.000000000000000096e-04
1.000000000000000021e-03
3.000000000000000279e-04
5.500000000000000548e-03
3.000000000000000279e-04
5.000000000000000104e-04
2.000000000000000096e-04
6.900000000000000751e-03
3.500000000000000073e-03
1.370000000000000037e-02
6.999999999999999929e-04
2.260000000000000203e-02
6.999999999999999929e-04
2.170000000000000054e-02
3.000000000000000279e-04
5.190000000000000169e-02
3.000000000000000279e-04
1.399999999999999986e-03
6.000000000000000559e-04
1.260000000000000009e-02
9.000000000000000838e-04
9.100000000000000450e-03
2.000000000000000096e-04
5.800000000000000468e-03
5.000000000000000104e-04
3.000000000000000279e-04
1.000000000000000048e-04
6.000000000000000559e-04
5.000000000000000104e-04
1.140000000000000041e-02
3.000000000000000279e-04
5.300000000000000024e-03
6.999999999999999929e-04
1.010000000000000134e-02
5.000000000000000104e-04
1.399999999999999986e-03
3.000000000000000279e-04
1.750000000000000167e-02
3.500000000000000073e-03
4.100000000000000346e-03
4.000000000000000192e-04
9.260000000000000175e-02
6.000000000000000559e-04
3.700000000000000164e-03
5.000000000000000104e-04
2.200000000000000133e-03
6.000000000000000559e-04
4.000000000000000192e-04
3.000000000000000279e-04
2.700000000000000143e-03
4.000000000000000192e-04
3.500000000000000073e-03
1.000000000000000048e-04
3.299999999999999982e-03
2.000000000000000096e-04
2.799999999999999972e-03
4.000000000000000192e-04
6.599999999999999964e-03
2.000000000000000096e-04
1.000000000000000048e-04
4.000000000000000192e-04
1.130000000000000102e-02
6.000000000000000559e-04
4.500000000000000527e-03
5.000000000000000104e-04
3.000000000000000062e-03
3.000000000000000279e-04
2.299999999999999961e-02
3.000000000000000279e-04
4.690000000000000419e-02
2.000000000000000096e-04
1.070000000000000118e-02
3.000000000000000279e-04
9.000000000000000838e-04
3.000000000000000279e-04
9.799999999999999684e-03
6.000000000000000559e-04
8.700000000000001135e-03
2.000000000000000096e-04
3.070000000000000159e-02
5.000000000000000104e-04
3.629999999999999893e-02
4.000000000000000192e-04
2.799999999999999972e-03
1.000000000000000048e-04
4.920000000000000068e-02
6.999999999999999929e-04
2.100000000000000130e-02
6.999999999999999929e-04
4.120000000000000051e-02
6.999999999999999929e-04
1.690000000000000183e-02
3.000000000000000279e-04
9.300000000000000974e-03
4.000000000000000192e-04
5.500000000000000028e-02
4.000000000000000192e-04
4.000000000000000192e-04
6.000000000000000559e-04
2.000000000000000096e-04
4.500000000000000527e-03
4.019999999999999962e-02
1.700000000000000122e-03
2.170000000000000054e-02
3.000000000000000279e-04
2.500000000000000052e-03
1.000000000000000021e-03
8.500000000000000611e-03
3.000000000000000279e-04
8.000000000000000383e-04
6.000000000000000559e-04
6.000000000000000559e-04
3.000000000000000279e-04
1.050000000000000065e-02
4.000000000000000192e-04
1.430000000000000021e-02
3.000000000000000279e-04
7.100000000000000408e-03
5.000000000000000104e-04
1.470000000000000126e-02
6.000000000000000559e-04
2.000000000000000096e-04
5.000000000000000104e-04
8.000000000000000383e-04
4.000000000000000192e-04
1.040000000000000126e-02
1.000000000000000048e-04
2.650000000000000272e-02
3.000000000000000279e-04
4.200000000000000608e-03
2.000000000000000096e-04
6.740000000000000158e-02
9.000000000000000838e-04
1.100000000000000066e-03
1.100000000000000066e-03
3.000000000000000279e-04
2.200000000000000133e-03
2.170000000000000054e-02
4.000000000000000192e-04
1.089999999999999997e-02
6.000000000000000559e-04
2.290000000000000022e-02
4.000000000000000192e-04
4.599999999999999922e-03
1.000000000000000048e-04
5.870000000000000218e-02
1.000000000000000021e-03
1.040000000000000126e-02
3.000000000000000279e-04
7.400000000000000328e-03
6.999999999999999929e-04
1.899999999999999996e-03
4.000000000000000192e-04
9.799999999999999684e-03
3.000000000000000279e-04
1.160000000000000094e-02
3.000000000000000279e-04
2.600000000000000314e-03
5.000000000000000104e-04
1.119999999999999989e-02
3.000000000000000279e-04
5.400000000000000286e-03
1.200000000000000112e-03
1.210000000000000138e-02
1.000000000000000048e-04
1.140000000000000041e-02
1.700000000000000122e-03
6.300000000000000044e-03
5.000000000000000104e-04
1.729999999999999941e-02
6.300000000000000044e-03
3.000000000000000279e-04
4.000000000000000192e-04
4.300000000000000003e-03
4.000000000000000192e-04
2.000000000000000096e-04
5.000000000000000104e-04
2.200000000000000133e-03
2.000000000000000096e-04
5.400000000000000286e-03
4.000000000000000192e-04
2.700000000000000143e-03
6.000000000000000559e-04
6.000000000000000559e-04
5.000000000000000104e-04
2.440000000000000155e-02
5.000000000000000104e-04
1.729999999999999941e-02
6.999999999999999929e-04
2.799999999999999972e-03
2.000000000000000096e-04
4.000000000000000192e-04
5.000000000000000104e-04
7.300000000000000065e-03
3.000000000000000279e-04
2.730000000000000135e-02
6.999999999999999929e-04
1.600000000000000077e-03
6.999999999999999929e-04
2.490000000000000199e-02
3.000000000000000279e-04
5.800000000000000468e-03
4.800000000000000447e-03
1.260000000000000009e-02
6.000000000000000559e-04
3.000000000000000062e-03
2.000000000000000096e-04
3.060000000000000220e-02
5.000000000000000104e-04
2.730000000000000135e-02
1.000000000000000048e-04
8.200000000000000691e-03
6.000000000000000559e-04
1.300000000000000114e-02
3.000000000000000279e-04
4.300000000000000003e-03
1.000000000000000048e-04
2.799999999999999972e-03
6.999999999999999929e-04
1.700000000000000122e-03
4.000000000000000192e-04
9.300000000000000974e-03
6.999999999999999929e-04
2.910000000000000087e-02
6.999999999999999929e-04
5.000000000000000104e-04
9.000000000000000838e-04
4.000000000000000192e-04
3.000000000000000279e-04
1.500000000000000118e-02
3.000000000000000279e-04
1.630000000000000199e-02
1.300000000000000157e-03
2.869999999999999982e-02
6.000000000000000559e-04
1.399999999999999986e-03
4.000000000000000192e-04
6.999999999999999929e-04
4.000000000000000192e-04
4.000000000000000083e-03
3.000000000000000279e-04
1.800000000000000168e-03
4.000000000000000192e-04
1.300000000000000157e-03
3.000000000000000279e-04
7.599999999999999985e-03
4.000000000000000192e-04
1.700000000000000122e-03
1.000000000000000021e-03
8.329999999999999905e-02
3.000000000000000279e-04
3.600000000000000335e-03
8.000000000000000383e-04
8.099999999999999561e-03
6.999999999999999929e-04
2.660000000000000211e-02
2.000000000000000096e-04
2.320000000000000187e-02
5.000000000000000104e-04
1.580000000000000154e-02
4.000000000000000192e-04
2.310000000000000248e-02
6.999999999999999929e-04
1.820000000000000090e-02
4.000000000000000192e-04
5.640000000000000568e-02
2.000000000000000096e-04
8.200000000000000344e-02
5.000000000000000104e-04
1.300000000000000157e-03
2.000000000000000096e-04
8.800000000000000530e-03
2.000000000000000096e-04
8.700000000000001135e-03
1.300000000000000157e-03
2.299999999999999961e-03
3.000000000000000279e-04
5.000000000000000104e-04
3.000000000000000279e-04
8.400000000000001216e-03
5.000000000000000104e-04
3.000000000000000236e-02
2.000000000000000096e-04
4.300000000000000003e-03
2.000000000000000096e-04
5.000000000000000104e-04
3.000000000000000279e-04
6.999999999999999929e-04
9.000000000000000838e-04
1.570000000000000215e-02
6.000000000000000559e-04
4.200000000000000608e-03
3.000000000000000279e-04
6.599999999999999964e-03
2.000000000000000096e-04
2.110000000000000070e-02
2.000000000000000096e-04
6.200000000000000649e-03
5.000000000000000104e-04
1.000000000000000021e-03
3.000000000000000279e-04
4.000000000000000192e-04
2.000000000000000096e-04
1.060000000000000005e-02
4.000000000000000192e-04
2.400000000000000223e-03
8.000000000000000383e-04
8.000000000000000383e-04
5.000000000000000104e-04
3.099999999999999978e-02
3.000000000000000279e-04
4.170000000000000095e-02
3.000000000000000279e-04
2.100000000000000130e-02
1.000000000000000048e-04
4.400000000000000265e-03
8.000000000000000383e-04
1.910000000000000239e-02
1.100000000000000066e-03
2.600000000000000314e-03
1.700000000000000122e-03
6.800000000000000488e-03
5.000000000000000104e-04
1.450000000000000074e-02
1.100000000000000066e-03
6.150000000000000605e-02
5.000000000000000104e-04
6.100000000000000387e-03
3.000000000000000279e-04
2.200000000000000133e-03
5.000000000000000104e-04
2.900000000000000234e-03
8.700000000000001135e-03
2.799999999999999972e-03
3.000000000000000279e-04
4.189999999999999974e-02
6.000000000000000559e-04
7.300000000000000065e-03
3.000000000000000279e-04
1.140000000000000041e-02
1.399999999999999986e-03
5.000000000000000104e-04
1.000000000000000048e-04
1.100000000000000110e-02
3.000000000000000279e-04
1.500000000000000031e-03
1.800000000000000168e-03
2.000000000000000096e-04
2.000000000000000096e-04
1.410000000000000142e-02
1.000000000000000048e-04
5.000000000000000104e-04
3.200000000000000153e-03
1.100000000000000066e-03
4.000000000000000192e-04
4.000000000000000083e-03
1.600000000000000077e-03
4.000000000000000083e-03
1.000000000000000048e-04
1.200000000000000112e-03
1.000000000000000021e-03
5.000000000000000104e-04
4.000000000000000192e-04
6.999999999999999929e-04
8.000000000000000383e-04
5.000000000000000104e-04
1.300000000000000157e-03
1.700000000000000122e-03
5.000000000000000104e-04
9.000000000000000838e-04
5.000000000000000104e-04
2.700000000000000143e-03
3.000000000000000279e-04
3.799999999999999992e-03
3.000000000000000279e-04
2.100000000000000304e-03
1.000000000000000048e-04
4.000000000000000192e-04
5.000000000000000104e-04
3.900000000000000255e-03
4.000000000000000192e-04
5.300000000000000024e-03
3.000000000000000279e-04
4.700000000000000185e-03
5.000000000000000104e-04
1.000000000000000048e-04
6.000000000000000559e-04
9.000000000000000838e-04
2.700000000000000143e-03
5.200000000000000629e-03
6.999999999999999929e-04
4.100000000000000346e-03
5.000000000000000104e-04
4.599999999999999922e-03
3.000000000000000279e-04
1.399999999999999986e-03
4.000000000000000192e-04
6.999999999999999929e-04
5.000000000000000104e-04
2.500000000000000052e-03
2.000000000000000096e-04
1.000000000000000021e-03
3.000000000000000279e-04
5.500000000000000548e-03
2.000000000000000096e-04
6.000000000000000559e-04
2.000000000000000096e-04
6.900000000000000751e-03
3.500000000000000073e-03
1.370000000000000037e-02
6.999999999999999929e-04
2.260000000000000203e-02
6.999999999999999929e-04
2.170000000000000054e-02
3.000000000000000279e-04
5.190000000000000169e-02
3.000000000000000279e-04
1.399999999999999986e-03
5.000000000000000104e-04
1.270000000000000122e-02
9.000000000000000838e-04
9.100000000000000450e-03
2.000000000000000096e-04
5.800000000000000468e-03
5.000000000000000104e-04
3.000000000000000279e-04
1.000000000000000048e-04
6.000000000000000559e-04
5.000000000000000104e-04
1.140000000000000041e-02
3.000000000000000279e-04
5.300000000000000024e-03
6.999999999999999929e-04
1.010000000000000134e-02
5.000000000000000104e-04
1.399999999999999986e-03
3.000000000000000279e-04
1.750000000000000167e-02
3.500000000000000073e-03
4.100000000000000346e-03
4.000000000000000192e-04
9.260000000000000175e-02
6.000000000000000559e-04
3.700000000000000164e-03
5.000000000000000104e-04
2.200000000000000133e-03
6.000000000000000559e-04
4.000000000000000192e-04
3.000000000000000279e-04
2.700000000000000143e-03
4.000000000000000192e-04
3.500000000000000073e-03
1.000000000000000048e-04
3.299999999999999982e-03
2.000000000000000096e-04
2.799999999999999972e-03
4.000000000000000192e-04
6.599999999999999964e-03
2.000000000000000096e-04
1.000000000000000048e-04
4.000000000000000192e-04
1.130000000000000102e-02
6.000000000000000559e-04
4.400000000000000265e-03
6.000000000000000559e-04
3.000000000000000062e-03
3.000000000000000279e-04
2.299999999999999961e-02
2.000000000000000096e-04
4.700000000000000011e-02
2.000000000000000096e-04
1.070000000000000118e-02
3.000000000000000279e-04
9.000000000000000838e-04
3.000000000000000279e-04
9.799999999999999684e-03
5.000000000000000104e-04
8.800000000000000530e-03
2.000000000000000096e-04
3.070000000000000159e-02
4.000000000000000192e-04
3.640000000000000180e-02
4.000000000000000192e-04
2.700000000000000143e-03
2.000000000000000096e-04
4.920000000000000068e-02
6.999999999999999929e-04
2.100000000000000130e-02
6.999999999999999929e-04
4.120000000000000051e-02
6.999999999999999929e-04
1.690000000000000183e-02
3.000000000000000279e-04
9.300000000000000974e-03
4.000000000000000192e-04
5.490000000000000435e-02
4.000000000000000192e-04
5.000000000000000104e-04
6.000000000000000559e-04
2.000000000000000096e-04
4.500000000000000527e-03
4.019999999999999962e-02
1.700000000000000122e-03
2.170000000000000054e-02
3.000000000000000279e-04
2.500000000000000052e-03
1.000000000000000021e-03
8.500000000000000611e-03
3.000000000000000279e-04
6.999999999999999929e-04
6.000000000000000559e-04
6.999999999999999929e-04
2.000000000000000096e-04
1.060000000000000005e-02
4.000000000000000192e-04
1.430000000000000021e-02
3.000000000000000279e-04
7.100000000000000408e-03
5.000000000000000104e-04
1.470000000000000126e-02
6.000000000000000559e-04
2.000000000000000096e-04
5.000000000000000104e-04
8.000000000000000383e-04
4.000000000000000192e-04
1.040000000000000126e-02
1.000000000000000048e-04
2.650000000000000272e-02
3.000000000000000279e-04
4.200000000000000608e-03
2.000000000000000096e-04
6.740000000000000158e-02
9.000000000000000838e-04
1.100000000000000066e-03
1.100000000000000066e-03
3.000000000000000279e-04
2.200000000000000133e-03
2.170000000000000054e-02
4.000000000000000192e-04
1.089999999999999997e-02
6.000000000000000559e-04
2.290000000000000022e-02
4.000000000000000192e-04
4.599999999999999922e-03
1.000000000000000048e-04
5.870000000000000218e-02
1.000000000000000021e-03
1.040000000000000126e-02
3.000000000000000279e-04
7.400000000000000328e-03
6.999999999999999929e-04
1.899999999999999996e-03
4.000000000000000192e-04
9.799999999999999684e-03
3.000000000000000279e-04
1.160000000000000094e-02
2.000000000000000096e-04
2.700000000000000143e-03
5.000000000000000104e-04
1.119999999999999989e-02
3.000000000000000279e-04
5.400000000000000286e-03
1.200000000000000112e-03
1.210000000000000138e-02
1.000000000000000048e-04
1.130000000000000102e-02
1.800000000000000168e-03
6.300000000000000044e-03
5.000000000000000104e-04
1.729999999999999941e-02
6.300000000000000044e-03
3.000000000000000279e-04
4.000000000000000192e-04
4.300000000000000003e-03
4.000000000000000192e-04
2.000000000000000096e-04
5.000000000000000104e-04
2.200000000000000133e-03
2.000000000000000096e-04
5.300000000000000024e-03
5.000000000000000104e-04
2.700000000000000143e-03
6.000000000000000559e-04
6.000000000000000559e-04
5.000000000000000104e-04
2.440000000000000155e-02
5.000000000000000104e-04
1.720000000000000001e-02
6.999999999999999929e-04
2.900000000000000234e-03
2.000000000000000096e-04
4.000000000000000192e-04
5.000000000000000104e-04
7.300000000000000065e-03
3.000000000000000279e-04
2.730000000000000135e-02
6.999999999999999929e-04
1.600000000000000077e-03
6.999999999999999929e-04
2.490000000000000199e-02
3.000000000000000279e-04
5.800000000000000468e-03
4.800000000000000447e-03
1.260000000000000009e-02
6.000000000000000559e-04
3.000000000000000062e-03
2.000000000000000096e-04
3.060000000000000220e-02
5.000000000000000104e-04
2.730000000000000135e-02
1.000000000000000048e-04
8.200000000000000691e-03
6.000000000000000559e-04
1.300000000000000114e-02
3.000000000000000279e-04
4.300000000000000003e-03
1.000000000000000048e-04
2.799999999999999972e-03
6.999999999999999929e-04
1.700000000000000122e-03
4.000000000000000192e-04
9.300000000000000974e-03
6.999999999999999929e-04
2.910000000000000087e-02
6.999999999999999929e-04
4.000000000000000192e-04
1.000000000000000021e-03
4.000000000000000192e-04
3.000000000000000279e-04
1.500000000000000118e-02
3.000000000000000279e-04
1.630000000000000199e-02
1.300000000000000157e-03
2.869999999999999982e-02
6.000000000000000559e-04
1.399999999999999986e-03
4.000000000000000192e-04
6.999999999999999929e-04
4.000000000000000192e-04
4.000000000000000083e-03
3.000000000000000279e-04
1.800000000000000168e-03
4.000000000000000192e-04
1.300000000000000157e-03
3.000000000000000279e-04
7.599999999999999985e-03
4.000000000000000192e-04
1.700000000000000122e-03
9.000000000000000838e-04
8.340000000000000191e-02
3.000000000000000279e-04
3.600000000000000335e-03
8.000000000000000383e-04
8.099999999999999561e-03
6.999999999999999929e-04
2.660000000000000211e-02
2.000000000000000096e-04
2.320000000000000187e-02
5.000000000000000104e-04
1.580000000000000154e-02
4.000000000000000192e-04
2.299999999999999961e-02
8.000000000000000383e-04
1.820000000000000090e-02
4.000000000000000192e-04
5.640000000000000568e-02
2.000000000000000096e-04
8.200000000000000344e-02
5.000000000000000104e-04
1.300000000000000157e-03
2.000000000000000096e-04
8.800000000000000530e-03
2.000000000000000096e-04
8.600000000000000006e-03
1.399999999999999986e-03
2.299999999999999961e-03
3.000000000000000279e-04
3.000000000000000279e-04
1.000000000000000048e-04
1.000000000000000048e-04
3.000000000000000279e-04
8.300000000000000086e-03
6.000000000000000559e-04
3.000000000000000236e-02
2.000000000000000096e-04
4.200000000000000608e-03
3.000000000000000279e-04
5.000000000000000104e-04
3.000000000000000279e-04
6.999999999999999929e-04
9.000000000000000838e-04
1.570000000000000215e-02
6.000000000000000559e-04
4.200000000000000608e-03
3.000000000000000279e-04
6.599999999999999964e-03
2.000000000000000096e-04
2.110000000000000070e-02
2.000000000000000096e-04
6.200000000000000649e-03
5.000000000000000104e-04
1.000000000000000021e-03
3.000000000000000279e-04
4.000000000000000192e-04
2.000000000000000096e-04
1.060000000000000005e-02
4.000000000000000192e-04
2.299999999999999961e-03
9.000000000000000838e-04
8.000000000000000383e-04
4.000000000000000192e-04
3.110000000000000264e-02
3.000000000000000279e-04
4.170000000000000095e-02
3.000000000000000279e-04
2.100000000000000130e-02
1.000000000000000048e-04
4.400000000000000265e-03
8.000000000000000383e-04
1.910000000000000239e-02
1.000000000000000021e-03
2.700000000000000143e-03
1.700000000000000122e-03
6.800000000000000488e-03
5.000000000000000104e-04
1.450000000000000074e-02
1.100000000000000066e-03
6.150000000000000605e-02
5.000000000000000104e-04
6.100000000000000387e-03
3.000000000000000279e-04
2.200000000000000133e-03
5.000000000000000104e-04
2.900000000000000234e-03
8.700000000000001135e-03
2.799999999999999972e-03
3.000000000000000279e-04
4.180000000000000382e-02
6.999999999999999929e-04
7.300000000000000065e-03
3.000000000000000279e-04
1.130000000000000102e-02
1.500000000000000031e-03
5.000000000000000104e-04
1.000000000000000048e-04
1.100000000000000110e-02
3.000000000000000279e-04
1.500000000000000031e-03
1.800000000000000168e-03
2.000000000000000096e-04
2.000000000000000096e-04
1.410000000000000142e-02
1.000000000000000048e-04
5.000000000000000104e-04
3.200000000000000153e-03
1.000000000000000021e-03
5.000000000000000104e-04
4.000000000000000083e-03
1.600000000000000077e-03
4.000000000000000083e-03
1.000000000000000048e-04
1.200000000000000112e-03
1.000000000000000021e-03
5.000000000000000104e-04
4.000000000000000192e-04
6.999999999999999929e-04
8.000000000000000383e-04
5.000000000000000104e-04
1.300000000000000157e-03
1.700000000000000122e-03
5.000000000000000104e-04
9.000000000000000838e-04
5.000000000000000104e-04
2.700000000000000143e-03
3.000000000000000279e-04
3.799999999999999992e-03
3.000000000000000279e-04
2.100000000000000304e-03
1.000000000000000048e-04
4.000000000000000192e-04
5.000000000000000104e-04
3.900000000000000255e-03
4.000000000000000192e-04
5.300000000000000024e-03
3.000000000000000279e-04
4.700000000000000185e-03
5.000000000000000104e-04
1.000000000000000048e-04
5.000000000000000104e-04
9.000000000000000838e-04
2.799999999999999972e-03
5.200000000000000629e-03
6.999999999999999929e-04
4.100000000000000346e-03
5.000000000000000104e-04
4.500000000000000527e-03
4.000000000000000192e-04
1.300000000000000157e-03
5.000000000000000104e-04
6.999999999999999929e-04
5.000000000000000104e-04
2.500000000000000052e-03
2.000000000000000096e-04
1.000000000000000021e-03
3.000000000000000279e-04
5.500000000000000548e-03
2.000000000000000096e-04
6.000000000000000559e-04
2.000000000000000096e-04
6.900000000000000751e-03
3.500000000000000073e-03
1.370000000000000037e-02
6.999999999999999929e-04
2.260000000000000203e-02
6.999999999999999929e-04
2.170000000000000054e-02
3.000000000000000279e-04
5.180000000000000576e-02
4.000000000000000192e-04
1.399999999999999986e-03
5.000000000000000104e-04
1.270000000000000122e-02
8.000000000000000383e-04
9.199999999999999845e-03
2.000000000000000096e-04
5.800000000000000468e-03
4.000000000000000192e-04
4.000000000000000192e-04
1.000000000000000048e-04
6.000000000000000559e-04
5.000000000000000104e-04
1.140000000000000041e-02
3.000000000000000279e-04
5.300000000000000024e-03
6.999999999999999929e-04
1.010000000000000134e-02
4.000000000000000192e-04
1.500000000000000031e-03
3.000000000000000279e-04
1.750000000000000167e-02
3.500000000000000073e-03
4.100000000000000346e-03
4.000000000000000192e-04
9.260000000000000175e-02
6.000000000000000559e-04
3.700000000000000164e-03
5.000000000000000104e-04
2.200000000000000133e-03
6.000000000000000559e-04
4.000000000000000192e-04
2.000000000000000096e-04
2.799999999999999972e-03
4.000000000000000192e-04
3.500000000000000073e-03
1.000000000000000048e-04
3.299999999999999982e-03
2.000000000000000096e-04
2.799999999999999972e-03
4.000000000000000192e-04
6.599999999999999964e-03
2.000000000000000096e-04
1.000000000000000048e-04
4.000000000000000192e-04
1.130000000000000102e-02
6.000000000000000559e-04
4.400000000000000265e-03
6.000000000000000559e-04
3.000000000000000062e-03
2.000000000000000096e-04
2.310000000000000248e-02
2.000000000000000096e-04
4.690000000000000419e-02
3.000000000000000279e-04
1.070000000000000118e-02
2.000000000000000096e-04
1.000000000000000021e-03
2.000000000000000096e-04
9.900000000000000813e-03
5.000000000000000104e-04
8.800000000000000530e-03
2.000000000000000096e-04
3.060000000000000220e-02
5.000000000000000104e-04
3.640000000000000180e-02
4.000000000000000192e-04
2.700000000000000143e-03
2.000000000000000096e-04
4.920000000000000068e-02
6.999999999999999929e-04
2.100000000000000130e-02
6.999999999999999929e-04
4.120000000000000051e-02
6.999999999999999929e-04
1.690000000000000183e-02
3.000000000000000279e-04
9.300000000000000974e-03
3.000000000000000279e-04
